Title: Gale2013MORB-4

liquid_0 thermodynamic data and composition:
Pressure Temperature mass S H V Cp viscosity SiO2 TiO2 Al2O3 Fe2O3 FeO MnO MgO CaO Na2O K2O P2O5 Mg#
5000.00 1573.15 100.129935 275.770253 -1198079.289018 36.697101 150.209250 2.100 51.2441 1.58657 15.631 1.2952 8.36672 0.173643 7.94368 10.8061 2.63328 0.158966 0.160698 62.9
5000.00 1568.15 100.130072 275.292375 -1198832.295175 36.684787 150.209955 2.121 51.244 1.58657 15.631 1.29657 8.36548 0.173642 7.94367 10.8061 2.63327 0.158965 0.160697 62.9
5000.00 1563.15 100.130215 274.812976 -1199585.378748 36.672476 150.210684 2.141 51.244 1.58657 15.631 1.29798 8.36419 0.173642 7.94365 10.8061 2.63327 0.158965 0.160697 62.9
5000.00 1558.15 100.130362 274.332047 -1200338.541150 36.660169 150.211440 2.162 51.2439 1.58657 15.6309 1.29945 8.36285 0.173642 7.94364 10.8061 2.63327 0.158965 0.160697 62.9
5000.00 1553.15 100.130514 273.849576 -1201091.783824 36.647866 150.212222 2.183 51.2438 1.58657 15.6309 1.30096 8.36147 0.173642 7.94363 10.8061 2.63326 0.158965 0.160697 62.9
5000.00 1548.15 100.130672 273.365554 -1201845.108245 36.635566 150.213030 2.204 51.2437 1.58656 15.6309 1.30253 8.36005 0.173641 7.94362 10.8061 2.63326 0.158965 0.160696 62.9
5000.00 1543.15 99.363064 270.774741 -1193253.621745 36.349932 148.953303 2.235 51.2165 1.59806 15.7301 1.30613 8.34952 0.174983 7.77676 10.8725 2.65333 0.160193 0.161938 62.4
5000.00 1538.15 98.566525 268.112327 -1184327.136686 36.054540 147.649245 2.267 51.1889 1.61018 15.8343 1.30954 8.33628 0.176397 7.6041 10.9411 2.67447 0.161487 0.163246 61.9
5000.00 1533.15 96.218515 261.285591 -1157258.145987 35.214275 143.940987 2.316 51.1772 1.64405 16.1049 1.30528 8.28135 0.180701 7.2878 10.9508 2.73519 0.165428 0.16723 61.1
5000.00 1528.15 94.392892 255.885448 -1136127.233608 34.555655 141.048213 2.359 51.1648 1.6712 16.3249 1.30429 8.26106 0.184196 7.03355 10.9327 2.7842 0.168627 0.170464 60.3
5000.00 1523.15 91.816791 248.495344 -1105730.357556 33.626719 136.997634 2.410 51.1739 1.70755 16.6271 1.30266 8.28839 0.189364 6.75532 10.7529 2.85421 0.173359 0.175247 59.2

clinopyroxene_1 thermodynamic data and composition:
Pressure Temperature mass S H V Cp structure formula SiO2 TiO2 Al2O3 Fe2O3 FeO MnO MgO CaO Na2O K2O P2O5
5000.00 1523.15 3.268971 7.922036 -40859.915411 1.010350 3.960220 cpx Na0.02Ca0.58Fe''0.24Mg1.03Fe'''0.03Ti0.01Al0.21Si1.88O6 51.577 0.308804 4.95768 1.14433 7.87991 0 19.0122 14.8789 0.241178 0 0

clinopyroxene_0 thermodynamic data and composition:
Pressure Temperature mass S H V Cp structure formula SiO2 TiO2 Al2O3 Fe2O3 FeO MnO MgO CaO Na2O K2O P2O5
5000.00 1533.15 3.910809 9.654831 -48297.878060 1.209421 4.847531 cpx Na0.01Ca0.28Fe''0.32Mg1.29Fe'''0.02Ti0.00Al0.17Si1.90O6 52.8977 0.172657 3.97331 0.891236 10.6086 0 24.0815 7.24869 0.126258 0 0
5000.00 1528.15 5.735892 14.095925 -70886.836045 1.771806 7.070759 cpx Na0.01Ca0.34Fe''0.31Mg1.23Fe'''0.03Ti0.01Al0.18Si1.90O6 52.5603 0.194176 4.21431 0.945649 10.2874 0 22.9228 8.72527 0.150147 0 0
5000.00 1523.15 5.042813 12.358582 -62258.888882 1.555557 6.199488 cpx Na0.01Ca0.35Fe''0.31Mg1.21Fe'''0.03Ti0.01Al0.19Si1.89O6 52.3211 0.212709 4.4177 0.988434 10.3528 0 22.4076 9.13756 0.162099 0 0

orthopyroxene_0 thermodynamic data and composition:
Pressure Temperature mass S H V Cp structure formula SiO2 TiO2 Al2O3 Fe2O3 FeO MnO MgO CaO Na2O K2O P2O5
5000.00 1543.15 0.767432 1.913157 -9635.617372 0.238273 0.977421 opx Na0.00Ca0.08Fe''0.29Mg1.55Fe'''0.02Ti0.00Al0.12Si1.93O6 54.7809 0.0983738 2.7913 0.60945 9.92964 0 29.5489 2.20609 0.0352743 0 0
5000.00 1538.15 1.563757 3.890455 -19613.639319 0.485096 1.988835 opx Na0.00Ca0.09Fe''0.30Mg1.54Fe'''0.02Ti0.00Al0.12Si1.93O6 54.7109 0.0983869 2.81313 0.612165 10.0846 0 29.346 2.29849 0.0362969 0 0
