Title: Gale2013MORB-4

Solid Composition:
Pressure Temperature mass SiO2 TiO2 Al2O3 Fe2O3 FeO MnO MgO CaO Na2O K2O P2O5 
5000.00 1573.15 0.000000 ---
5000.00 1568.15 0.000000 ---
5000.00 1563.15 0.000000 ---
5000.00 1558.15 0.000000 ---
5000.00 1553.15 0.000000 ---
5000.00 1548.15 0.000000 ---
5000.00 1543.15 0.767432 54.7809 0.0983738 2.7913 0.60945 9.92964 0 29.5489 2.20609 0.0352743 0 0
5000.00 1538.15 1.563757 54.7109 0.0983869 2.81313 0.612165 10.0846 0 29.346 2.29849 0.0362969 0 0
5000.00 1533.15 3.910809 52.8977 0.172657 3.97331 0.891236 10.6086 0 24.0815 7.24869 0.126258 0 0
5000.00 1528.15 5.735892 52.5603 0.194176 4.21431 0.945649 10.2874 0 22.9228 8.72527 0.150147 0 0
5000.00 1523.15 8.311784 52.0284 0.250502 4.63007 1.04975 9.38021 0 21.0722 11.3956 0.1932 0 0