Title: Gale2013MORB-5

Liquid Composition:
Pressure Temperature mass SiO2 TiO2 Al2O3 Fe2O3 FeO MnO MgO CaO Na2O K2O P2O5 
5000.00 1573.15 100.139008 50.9283 1.55089 14.9639 1.38552 8.56697 0.170279 7.68346 11.6253 2.81998 0.136628 0.168816
5000.00 1568.15 100.139154 50.9282 1.55089 14.9638 1.38697 8.56565 0.170279 7.68345 11.6253 2.81998 0.136627 0.168815
5000.00 1563.15 100.139306 50.9281 1.55088 14.9638 1.38848 8.56428 0.170278 7.68344 11.6253 2.81998 0.136627 0.168815
5000.00 1558.15 100.139462 50.928 1.55088 14.9638 1.39004 8.56286 0.170278 7.68342 11.6253 2.81997 0.136627 0.168815
5000.00 1553.15 100.139625 50.928 1.55088 14.9638 1.39165 8.56139 0.170278 7.68341 11.6252 2.81997 0.136627 0.168815
5000.00 1548.15 100.139792 50.9279 1.55088 14.9638 1.39332 8.55988 0.170278 7.6834 11.6252 2.81996 0.136627 0.168814
5000.00 1543.15 100.139965 50.9278 1.55087 14.9637 1.39504 8.55831 0.170277 7.68339 11.6252 2.81996 0.136626 0.168814
5000.00 1538.15 97.826664 50.9085 1.58045 15.2088 1.39891 8.61339 0.174304 7.44027 11.482 2.88072 0.139857 0.172806
5000.00 1533.15 94.857482 50.8948 1.61881 15.5285 1.40233 8.68196 0.17976 7.12771 11.2813 2.96235 0.144235 0.178215
5000.00 1528.15 92.019803 50.8948 1.65571 15.8395 1.40443 8.74262 0.185303 6.82737 11.0734 3.04448 0.148683 0.183711
5000.00 1523.15 89.304032 50.9085 1.69099 16.1417 1.4052 8.79425 0.190938 6.53801 10.8607 3.12713 0.153204 0.189298
5000.00 1518.15 86.701070 50.9363 1.72451 16.4354 1.40462 8.836 0.196671 6.25876 10.6446 3.21036 0.157804 0.194981
5000.00 1513.15 81.157766 50.9496 1.81969 16.4223 1.437 9.10431 0.210104 6.02855 10.3447 3.30772 0.167679 0.208298
5000.00 1508.15 73.913763 50.9136 1.97064 16.1812 1.49475 9.53954 0.230695 5.81964 10.0344 3.40467 0.18212 0.228713
5000.00 1503.15 67.160044 50.8342 2.13772 15.9151 1.55483 9.98229 0.253894 5.60787 9.77731 3.48739 0.197757 0.251713
5000.00 1498.15 60.940985 50.7097 2.32016 15.6306 1.6164 10.4304 0.279805 5.40126 9.56595 3.55379 0.214433 0.2774
5000.00 1493.15 55.259164 50.5392 2.51732 15.3348 1.67872 10.8828 0.308574 5.20571 9.3925 3.60245 0.231985 0.305923
5000.00 1488.15 50.025122 50.322 2.7298 15.0219 1.74253 11.3413 0.34086 5.01807 9.26178 3.63337 0.250494 0.337931
5000.00 1483.15 45.241300 50.0578 2.9565 14.7031 1.80659 11.8048 0.376903 4.84464 9.16094 3.64536 0.269732 0.373664
5000.00 1478.15 40.869835 49.7426 3.19898 14.3837 1.87028 12.2741 0.417216 4.68873 9.08405 3.63707 0.289553 0.413631
5000.00 1473.15 36.847437 49.3704 3.46025 14.0617 1.9339 12.7522 0.462761 4.54996 9.03301 3.60714 0.30991 0.458785
5000.00 1468.15 33.124419 48.933 3.74414 13.7341 1.99781 13.2425 0.514773 4.42839 9.01066 3.55353 0.330696 0.51035
5000.00 1463.15 29.660666 48.4188 4.05591 13.397 2.06247 13.75 0.574888 4.32469 9.02117 3.4733 0.351718 0.569948
5000.00 1458.15 26.423003 47.8109 4.40315 13.0446 2.12863 14.2819 0.64533 4.24032 9.07071 3.36214 0.372635 0.639785
5000.00 1453.15 23.383541 47.083 4.79744 12.6676 2.19745 14.8494 0.729212 4.17796 9.16842 3.21372 0.392851 0.722946
5000.00 1448.15 20.518363 46.194 5.25735 12.2515 2.27083 15.4713 0.831039 4.14214 9.32806 3.0186 0.411312 0.823898
5000.00 1443.15 17.807777 45.0789 5.81353 11.7727 2.35182 16.1769 0.957535 4.14001 9.57001 2.76315 0.426132 0.949306
5000.00 1438.15 15.150833 43.7414 6.52678 11.2338 2.43978 17.035 1.12545 4.16555 9.82799 2.4423 0.435761 1.02616
5000.00 1433.15 12.720418 42.1195 7.40758 10.6121 2.5335 17.9874 1.34049 4.22201 10.1634 2.0605 0.435823 1.11769
5000.00 1428.15 10.673828 40.4752 8.36061 10.0051 2.61472 18.8261 1.59751 4.2679 10.5082 1.69131 0.428949 1.22442
5000.00 1423.15 9.045820 39.1161 9.2459 9.52734 2.66685 19.3567 1.88502 4.26534 10.7841 1.39955 0.42275 1.3303
5000.00 1418.15 7.734688 38.0643 10.0297 9.18281 2.69165 19.5838 2.20456 4.21819 10.9934 1.1789 0.420196 1.43248
5000.00 1413.15 6.650968 37.2377 10.7283 8.93625 2.69578 19.575 2.56377 4.14151 11.16 1.0061 0.420723 1.53476
5000.00 1408.15 5.744634 36.5668 11.3565 8.75811 2.68449 19.3894 2.96826 4.04711 11.2999 0.865493 0.423074 1.64083
5000.00 1403.15 4.986321 36.0031 11.9215 8.62764 2.66169 19.0743 3.41967 3.94336 11.4212 0.748268 0.426071 1.75326
5000.00 1398.15 3.694993 35.6806 11.7603 8.65206 2.6207 18.7529 4.34176 3.86708 11.349 0.678057 0.424334 1.87325
5000.00 1393.15 2.927952 35.2566 11.7451 8.63977 2.58338 18.417 5.19894 3.80229 11.3188 0.609406 0.417681 2.01106
5000.00 1388.15 2.366118 34.8031 11.71 8.62414 2.54692 18.0794 6.07723 3.7476 11.2898 0.549019 0.407749 2.16503
5000.00 1383.15 0.856690 35.2282 12.0845 8.79017 2.4145 16.597 6.66772 3.50112 11.5213 0.453697 0.440259 2.30156
5000.00 1378.15 0.000000 ---
5000.00 1373.15 0.000000 ---
5000.00 1368.15 0.000000 ---
5000.00 1363.15 0.000000 ---
5000.00 1358.15 0.000000 ---
5000.00 1353.15 0.000000 ---
5000.00 1348.15 0.000000 ---
5000.00 1343.15 0.000000 ---
5000.00 1338.15 0.000000 ---
5000.00 1333.15 0.000000 ---
5000.00 1328.15 0.000000 ---
5000.00 1323.15 0.000000 ---
5000.00 1318.15 0.000000 ---
5000.00 1313.15 0.000000 ---
5000.00 1308.15 0.000000 ---
5000.00 1303.15 0.000000 ---
5000.00 1298.15 0.000000 ---
5000.00 1293.15 0.000000 ---
5000.00 1288.15 0.000000 ---
5000.00 1283.15 0.000000 ---
5000.00 1278.15 0.000000 ---
5000.00 1273.15 0.000000 ---
5000.00 1268.15 0.000000 ---
5000.00 1263.15 0.000000 ---
5000.00 1258.15 0.000000 ---
5000.00 1253.15 0.000000 ---
5000.00 1248.15 0.000000 ---
5000.00 1243.15 0.000000 ---
5000.00 1238.15 0.000000 ---
5000.00 1233.15 0.000000 ---
5000.00 1228.15 0.000000 ---
5000.00 1223.15 0.000000 ---
5000.00 1218.15 0.000000 ---
5000.00 1213.15 0.000000 ---
5000.00 1208.15 0.000000 ---
5000.00 1203.15 0.000000 ---
5000.00 1198.15 0.000000 ---
5000.00 1193.15 0.000000 ---
5000.00 1188.15 0.000000 ---
5000.00 1183.15 0.000000 ---
5000.00 1178.15 0.000000 ---
5000.00 1173.15 0.000000 ---
5000.00 1168.15 0.000000 ---
5000.00 1163.15 0.389696 1.83182 0.196952 0.0104349 0.0175071 0.0107595 1.73006 1.37695 51.4369 2.07206e-005 0.00853878 43.3801
5000.00 1158.15 0.389352 1.80656 0.186477 0.0101839 0.0170096 0.010353 1.69377 1.36767 51.4812 1.91335e-005 0.00836889 43.4184
5000.00 1153.15 0.389019 1.78199 0.17656 0.00994106 0.0165344 0.00996621 1.65844 1.35859 51.5242 1.76591e-005 0.00820274 43.4555
5000.00 1148.15 0.388697 1.75809 0.16717 0.00970582 0.0160804 0.00959797 1.62403 1.34972 51.566 1.62897e-005 0.00804013 43.4916
5000.00 1143.15 0.388385 1.73484 0.158277 0.00947775 0.0156464 0.00924721 1.59051 1.34105 51.6065 1.50182e-005 0.00788091 43.5265
5000.00 1138.15 0.388082 1.71221 0.149853 0.00925646 0.0152316 0.00891291 1.55785 1.33257 51.6459 1.38381e-005 0.0077249 43.5605
5000.00 1133.15 0.387789 1.69019 0.141872 0.00904156 0.0148347 0.00859415 1.52602 1.32429 51.6841 1.27432e-005 0.00757198 43.5934
5000.00 1128.15 0.387504 1.66875 0.13431 0.00883271 0.0144551 0.00829006 1.49499 1.3162 51.7213 1.17277e-005 0.00742199 43.6254
5000.00 1123.15 0.387228 1.64787 0.127144 0.00862958 0.0140919 0.00799983 1.46475 1.3083 51.7574 1.07864e-005 0.00727483 43.6565
5000.00 1118.15 0.386961 1.62755 0.120351 0.00843188 0.0137442 0.00772272 1.43525 1.30059 51.7925 9.91411e-006 0.00713038 43.6867
5000.00 1113.15 0.386701 1.60777 0.113913 0.00823934 0.0134114 0.00745801 1.40648 1.29307 51.8266 9.10629e-006 0.00698852 43.7161
5000.00 1108.15 0.386449 1.5885 0.107811 0.0080517 0.0130928 0.00720506 1.37843 1.28572 51.8598 8.35852e-006 0.00684916 43.7446
5000.00 1103.15 0.386204 1.56975 0.102025 0.00786872 0.0127877 0.00696327 1.35105 1.27856 51.892 7.66671e-006 0.00671221 43.7723
5000.00 1098.15 0.385967 1.55148 0.0965403 0.00769019 0.0124956 0.00673205 1.32435 1.27159 51.9233 7.02703e-006 0.00657758 43.7992
5000.00 1093.15 0.385736 1.53369 0.0913402 0.00751591 0.012216 0.00651087 1.29829 1.26479 51.9538 6.4359e-006 0.0064452 43.8254
5000.00 1088.15 0.385513 1.51638 0.08641 0.00734568 0.0119482 0.00629924 1.27285 1.25817 51.9835 5.88997e-006 0.00631498 43.8508
5000.00 1083.15 0.385295 1.49952 0.0817356 0.00717932 0.0116918 0.00609668 1.24803 1.25173 52.0123 5.38611e-006 0.00618687 43.8755
5000.00 1078.15 0.385084 1.4831 0.0773037 0.00701669 0.0114464 0.00590276 1.2238 1.24547 52.0403 4.92136e-006 0.00606079 43.8996
5000.00 1073.15 0.384879 1.46712 0.0731017 0.00685761 0.0112115 0.00571705 1.20014 1.23939 52.0676 4.493e-006 0.00593669 43.923
5000.00 1068.15 0.384680 1.45157 0.0691179 0.00670195 0.0109867 0.00553918 1.17705 1.23348 52.0941 4.09844e-006 0.00581451 43.9457
5000.00 1063.15 0.384487 1.43644 0.0653409 0.00654959 0.0107717 0.00536876 1.15449 1.22775 52.1198 3.73529e-006 0.0056942 43.9678
5000.00 1058.15 0.384299 1.42171 0.0617603 0.00640038 0.010566 0.00520546 1.13247 1.2222 52.1449 3.40128e-006 0.00557572 43.9892
5000.00 1053.15 0.384117 1.40738 0.0583659 0.00625423 0.0103695 0.00504895 1.11096 1.21682 52.1692 3.09433e-006 0.00545901 44.0101
5000.00 1048.15 0.383940 1.39345 0.0551482 0.00611101 0.0101817 0.00489893 1.08995 1.21163 52.1929 2.81245e-006 0.00534404 44.0304
5000.00 1043.15 0.383769 1.3799 0.0520983 0.00597064 0.0100024 0.0047551 1.06942 1.20661 52.2159 2.55381e-006 0.00523078 44.0501
5000.00 1038.15 0.383602 1.36673 0.0492077 0.00583302 0.00983133 0.00461719 1.04937 1.20177 52.2383 2.3167e-006 0.00511918 44.0692
5000.00 1033.15 0.383440 1.35393 0.0464681 0.00569806 0.0096682 0.00448494 1.02978 1.19712 52.26 2.0995e-006 0.00500921 44.0878
5000.00 1028.15 0.383283 1.34149 0.043872 0.00556568 0.0095128 0.00435812 1.01063 1.19264 52.2812 1.90072e-006 0.00490085 44.1059
5000.00 1023.15 0.383131 1.32942 0.0414121 0.00543581 0.00936492 0.00423648 0.991926 1.18835 52.3017 1.71896e-006 0.00479406 44.1234
5000.00 1018.15 0.382983 1.31769 0.0390815 0.00530838 0.00922435 0.00411981 0.973639 1.18424 52.3216 1.55291e-006 0.00468883 44.1404
5000.00 1013.15 0.382840 1.30632 0.0368735 0.00518332 0.00909092 0.00400792 0.955762 1.18031 52.3409 1.40136e-006 0.00458514 44.1569