Title: Gale2013MORB-2

Liquid Composition:
Pressure Temperature mass SiO2 TiO2 Al2O3 Fe2O3 FeO MnO MgO CaO Na2O K2O P2O5 
5000.00 1573.15 100.146745 50.5492 1.55901 15.1364 1.46252 9.44002 0.175281 7.52371 11.1808 2.63351 0.151779 0.187754
5000.00 1568.15 100.146900 50.5491 1.55901 15.1364 1.46407 9.43861 0.175281 7.5237 11.1808 2.63351 0.151779 0.187754
5000.00 1563.15 100.147060 50.549 1.55901 15.1364 1.46566 9.43715 0.17528 7.52369 11.1808 2.63351 0.151779 0.187754
5000.00 1558.15 100.147227 50.5489 1.559 15.1363 1.46732 9.43565 0.17528 7.52368 11.1808 2.6335 0.151779 0.187753
5000.00 1553.15 100.147399 50.5488 1.559 15.1363 1.46903 9.43409 0.17528 7.52366 11.1807 2.6335 0.151778 0.187753
5000.00 1548.15 100.147577 50.5488 1.559 15.1363 1.4708 9.43248 0.175279 7.52365 11.1807 2.63349 0.151778 0.187753
5000.00 1543.15 100.147760 50.5487 1.55899 15.1363 1.47263 9.43081 0.175279 7.52364 11.1807 2.63349 0.151778 0.187752
5000.00 1538.15 100.147950 50.5486 1.55899 15.1362 1.47452 9.42909 0.175279 7.52362 11.1807 2.63348 0.151777 0.187752
5000.00 1533.15 98.496305 50.5251 1.58115 15.3156 1.47762 9.45299 0.178218 7.32259 11.1275 2.67403 0.154323 0.1909
5000.00 1528.15 95.697842 50.5004 1.61833 15.6187 1.48076 9.51278 0.183429 7.0113 10.9741 2.74478 0.158835 0.196483
5000.00 1523.15 92.960993 50.4895 1.65492 15.9187 1.48267 9.56978 0.18883 6.71159 10.8009 2.81726 0.163512 0.202267
5000.00 1518.15 90.312240 50.4923 1.69043 16.2126 1.48328 9.61987 0.194368 6.42311 10.6167 2.89079 0.168307 0.2082
5000.00 1513.15 86.803183 50.4998 1.7431 16.4125 1.49273 9.73321 0.202225 6.15145 10.4054 2.96809 0.174845 0.216616
5000.00 1508.15 78.770028 50.4397 1.90049 16.1414 1.55567 10.215 0.222849 5.90884 10.1339 3.05274 0.190613 0.238707
5000.00 1503.15 71.323791 50.3347 2.07582 15.8325 1.62179 10.7033 0.246114 5.66298 9.9296 3.12184 0.207701 0.263628
5000.00 1498.15 64.593072 50.1885 2.26434 15.504 1.68902 11.193 0.27176 5.42694 9.77214 3.17356 0.225683 0.291099
5000.00 1493.15 58.595725 50.0031 2.46356 15.1786 1.75485 11.6798 0.299575 5.21137 9.63673 3.20734 0.244197 0.320893
5000.00 1488.15 53.199977 49.7765 2.6752 14.8558 1.81943 12.1651 0.329959 5.0148 9.52346 3.22308 0.263256 0.35344
5000.00 1483.15 48.304731 49.506 2.90133 14.5344 1.88295 12.6505 0.363397 4.83609 9.43286 3.22041 0.282855 0.389257
5000.00 1478.15 43.830871 49.1877 3.1444 14.2133 1.94556 13.1376 0.400489 4.67441 9.36591 3.19869 0.302973 0.428989
5000.00 1473.15 39.714073 48.8165 3.40761 13.8906 2.00749 13.6284 0.442004 4.52921 9.32433 3.15683 0.323561 0.473459
5000.00 1468.15 35.904175 48.3856 3.69492 13.5638 2.06901 14.1254 0.488907 4.4003 9.31054 3.09331 0.344519 0.523699
5000.00 1463.15 32.361196 47.8858 4.01144 13.2298 2.13045 14.6316 0.542434 4.28785 9.32796 3.00601 0.365672 0.581035
5000.00 1458.15 29.052933 47.3048 4.364 12.8842 2.19226 15.1508 0.604201 4.19245 9.38129 2.89211 0.386731 0.647197
5000.00 1453.15 25.953927 46.6255 4.76195 12.5211 2.25506 15.6884 0.676345 4.11514 9.47686 2.74799 0.407225 0.724475
5000.00 1448.15 23.045487 45.8255 5.21819 12.1322 2.3197 16.2509 0.761702 4.05739 9.62288 2.56928 0.426403 0.815907
5000.00 1443.15 20.317834 44.877 5.74976 11.7074 2.3871 16.8447 0.86396 4.02068 9.82893 2.3518 0.443117 0.925442
5000.00 1438.15 17.707946 43.8084 6.38881 11.259 2.45512 17.4931 0.991295 3.99689 10.0465 2.0989 0.45686 1.00506
5000.00 1433.15 15.299194 42.6223 7.13867 10.7894 2.52133 18.1555 1.14737 3.98239 10.2861 1.81986 0.46593 1.07121
5000.00 1428.15 13.188060 41.3827 7.96587 10.3232 2.5805 18.7414 1.33104 3.96645 10.5491 1.54043 0.470176 1.1491
5000.00 1423.15 11.400951 40.2243 8.8127 9.91028 2.62499 19.1603 1.53968 3.93241 10.7978 1.29203 0.472365 1.23313
5000.00 1418.15 9.905367 39.2311 9.63071 9.57812 2.65125 19.3687 1.77215 3.87337 11.0126 1.08747 0.475438 1.31909
5000.00 1413.15 8.642868 38.4153 10.3993 9.32566 2.65994 19.3734 2.03102 3.79168 11.1941 0.922611 0.480751 1.40615
5000.00 1408.15 7.564398 37.7564 11.1133 9.13989 2.65323 19.2017 2.32058 3.69289 11.3498 0.788713 0.48835 1.49524
5000.00 1403.15 6.637509 37.2274 11.7707 9.00646 2.63346 18.8851 2.64464 3.58275 11.4858 0.678395 0.497634 1.58767
5000.00 1398.15 4.915177 37.2714 11.6971 9.10311 2.57002 18.2797 3.38038 3.4465 11.4468 0.614866 0.518111 1.6719
5000.00 1393.15 3.803885 37.1428 11.7067 9.1541 2.51356 17.733 4.12701 3.34182 11.427 0.552646 0.527033 1.77433
5000.00 1388.15 2.996767 36.9076 11.7157 9.17953 2.46221 17.2395 4.91409 3.25799 11.4081 0.495181 0.52734 1.89283
5000.00 1383.15 2.391630 36.5749 11.7203 9.18011 2.41658 16.8005 5.73466 3.19018 11.3916 0.44236 0.520467 2.0283
5000.00 1378.15 1.926152 36.1587 11.7169 9.15904 2.37627 16.4079 6.58293 3.13461 11.3793 0.394216 0.507999 2.18214
5000.00 1373.15 0.986428 36.9623 11.7307 9.41511 2.23834 15.0451 7.05298 2.94215 11.4424 0.359544 0.549664 2.26168
5000.00 1368.15 0.173652 38.8861 11.3942 9.92905 2.03314 13.2565 7.21731 2.69799 11.3584 0.366533 0.637025 2.22378
5000.00 1363.15 0.000000 ---
5000.00 1358.15 0.000000 ---
5000.00 1353.15 0.000000 ---
5000.00 1348.15 0.000000 ---
5000.00 1343.15 0.000000 ---
5000.00 1338.15 0.000000 ---
5000.00 1333.15 0.000000 ---
5000.00 1328.15 0.000000 ---
5000.00 1323.15 0.000000 ---
5000.00 1318.15 0.000000 ---
5000.00 1313.15 0.000000 ---
5000.00 1308.15 0.000000 ---
5000.00 1303.15 0.000000 ---
5000.00 1298.15 0.000000 ---
5000.00 1293.15 0.000000 ---
5000.00 1288.15 0.000000 ---
5000.00 1283.15 0.000000 ---
5000.00 1278.15 0.000000 ---
5000.00 1273.15 0.000000 ---
5000.00 1268.15 0.000000 ---
5000.00 1263.15 0.000000 ---
5000.00 1258.15 0.000000 ---
5000.00 1253.15 0.000000 ---
5000.00 1248.15 0.000000 ---
5000.00 1243.15 0.000000 ---
5000.00 1238.15 0.000000 ---
5000.00 1233.15 0.000000 ---
5000.00 1228.15 0.000000 ---
5000.00 1223.15 0.000000 ---
5000.00 1218.15 0.000000 ---
5000.00 1213.15 0.000000 ---
5000.00 1208.15 0.000000 ---
5000.00 1203.15 0.000000 ---
5000.00 1198.15 0.000000 ---
5000.00 1193.15 0.000000 ---
5000.00 1188.15 0.000000 ---
5000.00 1183.15 0.000000 ---