Title: Gale2013MORB-2

liquid_0 thermodynamic data and composition:
Pressure Temperature mass S H V Cp viscosity SiO2 TiO2 Al2O3 Fe2O3 FeO MnO MgO CaO Na2O K2O P2O5 Mg#
5000.00 1573.15 100.146745 275.359113 -1183538.441404 36.463451 149.539565 2.023 50.5492 1.55901 15.1364 1.46252 9.44002 0.175281 7.52371 11.1808 2.63351 0.151779 0.187754 58.7
5000.00 1568.15 100.146900 274.883408 -1184288.358240 36.451148 149.540361 2.043 50.5491 1.55901 15.1364 1.46407 9.43861 0.175281 7.5237 11.1808 2.63351 0.151779 0.187754 58.7
5000.00 1563.15 100.147060 274.406190 -1185038.362700 36.438850 149.541185 2.063 50.549 1.55901 15.1364 1.46566 9.43715 0.17528 7.52369 11.1808 2.63351 0.151779 0.187754 58.7
5000.00 1558.15 100.147227 273.927448 -1185788.456383 36.426555 149.542038 2.083 50.5489 1.559 15.1363 1.46732 9.43565 0.17528 7.52368 11.1808 2.6335 0.151779 0.187753 58.7
5000.00 1553.15 100.147399 273.447173 -1186538.640921 36.414264 149.542921 2.103 50.5488 1.559 15.1363 1.46903 9.43409 0.17528 7.52366 11.1807 2.6335 0.151778 0.187753 58.7
5000.00 1548.15 100.147577 272.965355 -1187288.917981 36.401978 149.543833 2.124 50.5488 1.559 15.1363 1.4708 9.43248 0.175279 7.52365 11.1807 2.63349 0.151778 0.187753 58.7
5000.00 1543.15 100.147760 272.481983 -1188039.289264 36.389695 149.544776 2.145 50.5487 1.55899 15.1363 1.47263 9.43081 0.175279 7.52364 11.1807 2.63349 0.151778 0.187752 58.7
5000.00 1538.15 100.147950 271.997048 -1188789.756509 36.377417 149.545749 2.166 50.5486 1.55899 15.1362 1.47452 9.42909 0.175279 7.52362 11.1807 2.63348 0.151777 0.187752 58.7
5000.00 1533.15 98.496305 267.046442 -1169627.841572 35.776959 146.929061 2.202 50.5251 1.58115 15.3156 1.47762 9.45299 0.178218 7.32259 11.1275 2.67403 0.154323 0.1909 58.0
5000.00 1528.15 95.697842 259.025415 -1136575.692676 34.767760 142.514125 2.249 50.5004 1.61833 15.6187 1.48076 9.51278 0.183429 7.0113 10.9741 2.74478 0.158835 0.196483 56.8
5000.00 1523.15 92.960993 251.200221 -1104316.063778 33.782547 138.210647 2.297 50.4895 1.65492 15.9187 1.48267 9.56978 0.18883 6.71159 10.8009 2.81726 0.163512 0.202267 55.6
5000.00 1518.15 90.312240 243.640077 -1073183.514222 32.830992 134.058665 2.347 50.4923 1.69043 16.2126 1.48328 9.61987 0.194368 6.42311 10.6167 2.89079 0.168307 0.2082 54.3
5000.00 1513.15 86.803183 233.776180 -1031001.886542 31.555741 128.616024 2.392 50.4998 1.7431 16.4125 1.49273 9.73321 0.202225 6.15145 10.4054 2.96809 0.174845 0.216616 53.0
5000.00 1508.15 78.770028 211.708235 -930814.443659 28.573793 116.334740 2.405 50.4397 1.90049 16.1414 1.55567 10.215 0.222849 5.90884 10.1339 3.05274 0.190613 0.238707 50.8
5000.00 1503.15 71.323791 191.280278 -838261.415368 25.808633 104.994296 2.411 50.3347 2.07582 15.8325 1.62179 10.7033 0.246114 5.66298 9.9296 3.12184 0.207701 0.263628 48.5
5000.00 1498.15 64.593072 172.836317 -754917.927605 23.308773 94.783886 2.412 50.1885 2.26434 15.504 1.68902 11.193 0.27176 5.42694 9.77214 3.17356 0.225683 0.291099 46.4
5000.00 1493.15 58.595725 156.420262 -680984.216371 21.081598 85.723777 2.408 50.0031 2.46356 15.1786 1.75485 11.6798 0.299575 5.21137 9.63673 3.20734 0.244197 0.320893 44.3
5000.00 1488.15 53.199977 141.670519 -614776.435476 19.078604 77.606556 2.399 49.7765 2.6752 14.8558 1.81943 12.1651 0.329959 5.0148 9.52346 3.22308 0.263256 0.35344 42.4
5000.00 1483.15 48.304731 128.309589 -555003.426603 17.262599 70.273146 2.384 49.506 2.90133 14.5344 1.88295 12.6505 0.363397 4.83609 9.43286 3.22041 0.282855 0.389257 40.5
5000.00 1478.15 43.830871 116.122188 -500651.998696 15.604481 62.023848 2.363 49.1877 3.1444 14.2133 1.94556 13.1376 0.400489 4.67441 9.36591 3.19869 0.302973 0.428989 38.8
5000.00 1473.15 39.714073 104.932306 -450900.015706 14.080566 56.074009 2.336 48.8165 3.40761 13.8906 2.00749 13.6284 0.442004 4.52921 9.32433 3.15683 0.323561 0.473459 37.2
5000.00 1468.15 35.904175 94.598386 -405111.135819 12.672382 50.592925 2.301 48.3856 3.69492 13.5638 2.06901 14.1254 0.488907 4.4003 9.31054 3.09331 0.344519 0.523699 35.7
5000.00 1463.15 32.361196 85.010400 -362771.975697 11.365185 45.518769 2.258 47.8858 4.01144 13.2298 2.13045 14.6316 0.542434 4.28785 9.32796 3.00601 0.365672 0.581035 34.3
5000.00 1458.15 29.052933 76.079542 -323466.613238 10.147069 40.801621 2.205 47.3048 4.364 12.8842 2.19226 15.1508 0.604201 4.19245 9.38129 2.89211 0.386731 0.647197 33.0
5000.00 1453.15 25.953927 67.735341 -286862.779263 9.008584 36.401769 2.141 46.6255 4.76195 12.5211 2.25506 15.6884 0.676345 4.11514 9.47686 2.74799 0.407225 0.724475 31.9
5000.00 1448.15 23.045487 59.925657 -252711.633193 7.942768 32.289535 2.061 45.8255 5.21819 12.1322 2.3197 16.2509 0.761702 4.05739 9.62288 2.56928 0.426403 0.815907 30.8
5000.00 1443.15 20.317834 52.622401 -220874.830313 6.946030 28.448042 1.964 44.877 5.74976 11.7074 2.3871 16.8447 0.86396 4.02068 9.82893 2.3518 0.443117 0.925442 29.8
5000.00 1438.15 17.707946 45.665801 -190642.085617 5.997422 24.773802 1.854 43.8084 6.38881 11.259 2.45512 17.4931 0.991295 3.99689 10.0465 2.0989 0.45686 1.00506 28.9
5000.00 1433.15 15.299194 39.272911 -163001.595067 5.128018 21.387463 1.731 42.6223 7.13867 10.7894 2.52133 18.1555 1.14737 3.98239 10.2861 1.81986 0.46593 1.07121 28.1
5000.00 1428.15 13.188060 33.694054 -139089.793553 4.373724 18.426587 1.602 41.3827 7.96587 10.3232 2.5805 18.7414 1.33104 3.96645 10.5491 1.54043 0.470176 1.1491 27.4
5000.00 1423.15 11.400951 28.996397 -119205.681193 3.744648 15.923823 1.486 40.2243 8.8127 9.91028 2.62499 19.1603 1.53968 3.93241 10.7978 1.29203 0.472365 1.23313 26.8
5000.00 1418.15 9.905367 25.088283 -102900.442368 3.227405 13.831204 1.389 39.2311 9.63071 9.57812 2.65125 19.3687 1.77215 3.87337 11.0126 1.08747 0.475438 1.31909 26.3
5000.00 1413.15 8.642868 21.808826 -89401.721008 2.798321 12.065936 1.314 38.4153 10.3993 9.32566 2.65994 19.3734 2.03102 3.79168 11.1941 0.922611 0.480751 1.40615 25.9
5000.00 1408.15 7.564398 19.022856 -78058.955204 2.437373 10.558920 1.257 37.7564 11.1133 9.13989 2.65323 19.2017 2.32058 3.69289 11.3498 0.788713 0.48835 1.49524 25.5
5000.00 1403.15 6.637509 16.640138 -68434.130102 2.131059 9.264448 1.213 37.2274 11.7707 9.00646 2.63346 18.8851 2.64464 3.58275 11.4858 0.678395 0.497634 1.58767 25.3
5000.00 1398.15 4.915177 12.296300 -50761.292744 1.578542 6.854102 1.210 37.2714 11.6971 9.10311 2.57002 18.2797 3.38038 3.4465 11.4468 0.614866 0.518111 1.6719 25.2
5000.00 1393.15 3.803885 9.493683 -39308.043333 1.220584 5.301532 1.185 37.1428 11.7067 9.1541 2.51356 17.733 4.12701 3.34182 11.427 0.552646 0.527033 1.77433 25.1
5000.00 1388.15 2.996767 7.460284 -30956.406270 0.960018 4.175141 1.144 36.9076 11.7157 9.17953 2.46221 17.2395 4.91409 3.25799 11.4081 0.495181 0.52734 1.89283 25.2
5000.00 1383.15 2.391630 5.937643 -24673.745386 0.764359 3.331383 1.090 36.5749 11.7203 9.18011 2.41658 16.8005 5.73466 3.19018 11.3916 0.44236 0.520467 2.0283 25.3
5000.00 1378.15 1.926152 4.768210 -19830.573315 0.613788 2.682858 1.024 36.1587 11.7169 9.15904 2.37627 16.4079 6.58293 3.13461 11.3793 0.394216 0.507999 2.18214 25.4
5000.00 1373.15 0.986428 2.438957 -10278.862613 0.316701 1.373741 1.124 36.9623 11.7307 9.41511 2.23834 15.0451 7.05298 2.94215 11.4424 0.359544 0.549664 2.26168 25.8
5000.00 1368.15 0.173652 0.429456 -1847.591914 0.056623 0.241560 1.369 38.8861 11.3942 9.92905 2.03314 13.2565 7.21731 2.69799 11.3584 0.366533 0.637025 2.22378 26.6

clinopyroxene_0 thermodynamic data and composition:
Pressure Temperature mass S H V Cp structure formula SiO2 TiO2 Al2O3 Fe2O3 FeO MnO MgO CaO Na2O K2O P2O5
5000.00 1533.15 1.651348 4.018637 -20587.186764 0.510895 2.005264 cpx Na0.02Ca0.56Fe''0.25Mg1.06Fe'''0.03Ti0.01Al0.19Si1.89O6 51.9593 0.237315 4.44036 1.1105 8.16659 0 19.5159 14.3548 0.215244 0 0
5000.00 1528.15 4.449477 10.777862 -55564.571119 1.375439 5.377666 cpx Na0.02Ca0.61Fe''0.24Mg1.01Fe'''0.03Ti0.01Al0.20Si1.88O6 51.5906 0.282938 4.76163 1.1989 7.75784 0 18.5436 15.6243 0.240176 0 0
5000.00 1523.15 7.186209 17.355568 -89725.245965 2.218807 8.662007 cpx Na0.02Ca0.63Fe''0.24Mg0.98Fe'''0.03Ti0.01Al0.22Si1.87O6 51.3176 0.318259 5.01581 1.26536 7.70355 0 18.0288 16.0941 0.25644 0 0
5000.00 1518.15 9.835042 23.692974 -122718.523980 3.032789 11.829112 cpx Na0.02Ca0.64Fe''0.24Mg0.96Fe'''0.04Ti0.01Al0.23Si1.87O6 51.0682 0.352116 5.25332 1.3264 7.73885 0 17.6298 16.3604 0.270916 0 0
5000.00 1513.15 12.624150 30.352728 -157274.363288 3.887218 15.160326 cpx Na0.02Ca0.64Fe''0.24Mg0.95Fe'''0.04Ti0.01Al0.23Si1.86O6 50.8703 0.382058 5.42865 1.37718 7.92684 0 17.3881 16.3445 0.282448 0 0
5000.00 1508.15 16.337305 39.269488 -202484.407438 5.019708 19.623517 cpx Na0.02Ca0.61Fe''0.27Mg0.96Fe'''0.04Ti0.01Al0.23Si1.86O6 50.8643 0.393485 5.33378 1.39208 8.68037 0 17.6305 15.4236 0.281829 0 0
5000.00 1503.15 18.849234 45.252920 -232599.997174 5.779608 22.621225 cpx Na0.02Ca0.59Fe''0.28Mg0.97Fe'''0.04Ti0.01Al0.23Si1.86O6 50.7967 0.416567 5.2796 1.4237 9.26666 0 17.6457 14.8859 0.285175 0 0
5000.00 1498.15 19.071697 45.672039 -234746.958090 5.837895 22.834238 cpx Na0.02Ca0.59Fe''0.29Mg0.95Fe'''0.04Ti0.01Al0.23Si1.86O6 50.6394 0.462733 5.2955 1.48237 9.52072 0 17.3189 14.9826 0.297684 0 0
5000.00 1493.15 19.285392 46.066076 -236804.194515 5.893451 23.035096 cpx Na0.02Ca0.60Fe''0.30Mg0.93Fe'''0.04Ti0.01Al0.23Si1.86O6 50.4766 0.512965 5.31695 1.54254 9.75419 0 16.9868 15.0995 0.310499 0 0
5000.00 1488.15 19.512540 46.488441 -239043.210783 5.953052 23.250530 cpx Na0.02Ca0.60Fe''0.31Mg0.92Fe'''0.04Ti0.02Al0.23Si1.86O6 50.3081 0.567698 5.34371 1.60427 9.96868 0 16.6512 15.2327 0.323606 0 0
5000.00 1483.15 19.762514 46.961406 -241576.225846 6.019517 23.491719 cpx Na0.02Ca0.61Fe''0.31Mg0.90Fe'''0.05Ti0.02Al0.23Si1.85O6 50.1339 0.627378 5.37556 1.66756 10.1656 0 16.3138 15.3792 0.336981 0 0
5000.00 1478.15 20.036647 47.487907 -244416.840877 6.093202 23.760186 cpx Na0.03Ca0.62Fe''0.32Mg0.88Fe'''0.05Ti0.02Al0.24Si1.85O6 49.9537 0.692455 5.41228 1.73235 10.3461 0 15.9762 15.5364 0.350591 0 0
5000.00 1473.15 20.331456 48.059414 -247520.171010 6.173003 24.051719 cpx Na0.03Ca0.62Fe''0.33Mg0.87Fe'''0.05Ti0.02Al0.24Si1.85O6 49.7674 0.763369 5.45359 1.79852 10.5113 0 15.6394 15.7019 0.364392 0 0
5000.00 1468.15 20.641457 48.662734 -250818.022465 6.257220 24.359790 cpx Na0.03Ca0.63Fe''0.33Mg0.85Fe'''0.05Ti0.02Al0.24Si1.84O6 49.5751 0.840511 5.49922 1.86586 10.6622 0 15.3047 15.8741 0.378321 0 0
5000.00 1463.15 20.960111 49.282322 -254230.452946 6.343851 24.676709 cpx Na0.03Ca0.64Fe''0.34Mg0.83Fe'''0.05Ti0.03Al0.24Si1.84O6 49.3768 0.924172 5.54879 1.93403 10.7994 0 14.9732 16.0514 0.39229 0 0
5000.00 1458.15 21.280359 49.901567 -257672.140163 6.430758 24.994274 cpx Na0.03Ca0.65Fe''0.34Mg0.81Fe'''0.06Ti0.03Al0.25Si1.83O6 49.1729 1.01446 5.60176 2.00252 10.9239 0 14.646 16.2322 0.406176 0 0
5000.00 1453.15 21.594895 50.503470 -261055.651232 6.515754 25.304114 cpx Na0.03Ca0.66Fe''0.35Mg0.80Fe'''0.06Ti0.03Al0.25Si1.83O6 48.9645 1.11116 5.65727 2.07058 11.0367 0 14.3248 16.4152 0.419808 0 0
5000.00 1448.15 21.896313 51.071026 -264293.360629 6.596654 25.597889 cpx Na0.03Ca0.67Fe''0.35Mg0.78Fe'''0.06Ti0.03Al0.25Si1.83O6 48.7532 1.21364 5.71412 2.13716 11.139 0 14.0112 16.5987 0.432948 0 0
5000.00 1443.15 22.177568 51.588288 -267303.239851 6.671414 25.867826 cpx Na0.03Ca0.67Fe''0.35Mg0.77Fe'''0.06Ti0.04Al0.26Si1.82O6 48.5411 1.32078 5.77097 2.2009 11.2323 0 13.7075 16.7811 0.445278 0 0
5000.00 1438.15 22.448138 52.076462 -270197.493807 6.742706 26.124113 cpx Na0.03Ca0.68Fe''0.36Mg0.75Fe'''0.06Ti0.04Al0.26Si1.81O6 48.3196 1.43789 5.83217 2.26293 11.3149 0 13.4072 16.9685 0.456749 0 0
5000.00 1433.15 22.699747 52.517173 -272894.526579 6.808214 26.358043 cpx Na0.03Ca0.69Fe''0.36Mg0.74Fe'''0.07Ti0.04Al0.26Si1.81O6 48.0895 1.56485 5.89976 2.32172 11.382 0 13.1143 17.1608 0.467016 0 0
5000.00 1428.15 22.931771 52.910005 -275410.728902 6.867918 26.569865 cpx Na0.03Ca0.70Fe''0.36Mg0.72Fe'''0.07Ti0.05Al0.27Si1.80O6 47.8485 1.70317 5.97881 2.37687 11.4254 0 12.8321 17.3591 0.476058 0 0
5000.00 1423.15 23.152786 53.274769 -277865.578184 6.924326 26.769487 cpx Na0.04Ca0.71Fe''0.36Mg0.71Fe'''0.07Ti0.05Al0.27Si1.80O6 47.5871 1.8594 6.07709 2.4302 11.4356 0 12.5576 17.5687 0.484363 0 0
5000.00 1418.15 23.362104 53.609829 -280253.857432 6.977172 26.956124 cpx Na0.04Ca0.72Fe''0.36Mg0.69Fe'''0.07Ti0.06Al0.28Si1.79O6 47.302 2.03686 6.19576 2.48186 11.4116 0 12.2902 17.7894 0.492232 0 0
5000.00 1413.15 23.552338 53.898447 -282480.120257 7.024262 27.121531 cpx Na0.04Ca0.73Fe''0.36Mg0.68Fe'''0.07Ti0.06Al0.28Si1.78O6 46.9974 2.23423 6.33029 2.53006 11.3592 0 12.0318 18.0175 0.499579 0 0
5000.00 1408.15 23.716316 54.124871 -284449.698725 7.063546 27.258001 cpx Na0.04Ca0.74Fe''0.36Mg0.67Fe'''0.07Ti0.07Al0.29Si1.77O6 46.6807 2.4473 6.47448 2.57233 11.2864 0 11.7856 18.2472 0.506137 0 0
5000.00 1403.15 23.850236 54.281496 -286109.408729 7.094042 27.361891 cpx Na0.04Ca0.75Fe''0.36Mg0.65Fe'''0.07Ti0.08Al0.30Si1.76O6 46.3608 2.67013 6.62249 2.60647 11.2007 0 11.5548 18.4729 0.511671 0 0
5000.00 1398.15 24.507461 55.680482 -293842.404872 7.291365 28.109405 cpx Na0.04Ca0.75Fe''0.36Mg0.66Fe'''0.07Ti0.07Al0.29Si1.77O6 46.6216 2.483 6.44195 2.53937 11.4235 0 11.5968 18.3933 0.500423 0 0
5000.00 1393.15 24.906293 56.481793 -298634.214151 7.410821 28.557274 cpx Na0.04Ca0.75Fe''0.37Mg0.66Fe'''0.07Ti0.07Al0.28Si1.77O6 46.7809 2.37511 6.33118 2.4863 11.5476 0 11.6133 18.3724 0.493245 0 0
5000.00 1388.15 25.191221 57.021726 -302142.388025 7.496457 28.875148 cpx Na0.04Ca0.75Fe''0.37Mg0.66Fe'''0.07Ti0.07Al0.28Si1.78O6 46.9144 2.28828 6.24337 2.43762 11.6313 0 11.63 18.3673 0.487779 0 0
5000.00 1383.15 25.403526 57.394867 -304835.394824 7.560455 29.109895 cpx Na0.04Ca0.75Fe''0.37Mg0.66Fe'''0.07Ti0.06Al0.28Si1.78O6 47.027 2.21691 6.17387 2.39384 11.6863 0 11.6446 18.3737 0.483757 0 0
5000.00 1378.15 25.568286 57.658608 -306996.976225 7.610218 29.289982 cpx Na0.04Ca0.75Fe''0.37Mg0.66Fe'''0.07Ti0.06Al0.27Si1.79O6 47.1222 2.15753 6.11961 2.35501 11.7198 0 11.6561 18.3887 0.480985 0 0
5000.00 1373.15 25.724687 57.902105 -309029.902164 7.660818 29.469965 cpx Na0.03Ca0.75Fe''0.38Mg0.66Fe'''0.06Ti0.06Al0.26Si1.80O6 47.3929 2.02265 5.90823 2.23475 11.8586 0 11.7541 18.3653 0.463476 0 0
5000.00 1368.15 25.786045 57.929287 -309972.171994 7.683670 29.542949 cpx Na0.03Ca0.74Fe''0.38Mg0.67Fe'''0.06Ti0.05Al0.25Si1.81O6 47.674 1.89328 5.68183 2.10398 11.9865 0 11.867 18.3491 0.444382 0 0
5000.00 1363.15 25.794640 57.833246 -310374.281992 7.686773 29.542864 cpx Na0.03Ca0.75Fe''0.38Mg0.67Fe'''0.06Ti0.05Al0.25Si1.81O6 47.7284 1.87716 5.64577 2.06315 11.9656 0 11.8738 18.4041 0.441994 0 0
5000.00 1358.15 25.806982 57.744016 -310844.838931 7.689624 29.542754 cpx Na0.03Ca0.75Fe''0.38Mg0.67Fe'''0.06Ti0.05Al0.25Si1.81O6 47.709 1.89694 5.67242 2.05168 11.8993 0 11.8451 18.4805 0.445066 0 0
5000.00 1353.15 25.818988 57.653649 -311310.768081 7.692362 29.542249 cpx Na0.03Ca0.75Fe''0.37Mg0.67Fe'''0.06Ti0.05Al0.25Si1.81O6 47.6894 1.917 5.69921 2.04006 11.8336 0 11.8168 18.5558 0.448132 0 0
5000.00 1348.15 25.830672 57.562167 -311772.245060 7.694992 29.541361 cpx Na0.03Ca0.76Fe''0.37Mg0.67Fe'''0.06Ti0.06Al0.26Si1.80O6 47.6696 1.93736 5.72614 2.02829 11.7683 0 11.7889 18.6302 0.451193 0 0
5000.00 1343.15 25.842043 57.469589 -312229.424376 7.697516 29.540096 cpx Na0.03Ca0.76Fe''0.37Mg0.66Fe'''0.06Ti0.06Al0.26Si1.80O6 47.6494 1.95804 5.75323 2.01637 11.7036 0 11.7614 18.7037 0.454249 0 0
5000.00 1338.15 25.853109 57.375929 -312682.440569 7.699936 29.538462 cpx Na0.03Ca0.76Fe''0.37Mg0.66Fe'''0.06Ti0.06Al0.26Si1.80O6 47.629 1.97906 5.7805 2.00431 11.6393 0 11.7343 18.7763 0.457302 0 0
5000.00 1333.15 25.863879 57.281199 -313131.409100 7.702253 29.536463 cpx Na0.03Ca0.76Fe''0.37Mg0.66Fe'''0.06Ti0.06Al0.26Si1.80O6 47.6083 2.00044 5.80796 1.99211 11.5754 0 11.7075 18.848 0.460351 0 0
5000.00 1328.15 25.874357 57.185407 -313576.427008 7.704471 29.534102 cpx Na0.03Ca0.77Fe''0.36Mg0.66Fe'''0.06Ti0.06Al0.26Si1.80O6 47.5871 2.02222 5.83562 1.97978 11.5118 0 11.6811 18.919 0.463396 0 0
5000.00 1323.15 25.884549 57.088559 -314017.573336 7.706588 29.531381 cpx Na0.03Ca0.77Fe''0.36Mg0.66Fe'''0.06Ti0.06Al0.26Si1.80O6 47.5656 2.04442 5.8635 1.96731 11.4487 0 11.6549 18.9891 0.466439 0 0
5000.00 1318.15 25.894458 56.990656 -314454.909349 7.708606 29.528300 cpx Na0.03Ca0.77Fe''0.36Mg0.66Fe'''0.06Ti0.06Al0.26Si1.80O6 47.5437 2.06706 5.89162 1.95471 11.3859 0 11.6291 19.0585 0.469479 0 0
5000.00 1313.15 25.904086 56.891698 -314888.478523 7.710524 29.524858 cpx Na0.03Ca0.78Fe''0.36Mg0.65Fe'''0.06Ti0.06Al0.26Si1.80O6 47.5213 2.09019 5.92 1.94199 11.3233 0 11.6035 19.1272 0.472517 0 0
5000.00 1308.15 25.913434 56.791682 -315318.306160 7.712343 29.521050 cpx Na0.03Ca0.78Fe''0.36Mg0.65Fe'''0.05Ti0.06Al0.27Si1.80O6 47.4983 2.11382 5.94864 1.92914 11.2611 0 11.5782 19.1952 0.475552 0 0
5000.00 1303.15 25.922498 56.690594 -315744.368172 7.714059 29.516870 cpx Na0.04Ca0.78Fe''0.35Mg0.65Fe'''0.05Ti0.06Al0.27Si1.80O6 47.4748 2.13801 5.97759 1.91618 11.1991 0 11.5531 19.2626 0.478583 0 0
5000.00 1298.15 25.931276 56.588419 -316166.627866 7.715672 29.512307 cpx Na0.04Ca0.78Fe''0.35Mg0.65Fe'''0.05Ti0.06Al0.27Si1.80O6 47.4507 2.16279 6.00685 1.9031 11.1374 0 11.5282 19.3294 0.481609 0 0
5000.00 1293.15 25.939763 56.485144 -316585.050900 7.717179 29.507354 cpx Na0.04Ca0.79Fe''0.35Mg0.65Fe'''0.05Ti0.06Al0.27Si1.79O6 47.4259 2.18819 6.03645 1.8899 11.0758 0 11.5034 19.3956 0.484629 0 0
5000.00 1288.15 25.947955 56.380750 -316999.581360 7.718577 29.501999 cpx Na0.04Ca0.79Fe''0.35Mg0.65Fe'''0.05Ti0.06Al0.27Si1.79O6 47.4004 2.21428 6.06642 1.87659 11.0145 0 11.4789 19.4613 0.487643 0 0
5000.00 1283.15 25.955845 56.275215 -317410.140112 7.719863 29.496228 cpx Na0.04Ca0.79Fe''0.35Mg0.65Fe'''0.05Ti0.06Al0.27Si1.79O6 47.3741 2.2411 6.09679 1.86318 10.9533 0 11.4544 19.5264 0.49065 0 0
5000.00 1278.15 25.963424 56.168514 -317816.622752 7.721033 29.490028 cpx Na0.04Ca0.79Fe''0.34Mg0.64Fe'''0.05Ti0.06Al0.27Si1.79O6 47.347 2.26869 6.12758 1.84966 10.8923 0 11.4301 19.5911 0.493651 0 0
5000.00 1273.15 25.476721 54.997437 -312098.976710 7.576908 28.927104 cpx Na0.04Ca0.80Fe''0.34Mg0.65Fe'''0.05Ti0.06Al0.27Si1.79O6 47.4229 2.23723 6.07435 1.81218 10.8934 0 11.444 19.6232 0.492667 0 0
5000.00 1268.15 24.947546 53.739275 -305844.709664 7.420331 28.316840 cpx Na0.04Ca0.80Fe''0.34Mg0.65Fe'''0.05Ti0.06Al0.27Si1.80O6 47.5111 2.19898 6.01079 1.77202 10.9013 0 11.4628 19.6518 0.491143 0 0
5000.00 1263.15 24.438585 52.528992 -299830.451795 7.269729 27.729839 cpx Na0.04Ca0.80Fe''0.34Mg0.65Fe'''0.05Ti0.06Al0.26Si1.80O6 47.5984 2.1615 5.94755 1.73223 10.9079 0 11.4819 19.681 0.489581 0 0
5000.00 1258.15 23.948882 51.364282 -294044.894414 7.124821 27.164998 cpx Na0.04Ca0.80Fe''0.34Mg0.65Fe'''0.05Ti0.06Al0.26Si1.80O6 47.6848 2.12476 5.88462 1.6928 10.9133 0 11.501 19.7107 0.487981 0 0
5000.00 1253.15 23.477546 50.243006 -288477.553246 6.985344 26.621291 cpx Na0.04Ca0.80Fe''0.35Mg0.65Fe'''0.05Ti0.06Al0.26Si1.81O6 47.7703 2.08873 5.82199 1.65375 10.9175 0 11.5204 19.741 0.486343 0 0
5000.00 1248.15 23.023752 49.163168 -283118.684624 6.851055 26.097768 cpx Na0.04Ca0.80Fe''0.35Mg0.65Fe'''0.05Ti0.06Al0.26Si1.81O6 47.855 2.05339 5.75966 1.61509 10.9204 0 11.54 19.7718 0.484666 0 0
5000.00 1243.15 22.586729 48.122908 -277959.211819 6.721727 25.593538 cpx Na0.04Ca0.80Fe''0.35Mg0.65Fe'''0.04Ti0.06Al0.25Si1.81O6 47.9389 2.01873 5.69761 1.57683 10.9222 0 11.5598 19.803 0.482951 0 0
5000.00 1238.15 22.165758 47.120484 -272990.660163 6.597148 25.107772 cpx Na0.04Ca0.80Fe''0.35Mg0.65Fe'''0.04Ti0.06Al0.25Si1.81O6 48.022 1.98471 5.63585 1.53896 10.9227 0 11.5798 19.8348 0.481197 0 0
5000.00 1233.15 21.760165 46.154264 -268205.099716 6.477121 24.639692 cpx Na0.04Ca0.80Fe''0.34Mg0.65Fe'''0.04Ti0.06Al0.25Si1.82O6 48.1043 1.95131 5.57435 1.50151 10.922 0 11.6 19.8671 0.479404 0 0
5000.00 1228.15 21.369318 45.222713 -263595.094506 6.361458 24.188568 cpx Na0.03Ca0.81Fe''0.34Mg0.65Fe'''0.04Ti0.05Al0.25Si1.82O6 48.1859 1.91853 5.51313 1.46448 10.9201 0 11.6205 19.8998 0.477573 0 0
5000.00 1223.15 20.992623 44.324390 -259153.657476 6.249984 23.753714 cpx Na0.03Ca0.81Fe''0.34Mg0.66Fe'''0.04Ti0.05Al0.24Si1.82O6 48.2667 1.88634 5.45217 1.42787 10.9169 0 11.6413 19.933 0.475704 0 0
5000.00 1218.15 20.629521 43.457931 -254874.210418 6.142536 23.334481 cpx Na0.03Ca0.81Fe''0.34Mg0.66Fe'''0.04Ti0.05Al0.24Si1.82O6 48.3468 1.85472 5.39148 1.39171 10.9125 0 11.6623 19.9667 0.473797 0 0
5000.00 1213.15 20.279482 42.622053 -250750.548248 6.038956 22.930261 cpx Na0.03Ca0.81Fe''0.34Mg0.66Fe'''0.04Ti0.05Al0.24Si1.83O6 48.4262 1.82367 5.33104 1.35598 10.9069 0 11.6836 20.0008 0.471852 0 0
5000.00 1208.15 19.942009 41.815537 -246776.807122 5.939098 22.540474 cpx Na0.03Ca0.81Fe''0.34Mg0.66Fe'''0.04Ti0.05Al0.23Si1.83O6 48.5049 1.79315 5.27087 1.32071 10.9 0 11.7052 20.0353 0.46987 0 0
5000.00 1203.15 19.616628 41.037230 -242947.435899 5.842823 22.164574 cpx Na0.03Ca0.81Fe''0.34Mg0.66Fe'''0.04Ti0.05Al0.23Si1.83O6 48.5829 1.76317 5.21095 1.28589 10.892 0 11.7271 20.0702 0.46785 0 0
5000.00 1198.15 19.302890 40.286037 -239257.170570 5.749998 21.802042 cpx Na0.03Ca0.81Fe''0.34Mg0.66Fe'''0.04Ti0.05Al0.23Si1.84O6 48.6602 1.7337 5.15128 1.25154 10.8827 0 11.7493 20.1055 0.465793 0 0
5000.00 1193.15 19.000370 39.560917 -235701.011306 5.660497 21.452383 cpx Na0.03Ca0.81Fe''0.34Mg0.66Fe'''0.03Ti0.05Al0.23Si1.84O6 48.7369 1.70473 5.09187 1.21767 10.8721 0 11.7718 20.1412 0.463699 0 0
5000.00 1188.15 18.708661 38.860879 -232274.201825 5.574201 21.115128 cpx Na0.03Ca0.82Fe''0.34Mg0.66Fe'''0.03Ti0.05Al0.22Si1.84O6 48.8129 1.67625 5.03272 1.18428 10.8604 0 11.7946 20.1773 0.461569 0 0
5000.00 1183.15 18.427378 38.184977 -228972.210807 5.490995 20.789830 cpx Na0.03Ca0.82Fe''0.34Mg0.66Fe'''0.03Ti0.05Al0.22Si1.84O6 48.8883 1.64824 4.97383 1.15137 10.8474 0 11.8178 20.2137 0.459403 0 0

rhm-oxide_0 thermodynamic data and composition:
Pressure Temperature mass S H V Cp formula SiO2 TiO2 Al2O3 Fe2O3 FeO MnO MgO CaO Na2O K2O P2O5
5000.00 1398.15 0.490610 1.000331 -3577.795371 0.107204 0.451026 Mn0.04Fe''0.76Mg0.12Fe'''0.17Ti0.92O3 0 49.2839 0 8.96368 36.5936 1.91322 3.24561 0 0 0 0
5000.00 1393.15 0.799724 1.628184 -5827.551621 0.174582 0.734921 Mn0.05Fe''0.75Mg0.11Fe'''0.17Ti0.92O3 0 49.2554 0 8.92073 36.3891 2.31969 3.11501 0 0 0 0
5000.00 1388.15 1.032446 2.098914 -7520.055661 0.225194 0.948454 Mn0.06Fe''0.75Mg0.11Fe'''0.17Ti0.92O3 0 49.2324 0 8.87998 36.149 2.73855 3.0001 0 0 0 0
5000.00 1383.15 1.213174 2.462728 -8834.339502 0.264406 1.114121 Mn0.07Fe''0.74Mg0.11Fe'''0.17Ti0.92O3 0 49.2108 0 8.84494 35.884 3.16411 2.89613 0 0 0 0
5000.00 1378.15 1.356936 2.750531 -9880.228657 0.295522 1.245772 Mn0.08Fe''0.74Mg0.10Fe'''0.16Ti0.92O3 0 49.189 0 8.81709 35.6015 3.59197 2.80045 0 0 0 0
5000.00 1373.15 1.656040 3.350596 -12070.725254 0.360511 1.519232 Mn0.08Fe''0.74Mg0.10Fe'''0.16Ti0.92O3 0 49.2991 0 8.5521 35.5245 3.90013 2.72414 0 0 0 0
5000.00 1368.15 1.925154 3.887509 -14052.701888 0.418982 1.764647 Mn0.09Fe''0.74Mg0.10Fe'''0.15Ti0.92O3 0 49.4413 0 8.2388 35.5037 4.15145 2.66473 0 0 0 0
5000.00 1363.15 1.977670 3.986300 -14447.513462 0.430322 1.811989 Mn0.09Fe''0.74Mg0.10Fe'''0.15Ti0.92O3 0 49.4888 0 8.13356 35.5438 4.18907 2.64479 0 0 0 0
5000.00 1358.15 1.970002 3.963767 -14399.377779 0.428571 1.804401 Mn0.09Fe''0.74Mg0.10Fe'''0.15Ti0.92O3 0 49.504 0 8.09804 35.6076 4.15341 2.63694 0 0 0 0
5000.00 1353.15 1.962132 3.940858 -14349.669501 0.426776 1.796628 Mn0.09Fe''0.74Mg0.10Fe'''0.15Ti0.92O3 0 49.5193 0 8.06224 35.6714 4.11819 2.62887 0 0 0 0
5000.00 1348.15 1.954052 3.917558 -14298.320997 0.424936 1.788662 Mn0.09Fe''0.74Mg0.10Fe'''0.15Ti0.93O3 0 49.5346 0 8.02615 35.7353 4.08341 2.62055 0 0 0 0
5000.00 1343.15 1.945751 3.893849 -14245.260067 0.423048 1.780494 Mn0.09Fe''0.74Mg0.10Fe'''0.15Ti0.93O3 0 49.55 0 7.98976 35.7991 4.04909 2.612 0 0 0 0
5000.00 1338.15 1.937220 3.869714 -14190.409513 0.421110 1.772114 Mn0.08Fe''0.74Mg0.10Fe'''0.15Ti0.93O3 0 49.5655 0 7.95308 35.863 4.01524 2.60321 0 0 0 0
5000.00 1333.15 1.928447 3.845134 -14133.686656 0.419120 1.763513 Mn0.08Fe''0.75Mg0.10Fe'''0.15Ti0.93O3 0 49.581 0 7.91608 35.9269 3.98185 2.59418 0 0 0 0
5000.00 1328.15 1.919420 3.820088 -14075.002789 0.417075 1.754680 Mn0.08Fe''0.75Mg0.10Fe'''0.15Ti0.93O3 0 49.5966 0 7.87877 35.9908 3.94894 2.58491 0 0 0 0
5000.00 1323.15 1.910128 3.794553 -14014.262571 0.414972 1.745603 Mn0.08Fe''0.75Mg0.10Fe'''0.15Ti0.93O3 0 49.6123 0 7.84114 36.0547 3.91652 2.57539 0 0 0 0
5000.00 1318.15 1.900555 3.768506 -13951.363334 0.412809 1.736272 Mn0.08Fe''0.75Mg0.10Fe'''0.15Ti0.93O3 0 49.628 0 7.80317 36.1186 3.88459 2.56563 0 0 0 0
5000.00 1313.15 1.890689 3.741920 -13886.194293 0.410582 1.726671 Mn0.08Fe''0.75Mg0.09Fe'''0.15Ti0.93O3 0 49.6439 0 7.76485 36.1825 3.85317 2.55562 0 0 0 0
5000.00 1308.15 1.880511 3.714769 -13818.635650 0.408289 1.716788 Mn0.08Fe''0.75Mg0.09Fe'''0.14Ti0.93O3 0 49.6598 0 7.72618 36.2464 3.82226 2.54537 0 0 0 0
5000.00 1303.15 1.870005 3.687020 -13748.555428 0.405924 1.706606 Mn0.08Fe''0.75Mg0.09Fe'''0.14Ti0.93O3 0 49.6758 0 7.68715 36.3103 3.79188 2.53487 0 0 0 0
5000.00 1298.15 1.859152 3.658640 -13675.810590 0.403485 1.696108 Mn0.08Fe''0.76Mg0.09Fe'''0.14Ti0.93O3 0 49.6919 0 7.64774 36.3742 3.76203 2.52411 0 0 0 0
5000.00 1293.15 1.847932 3.629594 -13600.246941 0.400966 1.685276 Mn0.08Fe''0.76Mg0.09Fe'''0.14Ti0.93O3 0 49.7082 0 7.60795 36.438 3.73273 2.5131 0 0 0 0
5000.00 1288.15 1.836321 3.599841 -13521.696109 0.398364 1.674089 Mn0.08Fe''0.76Mg0.09Fe'''0.14Ti0.93O3 0 49.7245 0 7.56775 36.5019 3.704 2.50184 0 0 0 0
5000.00 1283.15 1.824295 3.569338 -13439.973728 0.395671 1.662526 Mn0.08Fe''0.76Mg0.09Fe'''0.14Ti0.93O3 0 49.7409 0 7.52714 36.5658 3.67584 2.49032 0 0 0 0
5000.00 1278.15 1.811827 3.538037 -13354.877330 0.392884 1.650563 Mn0.08Fe''0.76Mg0.09Fe'''0.14Ti0.93O3 0 49.7575 0 7.48609 36.6296 3.64828 2.47854 0 0 0 0
5000.00 1273.15 1.737324 3.385751 -12812.993162 0.376631 1.581950 Mn0.08Fe''0.76Mg0.09Fe'''0.14Ti0.93O3 0 49.7941 0 7.3966 36.6829 3.67387 2.45256 0 0 0 0
5000.00 1268.15 1.655663 3.220090 -12217.822703 0.358833 1.506863 Mn0.08Fe''0.76Mg0.09Fe'''0.14Ti0.93O3 0 49.8334 0 7.30081 36.7341 3.70675 2.42494 0 0 0 0
5000.00 1263.15 1.574718 3.056441 -11627.291186 0.341200 1.432496 Mn0.08Fe''0.76Mg0.09Fe'''0.13Ti0.93O3 0 49.8728 0 7.20481 36.7846 3.74026 2.39746 0 0 0 0
5000.00 1258.15 1.494509 2.894840 -11041.550782 0.323736 1.358866 Mn0.08Fe''0.77Mg0.09Fe'''0.13Ti0.93O3 0 49.9124 0 7.10865 36.8344 3.77442 2.37012 0 0 0 0
5000.00 1253.15 1.415057 2.735320 -10460.749415 0.306445 1.285992 Mn0.08Fe''0.77Mg0.09Fe'''0.13Ti0.93O3 0 49.9522 0 7.01235 36.8833 3.80923 2.34292 0 0 0 0
5000.00 1248.15 1.336380 2.577911 -9885.030539 0.289332 1.213891 Mn0.08Fe''0.77Mg0.09Fe'''0.13Ti0.94O3 0 49.992 0 6.91595 36.9315 3.84469 2.31586 0 0 0 0
5000.00 1243.15 1.258497 2.422642 -9314.532908 0.272399 1.142579 Mn0.08Fe''0.77Mg0.08Fe'''0.13Ti0.94O3 0 50.0319 0 6.81948 36.9788 3.88081 2.28893 0 0 0 0
5000.00 1238.15 1.181426 2.269542 -8749.390383 0.255652 1.072072 Mn0.08Fe''0.77Mg0.08Fe'''0.13Ti0.94O3 0 50.072 0 6.72297 37.0253 3.91758 2.26213 0 0 0 0
5000.00 1233.15 1.105184 2.118635 -8189.731739 0.239092 1.002384 Mn0.08Fe''0.77Mg0.08Fe'''0.12Ti0.94O3 0 50.1121 0 6.62646 37.071 3.95502 2.23547 0 0 0 0
5000.00 1228.15 1.029787 1.969945 -7635.680487 0.222724 0.933529 Mn0.08Fe''0.77Mg0.08Fe'''0.12Ti0.94O3 0 50.1522 0 6.52998 37.1158 3.99312 2.20893 0 0 0 0
5000.00 1223.15 0.955250 1.823495 -7087.354724 0.206551 0.865522 Mn0.09Fe''0.77Mg0.08Fe'''0.12Ti0.94O3 0 50.1923 0 6.43355 37.1597 4.03189 2.18253 0 0 0 0
5000.00 1218.15 0.881589 1.679303 -6544.866983 0.190575 0.798373 Mn0.09Fe''0.77Mg0.08Fe'''0.12Ti0.94O3 0 50.2325 0 6.33723 37.2027 4.07132 2.15626 0 0 0 0
5000.00 1213.15 0.808816 1.537388 -6008.324109 0.174800 0.732095 Mn0.09Fe''0.78Mg0.08Fe'''0.12Ti0.94O3 0 50.2726 0 6.24103 37.2448 4.11143 2.13012 0 0 0 0
5000.00 1208.15 0.736944 1.397766 -5477.827149 0.159227 0.666698 Mn0.09Fe''0.78Mg0.08Fe'''0.12Ti0.94O3 0 50.3128 0 6.14499 37.2859 4.15221 2.1041 0 0 0 0
5000.00 1203.15 0.665985 1.260450 -4953.471255 0.143859 0.602192 Mn0.09Fe''0.78Mg0.08Fe'''0.11Ti0.94O3 0 50.3528 0 6.04914 37.3261 4.19366 2.07822 0 0 0 0
5000.00 1198.15 0.595951 1.125453 -4435.345606 0.128699 0.538587 Mn0.09Fe''0.78Mg0.08Fe'''0.11Ti0.94O3 0 50.3929 0 5.95353 37.3654 4.23579 2.05245 0 0 0 0
5000.00 1193.15 0.526850 0.992786 -3923.533345 0.113748 0.475890 Mn0.09Fe''0.78Mg0.08Fe'''0.11Ti0.95O3 0 50.4328 0 5.85817 37.4036 4.27859 2.02682 0 0 0 0
5000.00 1188.15 0.458693 0.862456 -3418.111527 0.099008 0.414109 Mn0.09Fe''0.78Mg0.07Fe'''0.11Ti0.95O3 0 50.4726 0 5.7631 37.4409 4.32207 2.00131 0 0 0 0
5000.00 1183.15 0.391487 0.734469 -2919.151095 0.084481 0.353250 Mn0.09Fe''0.78Mg0.07Fe'''0.11Ti0.95O3 0 50.5124 0 5.66835 37.4771 4.36623 1.97592 0 0 0 0

clinopyroxene_1 thermodynamic data and composition:
Pressure Temperature mass S H V Cp structure formula SiO2 TiO2 Al2O3 Fe2O3 FeO MnO MgO CaO Na2O K2O P2O5
5000.00 1503.15 0.817813 1.983634 -9929.524942 0.249917 0.994177 cpx Na0.01Ca0.36Fe''0.37Mg1.13Fe'''0.03Ti0.01Al0.20Si1.88O6 51.4962 0.272319 4.69436 1.22078 12.2066 0 20.7401 9.17882 0.190815 0 0
5000.00 1498.15 3.551140 8.592906 -42946.729925 1.082935 4.307009 cpx Na0.01Ca0.36Fe''0.39Mg1.12Fe'''0.03Ti0.01Al0.20Si1.88O6 51.3609 0.293974 4.68014 1.26083 12.6647 0 20.4529 9.09045 0.196119 0 0
5000.00 1493.15 5.971725 14.416119 -71934.312390 1.817297 7.226560 cpx Na0.01Ca0.35Fe''0.40Mg1.10Fe'''0.04Ti0.01Al0.20Si1.88O6 51.2281 0.315359 4.66528 1.29959 13.1295 0 20.181 8.98041 0.200745 0 0
5000.00 1488.15 8.121077 19.558969 -97433.800851 2.466213 9.805923 cpx Na0.01Ca0.35Fe''0.42Mg1.09Fe'''0.04Ti0.01Al0.20Si1.88O6 51.0976 0.33639 4.6499 1.3371 13.6003 0 19.9212 8.85279 0.204737 0 0
5000.00 1483.15 10.038394 24.120398 -119951.826138 3.042083 12.094743 cpx Na0.01Ca0.34Fe''0.43Mg1.08Fe'''0.04Ti0.01Al0.20Si1.88O6 50.9688 0.356976 4.63404 1.37335 14.0763 0 19.6712 8.71122 0.208135 0 0
5000.00 1478.15 11.759904 28.191190 -139952.990736 3.556315 14.138550 cpx Na0.02Ca0.34Fe''0.45Mg1.07Fe'''0.04Ti0.01Al0.20Si1.88O6 50.8419 0.377015 4.61765 1.40829 14.5564 0 19.429 8.55883 0.210972 0 0
5000.00 1473.15 13.318791 31.853937 -157859.551030 4.019309 15.978764 cpx Na0.02Ca0.33Fe''0.47Mg1.06Fe'''0.04Ti0.01Al0.20Si1.88O6 50.7169 0.396384 4.60057 1.44182 15.0395 0 19.1931 8.39837 0.213277 0 0
5000.00 1468.15 14.743335 35.178749 -174030.464886 4.439917 17.650564 cpx Na0.02Ca0.33Fe''0.48Mg1.05Fe'''0.04Ti0.01Al0.20Si1.88O6 50.5941 0.414929 4.58254 1.47377 15.5246 0 18.9628 8.23223 0.215067 0 0
5000.00 1463.15 16.057609 38.225080 -188770.786784 4.825664 19.183816 cpx Na0.02Ca0.32Fe''0.50Mg1.04Fe'''0.04Ti0.01Al0.20Si1.87O6 50.4741 0.432456 4.56324 1.50388 16.0102 0 18.7373 8.06254 0.216351 0 0
5000.00 1458.15 17.281945 41.042962 -202338.138487 5.182905 20.603693 cpx Na0.02Ca0.31Fe''0.51Mg1.03Fe'''0.04Ti0.01Al0.20Si1.87O6 50.3575 0.448727 4.54222 1.53183 16.4949 0 18.5164 7.89133 0.217127 0 0
5000.00 1453.15 18.433181 43.673695 -214946.594607 5.516910 21.931029 cpx Na0.02Ca0.31Fe''0.53Mg1.02Fe'''0.04Ti0.01Al0.20Si1.87O6 50.2453 0.463454 4.51892 1.55717 16.9771 0 18.3001 7.7206 0.21738 0 0
5000.00 1448.15 19.524811 46.150320 -226769.512964 5.831927 23.182558 cpx Na0.02Ca0.30Fe''0.55Mg1.01Fe'''0.04Ti0.01Al0.20Si1.87O6 50.1386 0.47631 4.49267 1.57936 17.4551 0 18.0886 7.55233 0.217079 0 0
5000.00 1443.15 20.566805 48.497313 -237938.599243 6.131137 24.370767 cpx Na0.02Ca0.30Fe''0.56Mg1.00Fe'''0.05Ti0.01Al0.20Si1.87O6 50.0385 0.486972 4.46296 1.59775 17.9268 0 17.8824 7.38846 0.216171 0 0
5000.00 1438.15 21.592163 50.792770 -248830.274355 6.424322 25.534660 cpx Na0.02Ca0.29Fe''0.58Mg0.99Fe'''0.05Ti0.01Al0.20Si1.87O6 49.9424 0.496439 4.43055 1.61249 18.3982 0 17.6792 7.22621 0.214525 0 0
5000.00 1433.15 22.583596 52.997234 -259273.215501 6.706631 26.655030 cpx Na0.02Ca0.28Fe''0.59Mg0.98Fe'''0.05Ti0.01Al0.19Si1.87O6 49.8522 0.504446 4.397 1.62276 18.8605 0 17.4842 7.06685 0.212084 0 0
5000.00 1428.15 23.514646 55.050869 -269003.770471 6.970610 27.702542 cpx Na0.02Ca0.28Fe''0.61Mg0.97Fe'''0.05Ti0.01Al0.19Si1.87O6 49.7688 0.51112 4.36546 1.6284 19.3025 0 17.3043 6.91051 0.208932 0 0
5000.00 1423.15 24.376138 56.934556 -277946.961001 7.213839 28.667987 cpx Na0.02Ca0.27Fe''0.62Mg0.96Fe'''0.05Ti0.01Al0.19Si1.87O6 49.6921 0.51716 4.33825 1.62998 19.7184 0 17.1438 6.75509 0.205261 0 0
5000.00 1418.15 25.169782 58.653899 -286143.944953 7.437092 29.554413 cpx Na0.01Ca0.27Fe''0.63Mg0.96Fe'''0.05Ti0.01Al0.19Si1.87O6 49.6238 0.522409 4.31367 1.62738 20.1061 0 17.0038 6.6015 0.20127 0 0
5000.00 1413.15 25.903203 60.227457 -293695.154947 7.642840 30.371263 cpx Na0.01Ca0.26Fe''0.65Mg0.95Fe'''0.05Ti0.01Al0.19Si1.87O6 49.5668 0.526121 4.28782 1.61987 20.4663 0 16.8831 6.45298 0.197065 0 0
5000.00 1408.15 26.581305 61.667157 -300667.293414 7.832720 31.124583 cpx Na0.01Ca0.26Fe''0.66Mg0.95Fe'''0.05Ti0.02Al0.19Si1.87O6 49.5234 0.527565 4.25727 1.60677 20.7994 0 16.7799 6.313 0.192699 0 0
5000.00 1403.15 27.204077 62.973597 -307070.784532 8.006890 31.814657 cpx Na0.01Ca0.25Fe''0.67Mg0.94Fe'''0.05Ti0.01Al0.19Si1.88O6 49.495 0.526331 4.22016 1.58785 21.1055 0 16.6927 6.18417 0.188225 0 0
5000.00 1398.15 27.189941 62.796036 -306497.125787 7.996266 31.758434 cpx Na0.01Ca0.25Fe''0.68Mg0.94Fe'''0.04Ti0.01Al0.19Si1.88O6 49.5049 0.500376 4.16696 1.56126 21.3277 0 16.5772 6.17764 0.184012 0 0
5000.00 1393.15 27.194713 62.672339 -306290.801848 7.992667 31.733937 cpx Na0.01Ca0.25Fe''0.68Mg0.93Fe'''0.04Ti0.01Al0.18Si1.88O6 49.523 0.479988 4.12112 1.53292 21.5028 0 16.5116 6.14828 0.180321 0 0
5000.00 1388.15 27.176244 62.500665 -305921.826616 7.983182 31.687675 cpx Na0.01Ca0.25Fe''0.69Mg0.93Fe'''0.04Ti0.01Al0.18Si1.88O6 49.5457 0.46167 4.08121 1.50474 21.6457 0 16.4718 6.11213 0.177093 0 0
5000.00 1383.15 27.146950 62.307942 -305493.366528 7.971084 31.632190 cpx Na0.01Ca0.25Fe''0.69Mg0.93Fe'''0.04Ti0.01Al0.18Si1.88O6 49.5695 0.445 4.04718 1.47782 21.7674 0 16.4482 6.07068 0.174279 0 0
5000.00 1378.15 27.113723 62.108927 -305060.883243 7.958175 31.574331 cpx Na0.01Ca0.25Fe''0.69Mg0.93Fe'''0.04Ti0.01Al0.18Si1.88O6 49.5925 0.429701 4.01878 1.45269 21.8747 0 16.4349 6.02498 0.171834 0 0
5000.00 1373.15 26.737606 61.113927 -300756.744048 7.845690 31.115863 cpx Na0.01Ca0.24Fe''0.70Mg0.93Fe'''0.04Ti0.01Al0.17Si1.89O6 49.6828 0.407107 3.89938 1.38294 22.0192 0 16.4299 6.01421 0.164471 0 0
5000.00 1368.15 26.378824 60.163226 -296707.397598 7.739146 30.681345 cpx Na0.01Ca0.24Fe''0.70Mg0.93Fe'''0.04Ti0.01Al0.17Si1.89O6 49.7903 0.384738 3.76373 1.30533 22.15 0 16.4451 6.0043 0.156538 0 0
5000.00 1363.15 26.307616 59.884701 -295921.012046 7.716028 30.584935 cpx Na0.01Ca0.24Fe''0.71Mg0.93Fe'''0.04Ti0.01Al0.17Si1.89O6 49.8272 0.373913 3.72322 1.27314 22.2396 0 16.4645 5.94479 0.153604 0 0
5000.00 1358.15 26.311014 59.780187 -295974.783623 7.714382 30.575752 cpx Na0.01Ca0.24Fe''0.71Mg0.93Fe'''0.04Ti0.01Al0.17Si1.89O6 49.8394 0.366862 3.71479 1.25611 22.3182 0 16.482 5.87027 0.152303 0 0
5000.00 1353.15 26.315131 59.676765 -296037.214925 7.712949 30.567218 cpx Na0.01Ca0.24Fe''0.71Mg0.93Fe'''0.04Ti0.01Al0.17Si1.89O6 49.8515 0.359922 3.70638 1.23918 22.3963 0 16.4989 5.79686 0.15102 0 0
5000.00 1348.15 26.319973 59.574436 -296108.293592 7.711732 30.559336 cpx Na0.01Ca0.23Fe''0.71Mg0.94Fe'''0.03Ti0.01Al0.17Si1.90O6 49.8633 0.353089 3.69797 1.22236 22.4739 0 16.5151 5.72452 0.149755 0 0
5000.00 1343.15 26.325547 59.473208 -296188.037929 7.710730 30.552115 cpx Na0.01Ca0.23Fe''0.72Mg0.94Fe'''0.03Ti0.01Al0.17Si1.90O6 49.8749 0.34636 3.68956 1.20565 22.551 0 16.5308 5.65322 0.148506 0 0
5000.00 1338.15 26.331862 59.373093 -296276.496576 7.709947 30.545567 cpx Na0.01Ca0.23Fe''0.72Mg0.94Fe'''0.03Ti0.01Al0.16Si1.90O6 49.8864 0.339733 3.68114 1.18904 22.6276 0 16.5459 5.58293 0.147273 0 0
5000.00 1333.15 26.338931 59.274110 -296373.748538 7.709385 30.539703 cpx Na0.01Ca0.22Fe''0.72Mg0.94Fe'''0.03Ti0.01Al0.16Si1.90O6 49.8977 0.333205 3.67271 1.17252 22.7038 0 16.5604 5.51361 0.146056 0 0
5000.00 1328.15 26.346769 59.176282 -296479.903558 7.709048 30.534542 cpx Na0.01Ca0.22Fe''0.72Mg0.94Fe'''0.03Ti0.01Al0.16Si1.90O6 49.9088 0.326773 3.66425 1.15611 22.7796 0 16.5743 5.44524 0.144852 0 0
5000.00 1323.15 26.355393 59.079637 -296595.102845 7.708941 30.530102 cpx Na0.01Ca0.22Fe''0.73Mg0.94Fe'''0.03Ti0.01Al0.16Si1.90O6 49.9198 0.320435 3.65576 1.13979 22.8551 0 16.5877 5.37779 0.143663 0 0
5000.00 1318.15 26.364823 58.984209 -296719.520171 7.709069 30.526405 cpx Na0.01Ca0.22Fe''0.73Mg0.94Fe'''0.03Ti0.01Al0.16Si1.90O6 49.9305 0.314188 3.64723 1.12356 22.9302 0 16.6006 5.31123 0.142487 0 0
5000.00 1313.15 26.375084 58.890039 -296853.363357 7.709438 30.523477 cpx Na0.01Ca0.21Fe''0.73Mg0.94Fe'''0.03Ti0.01Al0.16Si1.90O6 49.9412 0.308031 3.63865 1.10742 23.005 0 16.6129 5.24555 0.141324 0 0
5000.00 1308.15 26.386200 58.797173 -296996.876155 7.710055 30.521348 cpx Na0.01Ca0.21Fe''0.73Mg0.94Fe'''0.03Ti0.01Al0.16Si1.90O6 49.9516 0.30196 3.63002 1.09137 23.0795 0 16.6246 5.18071 0.140172 0 0
5000.00 1303.15 26.398202 58.705662 -297150.334622 7.710929 30.520048 cpx Na0.01Ca0.21Fe''0.74Mg0.94Fe'''0.03Ti0.01Al0.16Si1.90O6 49.962 0.295974 3.62132 1.07541 23.1537 0 16.6359 5.1167 0.139031 0 0
5000.00 1298.15 26.411122 58.615567 -297314.058362 7.712068 30.519614 cpx Na0.01Ca0.21Fe''0.74Mg0.94Fe'''0.03Ti0.01Al0.16Si1.90O6 49.9722 0.290071 3.61254 1.05954 23.2277 0 16.6466 5.05349 0.137901 0 0
5000.00 1293.15 26.424998 58.526955 -297488.416804 7.713483 30.520087 cpx Na0.01Ca0.20Fe''0.74Mg0.94Fe'''0.03Ti0.01Al0.16Si1.90O6 49.9822 0.284248 3.60367 1.04374 23.3015 0 16.6568 4.99107 0.136779 0 0
5000.00 1288.15 26.439873 58.439905 -297673.828703 7.715185 30.521514 cpx Na0.01Ca0.20Fe''0.74Mg0.95Fe'''0.03Ti0.01Al0.16Si1.90O6 49.9921 0.278504 3.59471 1.02803 23.375 0 16.6665 4.92942 0.135666 0 0
5000.00 1283.15 26.455792 58.354503 -297870.767218 7.717187 30.523944 cpx Na0.01Ca0.20Fe''0.75Mg0.95Fe'''0.03Ti0.01Al0.16Si1.90O6 50.0019 0.272838 3.58564 1.0124 23.4484 0 16.6757 4.86853 0.134561 0 0
5000.00 1278.15 26.472809 58.270846 -298079.765972 7.719504 30.527437 cpx Na0.01Ca0.20Fe''0.75Mg0.95Fe'''0.03Ti0.01Al0.16Si1.90O6 50.0116 0.267246 3.57644 0.996845 23.5217 0 16.6844 4.80837 0.133464 0 0
5000.00 1273.15 26.600013 58.422490 -299460.194267 7.753627 30.654336 cpx Na0.01Ca0.19Fe''0.75Mg0.95Fe'''0.03Ti0.01Al0.16Si1.90O6 50.0378 0.258991 3.53534 0.972483 23.623 0 16.6805 4.76022 0.131528 0 0
5000.00 1268.15 26.737771 58.594868 -300950.131298 7.790753 30.792663 cpx Na0.01Ca0.19Fe''0.76Mg0.95Fe'''0.03Ti0.01Al0.16Si1.91O6 50.0658 0.250605 3.49036 0.94732 23.7276 0 16.6752 4.71364 0.129495 0 0
5000.00 1263.15 26.872074 58.757957 -302400.600538 7.826840 30.926701 cpx Na0.01Ca0.19Fe''0.76Mg0.95Fe'''0.03Ti0.01Al0.15Si1.91O6 50.0934 0.24244 3.44552 0.922499 23.8317 0 16.6698 4.66717 0.127472 0 0
5000.00 1258.15 27.002967 58.911899 -303812.169119 7.861900 31.056507 cpx Na0.01Ca0.19Fe''0.76Mg0.95Fe'''0.03Ti0.01Al0.15Si1.91O6 50.1206 0.23449 3.40085 0.898025 23.9353 0 16.6645 4.62081 0.12546 0 0
5000.00 1253.15 27.130496 59.056838 -305185.404072 7.895950 31.182140 cpx Na0.01Ca0.19Fe''0.77Mg0.95Fe'''0.03Ti0.01Al0.15Si1.91O6 50.1474 0.226752 3.35634 0.873901 24.0385 0 16.6591 4.57457 0.123459 0 0
5000.00 1248.15 27.254705 59.192914 -306520.872558 7.929003 31.303657 cpx Na0.01Ca0.18Fe''0.77Mg0.95Fe'''0.02Ti0.01Al0.15Si1.91O6 50.1738 0.219223 3.312 0.850131 24.1412 0 16.6538 4.52844 0.121469 0 0
5000.00 1243.15 27.375640 59.320269 -307819.142061 7.961074 31.421116 cpx Na0.01Ca0.18Fe''0.77Mg0.95Fe'''0.02Ti0.01Al0.15Si1.91O6 50.1998 0.211896 3.26784 0.82672 24.2434 0 16.6484 4.48244 0.119492 0 0
5000.00 1238.15 27.493346 59.439044 -309080.780556 7.992179 31.534575 cpx Na0.01Ca0.18Fe''0.78Mg0.95Fe'''0.02Ti0.01Al0.14Si1.91O6 50.2255 0.20477 3.22387 0.80367 24.345 0 16.6431 4.43657 0.117526 0 0
5000.00 1233.15 27.607869 59.549379 -310306.356644 8.022330 31.644093 cpx Na0.01Ca0.18Fe''0.78Mg0.95Fe'''0.02Ti0.01Al0.14Si1.92O6 50.2508 0.197839 3.18009 0.780985 24.4461 0 16.6378 4.39082 0.115574 0 0
5000.00 1228.15 27.719254 59.651414 -311496.439649 8.051545 31.749726 cpx Na0.01Ca0.18Fe''0.78Mg0.95Fe'''0.02Ti0.01Al0.14Si1.92O6 50.2757 0.191101 3.1365 0.758668 24.5467 0 16.6325 4.34521 0.113634 0 0
5000.00 1223.15 27.827546 59.745288 -312651.599690 8.079836 31.851532 cpx Na0.01Ca0.18Fe''0.79Mg0.95Fe'''0.02Ti0.01Al0.14Si1.92O6 50.3002 0.18455 3.09313 0.736722 24.6467 0 16.6272 4.29974 0.111708 0 0
5000.00 1218.15 27.932793 59.831141 -313772.407717 8.107219 31.949571 cpx Na0.01Ca0.17Fe''0.79Mg0.95Fe'''0.02Ti0.01Al0.14Si1.92O6 50.3243 0.178183 3.04997 0.715149 24.7462 0 16.622 4.2544 0.109796 0 0
5000.00 1213.15 28.035040 59.909112 -314859.435516 8.133709 32.043899 cpx Na0.01Ca0.17Fe''0.79Mg0.95Fe'''0.02Ti0.00Al0.14Si1.92O6 50.3481 0.171996 3.00703 0.693952 24.8451 0 16.6167 4.20921 0.107898 0 0
5000.00 1208.15 28.134334 59.979338 -315913.255684 8.159320 32.134574 cpx Na0.01Ca0.17Fe''0.80Mg0.95Fe'''0.02Ti0.00Al0.13Si1.92O6 50.3715 0.165986 2.96432 0.673133 24.9433 0 16.6115 4.16417 0.106014 0 0
5000.00 1203.15 28.230721 60.041959 -316934.441575 8.184067 32.221655 cpx Na0.01Ca0.17Fe''0.80Mg0.95Fe'''0.02Ti0.00Al0.13Si1.92O6 50.3945 0.160149 2.92184 0.652694 25.041 0 16.6064 4.11927 0.104145 0 0
5000.00 1198.15 28.324248 60.097112 -317923.567214 8.207966 32.305200 cpx Na0.01Ca0.17Fe''0.80Mg0.95Fe'''0.02Ti0.00Al0.13Si1.93O6 50.4172 0.15448 2.8796 0.632636 25.1381 0 16.6012 4.07453 0.102292 0 0
5000.00 1193.15 28.414961 60.144934 -318881.207192 8.231030 32.385267 cpx Na0.01Ca0.16Fe''0.81Mg0.95Fe'''0.02Ti0.00Al0.13Si1.93O6 50.4394 0.148977 2.83761 0.612961 25.2346 0 16.5961 4.02995 0.100454 0 0
5000.00 1188.15 28.502909 60.185562 -319807.936524 8.253275 32.461914 cpx Na0.01Ca0.16Fe''0.81Mg0.95Fe'''0.02Ti0.00Al0.13Si1.93O6 50.4613 0.143636 2.79588 0.593669 25.3304 0 16.591 3.98552 0.0986325 0 0
5000.00 1183.15 28.588138 60.219132 -320704.330493 8.274716 32.535200 cpx Na0.01Ca0.16Fe''0.81Mg0.94Fe'''0.02Ti0.00Al0.12Si1.93O6 50.4828 0.138453 2.75441 0.574762 25.4256 0 16.5859 3.94126 0.0968269 0 0

olivine_0 thermodynamic data and composition:
Pressure Temperature mass S H V Cp formula SiO2 TiO2 Al2O3 Fe2O3 FeO MnO MgO CaO Na2O K2O P2O5
5000.00 1373.15 0.279086 0.614074 -2419.805106 0.073410 0.293886 (Ca0.01Mg0.36Fe''0.45Mn0.19Co0.00Ni0.00)2SiO4 33.2133 0 0 0 35.7534 14.8262 15.7485 0.458571 0 0 0
5000.00 1368.15 0.528926 1.160220 -4562.561412 0.138793 0.554968 (Ca0.01Mg0.35Fe''0.45Mn0.20Co0.00Ni0.00)2SiO4 33.1036 0 0 0 35.4737 15.7079 15.2602 0.454553 0 0 0
5000.00 1363.15 0.583046 1.276199 -5024.072680 0.152861 0.610977 (Ca0.01Mg0.35Fe''0.45Mn0.20Co0.00Ni0.00)2SiO4 33.0742 0 0 0 35.4487 15.8979 15.1326 0.44662 0 0 0
5000.00 1358.15 0.591115 1.291476 -5094.657040 0.154916 0.619111 (Ca0.01Mg0.35Fe''0.45Mn0.20Co0.00Ni0.00)2SiO4 33.0703 0 0 0 35.5186 15.8541 15.1194 0.437619 0 0 0
5000.00 1353.15 0.599153 1.306610 -5164.943469 0.156961 0.627200 (Ca0.01Mg0.35Fe''0.45Mn0.20Co0.00Ni0.00)2SiO4 33.0661 0 0 0 35.5886 15.8113 15.1052 0.428748 0 0 0
5000.00 1348.15 0.607159 1.321596 -5234.906670 0.158994 0.635239 (Ca0.01Mg0.35Fe''0.45Mn0.20Co0.00Ni0.00)2SiO4 33.0617 0 0 0 35.6587 15.7695 15.0901 0.420007 0 0 0
5000.00 1343.15 0.615129 1.336428 -5304.520485 0.161016 0.643226 (Ca0.01Mg0.35Fe''0.45Mn0.20Co0.00Ni0.00)2SiO4 33.0571 0 0 0 35.7287 15.7289 15.0739 0.411395 0 0 0
5000.00 1338.15 0.623061 1.351100 -5373.757855 0.163026 0.651159 (Ca0.01Mg0.35Fe''0.45Mn0.20Co0.00Ni0.00)2SiO4 33.0523 0 0 0 35.7988 15.6893 15.0567 0.40291 0 0 0
5000.00 1333.15 0.630952 1.365608 -5442.590778 0.165023 0.659033 (Ca0.01Mg0.35Fe''0.45Mn0.20Co0.00Ni0.00)2SiO4 33.0472 0 0 0 35.8689 15.651 15.0383 0.394552 0 0 0
5000.00 1328.15 0.638799 1.379944 -5510.990265 0.167005 0.666846 (Ca0.01Mg0.35Fe''0.45Mn0.20Co0.00Ni0.00)2SiO4 33.0419 0 0 0 35.939 15.6139 15.0189 0.38632 0 0 0
5000.00 1323.15 0.646600 1.394103 -5578.926284 0.168974 0.674595 (Ca0.01Mg0.34Fe''0.46Mn0.20Co0.00Ni0.00)2SiO4 33.0364 0 0 0 36.009 15.578 14.9983 0.378214 0 0 0
5000.00 1318.15 0.654351 1.408077 -5646.367708 0.170927 0.682276 (Ca0.01Mg0.34Fe''0.46Mn0.20Co0.00Ni0.00)2SiO4 33.0306 0 0 0 36.0791 15.5435 14.9766 0.370232 0 0 0
5000.00 1313.15 0.662050 1.421862 -5713.282246 0.172863 0.689885 (Ca0.01Mg0.34Fe''0.46Mn0.20Co0.00Ni0.00)2SiO4 33.0245 0 0 0 36.1491 15.5104 14.9536 0.362374 0 0 0
5000.00 1308.15 0.669693 1.435448 -5779.636425 0.174783 0.697419 (Ca0.01Mg0.34Fe''0.46Mn0.20Co0.00Ni0.00)2SiO4 33.0182 0 0 0 36.219 15.4787 14.9294 0.354638 0 0 0
5000.00 1303.15 0.677277 1.448833 -5845.405569 0.176685 0.704875 (Ca0.01Mg0.34Fe''0.46Mn0.20Co0.00Ni0.00)2SiO4 33.0115 0 0 0 36.2889 15.4486 14.904 0.347024 0 0 0
5000.00 1298.15 0.684801 1.462010 -5910.561452 0.178568 0.712251 (Ca0.01Mg0.34Fe''0.46Mn0.20Co0.00Ni0.00)2SiO4 33.0046 0 0 0 36.3587 15.42 14.8772 0.339531 0 0 0
5000.00 1293.15 0.692261 1.474972 -5975.066934 0.180432 0.719542 (Ca0.01Mg0.34Fe''0.46Mn0.20Co0.00Ni0.00)2SiO4 32.9974 0 0 0 36.4284 15.393 14.8491 0.332159 0 0 0
5000.00 1288.15 0.699653 1.487712 -6038.883227 0.182275 0.726744 (Ca0.01Mg0.34Fe''0.46Mn0.20Co0.00Ni0.00)2SiO4 32.9899 0 0 0 36.4979 15.3677 14.8196 0.324906 0 0 0
5000.00 1283.15 0.706973 1.500221 -6101.969744 0.184097 0.733853 (Ca0.01Mg0.34Fe''0.46Mn0.20Co0.00Ni0.00)2SiO4 32.9821 0 0 0 36.5673 15.3443 14.7886 0.317772 0 0 0
5000.00 1278.15 0.714218 1.512492 -6164.283940 0.185897 0.740864 (Ca0.01Mg0.34Fe''0.46Mn0.20Co0.00Ni0.00)2SiO4 32.9739 0 0 0 36.6365 15.3227 14.7561 0.310755 0 0 0
5000.00 1273.15 0.721005 1.523258 -6213.981399 0.187478 0.746843 (Ca0.00Mg0.34Fe''0.47Mn0.20Co0.00Ni0.00)2SiO4 32.9398 0 0 0 36.6541 15.4938 14.6075 0.304854 0 0 0
5000.00 1268.15 0.727551 1.533381 -6260.396419 0.188982 0.752483 (Ca0.00Mg0.33Fe''0.47Mn0.20Co0.00Ni0.00)2SiO4 32.9025 0 0 0 36.6618 15.6919 14.4446 0.299136 0 0 0
5000.00 1263.15 0.733899 1.543016 -6305.009889 0.190432 0.757899 (Ca0.00Mg0.33Fe''0.47Mn0.20Co0.00Ni0.00)2SiO4 32.8653 0 0 0 36.6661 15.8931 14.2821 0.293471 0 0 0
5000.00 1258.15 0.740053 1.552176 -6347.868935 0.191830 0.763096 (Ca0.00Mg0.33Fe''0.47Mn0.21Co0.00Ni0.00)2SiO4 32.8282 0 0 0 36.6667 16.0974 14.12 0.287858 0 0 0
5000.00 1253.15 0.746017 1.560871 -6389.020601 0.193177 0.768080 (Ca0.00Mg0.32Fe''0.47Mn0.21Co0.00Ni0.00)2SiO4 32.7912 0 0 0 36.6636 16.3046 13.9583 0.282298 0 0 0
5000.00 1248.15 0.751796 1.569111 -6428.511808 0.194473 0.772855 (Ca0.00Mg0.32Fe''0.47Mn0.21Co0.00Ni0.00)2SiO4 32.7543 0 0 0 36.6569 16.5149 13.7971 0.27679 0 0 0
5000.00 1243.15 0.757393 1.576909 -6466.389322 0.195721 0.777427 (Ca0.00Mg0.32Fe''0.47Mn0.22Co0.00Ni0.00)2SiO4 32.7176 0 0 0 36.6465 16.7282 13.6364 0.271334 0 0 0
5000.00 1238.15 0.762812 1.584274 -6502.699715 0.196921 0.781801 (Ca0.00Mg0.31Fe''0.47Mn0.22Co0.00Ni0.00)2SiO4 32.681 0 0 0 36.6323 16.9445 13.4763 0.265931 0 0 0
5000.00 1233.15 0.768057 1.591219 -6537.489330 0.198075 0.785981 (Ca0.00Mg0.31Fe''0.47Mn0.22Co0.00Ni0.00)2SiO4 32.6446 0 0 0 36.6143 17.1638 13.3167 0.26058 0 0 0
5000.00 1228.15 0.773132 1.597753 -6570.804245 0.199185 0.789974 (Ca0.00Mg0.30Fe''0.47Mn0.23Co0.00Ni0.00)2SiO4 32.6083 0 0 0 36.5925 17.3861 13.1578 0.255282 0 0 0
5000.00 1223.15 0.778042 1.603887 -6602.690236 0.200250 0.793784 (Ca0.00Mg0.30Fe''0.47Mn0.23Co0.00Ni0.00)2SiO4 32.5722 0 0 0 36.5669 17.6113 12.9996 0.250037 0 0 0
5000.00 1218.15 0.782789 1.609633 -6633.192742 0.201273 0.797416 (Ca0.00Mg0.30Fe''0.47Mn0.23Co0.00Ni0.00)2SiO4 32.5363 0 0 0 36.5374 17.8395 12.842 0.244844 0 0 0
5000.00 1213.15 0.787379 1.615001 -6662.356835 0.202254 0.800876 (Ca0.00Mg0.29Fe''0.47Mn0.24Co0.00Ni0.00)2SiO4 32.5005 0 0 0 36.504 18.0706 12.6851 0.239704 0 0 0
5000.00 1208.15 0.791814 1.620001 -6690.227180 0.203195 0.804167 (Ca0.00Mg0.29Fe''0.47Mn0.24Co0.00Ni0.00)2SiO4 32.465 0 0 0 36.4668 18.3046 12.529 0.234617 0 0 0
5000.00 1203.15 0.796100 1.624644 -6716.848007 0.204098 0.807296 (Ca0.00Mg0.29Fe''0.47Mn0.24Co0.00Ni0.00)2SiO4 32.4296 0 0 0 36.4257 18.5415 12.3736 0.229583 0 0 0
5000.00 1198.15 0.800240 1.628941 -6742.263079 0.204962 0.810267 (Ca0.00Mg0.28Fe''0.47Mn0.25Co0.00Ni0.00)2SiO4 32.3944 0 0 0 36.3807 18.7812 12.2191 0.224602 0 0 0
5000.00 1193.15 0.804239 1.632901 -6766.515661 0.205790 0.813085 (Ca0.00Mg0.28Fe''0.47Mn0.25Co0.00Ni0.00)2SiO4 32.3595 0 0 0 36.3318 19.0237 12.0653 0.219675 0 0 0
5000.00 1188.15 0.808099 1.636535 -6789.648490 0.206583 0.815754 (Ca0.00Mg0.28Fe''0.47Mn0.25Co0.00Ni0.00)2SiO4 32.3247 0 0 0 36.279 19.269 11.9125 0.214801 0 0 0
5000.00 1183.15 0.811825 1.639853 -6811.703751 0.207341 0.818281 (Ca0.00Mg0.27Fe''0.47Mn0.26Co0.00Ni0.00)2SiO4 32.2902 0 0 0 36.2223 19.5171 11.7605 0.209981 0 0 0

feldspar_0 thermodynamic data and composition:
Pressure Temperature mass S H V Cp formula SiO2 TiO2 Al2O3 Fe2O3 FeO MnO MgO CaO Na2O K2O P2O5
5000.00 1513.15 0.719905 1.794708 -9760.682390 0.270188 0.890606 K0.00Na0.31Ca0.69Al1.69Si2.31O8 50.839 0 31.4922 0 0 0 0 14.1188 3.51785 0.0321484 0
5000.00 1508.15 5.038226 12.554228 -68320.742995 1.892948 6.231610 K0.00Na0.33Ca0.67Al1.67Si2.33O8 51.2507 0 31.2138 0 0 0 0 13.7931 3.70552 0.0368393 0
5000.00 1503.15 9.152941 22.794692 -124139.754176 3.442422 11.318507 K0.00Na0.34Ca0.66Al1.66Si2.34O8 51.6421 0 30.949 0 0 0 0 13.4833 3.88344 0.0421924 0
5000.00 1498.15 12.926209 32.171636 -175348.448967 4.866210 15.980833 K0.00Na0.36Ca0.64Al1.64Si2.36O8 52.0136 0 30.6974 0 0 0 0 13.189 4.05176 0.0481696 0
5000.00 1493.15 16.287761 40.510421 -220992.046161 6.137293 20.131888 K0.00Na0.37Ca0.63Al1.63Si2.37O8 52.3697 0 30.4561 0 0 0 0 12.9068 4.21263 0.0547217 0
5000.00 1488.15 19.305626 47.980893 -261991.550969 7.280739 23.855961 K0.00Na0.38Ca0.61Al1.61Si2.39O8 52.7109 0 30.2246 0 0 0 0 12.6363 4.36626 0.0618995 0
5000.00 1483.15 22.032319 54.714261 -299057.775899 8.315895 27.218124 K0.00Na0.40Ca0.60Al1.60Si2.40O8 53.0378 0 30.0027 0 0 0 0 12.3769 4.51283 0.0697591 0
5000.00 1478.15 24.509385 60.814408 -332752.900601 9.258067 30.269854 K0.00Na0.41Ca0.59Al1.59Si2.41O8 53.3508 0 29.79 0 0 0 0 12.1283 4.65254 0.0783639 0
5000.00 1473.15 26.771432 66.367950 -363545.118178 10.120018 33.054030 K0.01Na0.42Ca0.58Al1.58Si2.42O8 53.6505 0 29.586 0 0 0 0 11.8901 4.78562 0.0877913 0
5000.00 1468.15 28.845817 71.443396 -391804.379328 10.911830 35.604542 K0.01Na0.43Ca0.56Al1.56Si2.44O8 53.9372 0 29.3905 0 0 0 0 11.662 4.91216 0.0981265 0
5000.00 1463.15 30.754968 76.096931 -417833.941144 11.641758 37.949167 K0.01Na0.44Ca0.55Al1.55Si2.45O8 54.211 0 29.2036 0 0 0 0 11.4438 5.03215 0.109465 0
5000.00 1458.15 32.517793 80.375891 -441889.411646 12.316753 40.111306 K0.01Na0.45Ca0.54Al1.54Si2.46O8 54.4717 0 29.0251 0 0 0 0 11.2358 5.14542 0.121919 0
5000.00 1453.15 34.150193 84.320011 -464185.800446 12.942644 42.110618 K0.01Na0.46Ca0.53Al1.53Si2.47O8 54.7188 0 28.8557 0 0 0 0 11.0383 5.25163 0.13561 0
5000.00 1448.15 35.664729 87.960531 -484893.055836 13.523984 43.962601 K0.01Na0.47Ca0.52Al1.52Si2.48O8 54.9508 0 28.696 0 0 0 0 10.8525 5.35008 0.150668 0
5000.00 1443.15 37.068213 91.314146 -504103.609826 14.063109 45.675619 K0.01Na0.48Ca0.52Al1.52Si2.48O8 55.1652 0 28.5479 0 0 0 0 10.6802 5.43952 0.167179 0
5000.00 1438.15 38.359117 94.376921 -521796.420507 14.559185 47.247720 K0.01Na0.48Ca0.51Al1.51Si2.49O8 55.3591 0 28.4132 0 0 0 0 10.5239 5.51852 0.185358 0
5000.00 1433.15 39.492874 97.037603 -537368.992560 14.994758 48.629719 K0.01Na0.49Ca0.50Al1.50Si2.50O8 55.5236 0 28.2981 0 0 0 0 10.3905 5.58341 0.204388 0
5000.00 1428.15 40.412861 99.156451 -550055.042286 15.347815 49.741375 K0.01Na0.49Ca0.50Al1.50Si2.50O8 55.6513 0 28.2079 0 0 0 0 10.2864 5.63169 0.222689 0
5000.00 1423.15 41.092620 100.670675 -559494.844674 15.608199 50.555609 K0.01Na0.49Ca0.49Al1.49Si2.51O8 55.7439 0 28.1419 0 0 0 0 10.2103 5.665 0.238846 0
5000.00 1418.15 41.562825 101.659899 -566101.303602 15.787847 51.110844 K0.01Na0.50Ca0.49Al1.49Si2.51O8 55.8105 0 28.0941 0 0 0 0 10.1553 5.68779 0.252409 0
5000.00 1413.15 41.881050 102.269321 -570652.214262 15.908994 51.478418 K0.02Na0.50Ca0.49Al1.49Si2.51O8 55.8601 0 28.0581 0 0 0 0 10.114 5.70408 0.263726 0
5000.00 1408.15 42.098275 102.626481 -573837.145974 15.991255 51.721323 K0.02Na0.50Ca0.49Al1.49Si2.51O8 55.8987 0 28.0299 0 0 0 0 10.0818 5.71629 0.273316 0
5000.00 1403.15 42.250645 102.821374 -576145.506716 16.048504 51.884155 K0.02Na0.50Ca0.48Al1.48Si2.52O8 55.9294 0 28.0074 0 0 0 0 10.056 5.72562 0.281585 0
5000.00 1398.15 42.787442 103.925082 -583721.462268 16.247654 52.514417 K0.02Na0.50Ca0.49Al1.49Si2.51O8 55.8699 0 28.0443 0 0 0 0 10.1004 5.68972 0.295732 0
5000.00 1393.15 43.152519 104.611521 -588961.517121 16.382315 52.934469 K0.02Na0.49Ca0.49Al1.49Si2.51O8 55.8286 0 28.0698 0 0 0 0 10.131 5.66472 0.305786 0
5000.00 1388.15 43.435459 105.096894 -593086.519462 16.486019 53.253790 K0.02Na0.49Ca0.49Al1.49Si2.51O8 55.7939 0 28.0914 0 0 0 0 10.157 5.64409 0.313566 0
5000.00 1383.15 43.657498 105.433392 -596384.321551 16.566809 53.498436 K0.02Na0.49Ca0.49Al1.49Si2.51O8 55.7647 0 28.1097 0 0 0 0 10.1789 5.62698 0.319657 0
5000.00 1378.15 43.832225 105.654427 -599038.993130 16.629827 53.685078 K0.02Na0.49Ca0.49Al1.49Si2.51O8 55.7402 0 28.1252 0 0 0 0 10.1974 5.6128 0.324458 0
5000.00 1373.15 44.365061 106.717833 -606613.947194 16.825673 54.307158 K0.02Na0.49Ca0.50Al1.50Si2.50O8 55.6528 0 28.1827 0 0 0 0 10.2652 5.56886 0.330395 0
5000.00 1368.15 44.910048 107.803784 -614363.610148 17.025871 54.943153 K0.02Na0.48Ca0.50Al1.50Si2.50O8 55.5631 0 28.2419 0 0 0 0 10.335 5.52407 0.335996 0
5000.00 1363.15 45.029131 107.882644 -616272.316129 17.067868 55.060813 K0.02Na0.48Ca0.50Al1.50Si2.50O8 55.5436 0 28.2547 0 0 0 0 10.3501 5.51412 0.337564 0
5000.00 1358.15 45.012143 107.640344 -616313.797577 17.059317 55.012930 K0.02Na0.48Ca0.50Al1.50Si2.50O8 55.5458 0 28.2532 0 0 0 0 10.3483 5.51506 0.337691 0
5000.00 1353.15 44.994998 107.397186 -616352.789010 17.050714 54.964715 K0.02Na0.48Ca0.50Al1.50Si2.50O8 55.548 0 28.2516 0 0 0 0 10.3465 5.51602 0.33782 0
5000.00 1348.15 44.977693 107.153158 -616389.218796 17.042055 54.916160 K0.02Na0.48Ca0.50Al1.50Si2.50O8 55.5503 0 28.2501 0 0 0 0 10.3447 5.517 0.33795 0
5000.00 1343.15 44.960222 106.908246 -616423.011169 17.033340 54.867259 K0.02Na0.48Ca0.50Al1.50Si2.50O8 55.5526 0 28.2485 0 0 0 0 10.3429 5.51798 0.338081 0
5000.00 1338.15 44.942580 106.662437 -616454.085879 17.024566 54.818003 K0.02Na0.48Ca0.50Al1.50Si2.50O8 55.5549 0 28.2469 0 0 0 0 10.341 5.51898 0.338214 0
5000.00 1333.15 44.924760 106.415716 -616482.357801 17.015731 54.768384 K0.02Na0.48Ca0.50Al1.50Si2.50O8 55.5573 0 28.2453 0 0 0 0 10.3391 5.52 0.338348 0
5000.00 1328.15 44.906756 106.168068 -616507.736491 17.006832 54.718393 K0.02Na0.48Ca0.50Al1.50Si2.50O8 55.5597 0 28.2436 0 0 0 0 10.3372 5.52103 0.338484 0
5000.00 1323.15 44.888563 105.919476 -616530.125691 16.997869 54.668021 K0.02Na0.48Ca0.50Al1.50Si2.50O8 55.5621 0 28.2419 0 0 0 0 10.3352 5.52208 0.338621 0
5000.00 1318.15 44.870172 105.669924 -616549.422766 16.988837 54.617259 K0.02Na0.48Ca0.50Al1.50Si2.50O8 55.5646 0 28.2402 0 0 0 0 10.3332 5.52314 0.33876 0
5000.00 1313.15 44.851576 105.419393 -616565.518071 16.979734 54.566096 K0.02Na0.48Ca0.50Al1.50Si2.50O8 55.5671 0 28.2385 0 0 0 0 10.3312 5.52423 0.3389 0
5000.00 1308.15 44.832768 105.167767 -616578.422855 16.970553 54.846454 K0.02Na0.48Ca0.50Al1.50Si2.50O8 55.5697 0 28.2367 0 0 0 0 10.3292 5.52534 0.339042 0
5000.00 1303.15 44.813739 104.913954 -616589.446008 16.961251 54.795718 K0.02Na0.48Ca0.50Al1.50Si2.50O8 55.5723 0 28.2349 0 0 0 0 10.3271 5.52647 0.339186 0
5000.00 1298.15 44.794484 104.659102 -616596.946343 16.951871 54.744597 K0.02Na0.48Ca0.50Al1.50Si2.50O8 55.575 0 28.2331 0 0 0 0 10.3249 5.52762 0.339332 0
5000.00 1293.15 44.774991 104.403188 -616600.778786 16.942408 54.693083 K0.02Na0.48Ca0.50Al1.50Si2.50O8 55.5778 0 28.2312 0 0 0 0 10.3227 5.52881 0.33948 0
5000.00 1288.15 44.755250 104.146187 -616600.786327 16.932859 54.641168 K0.02Na0.48Ca0.50Al1.50Si2.50O8 55.5806 0 28.2293 0 0 0 0 10.3205 5.53002 0.33963 0
5000.00 1283.15 44.735249 103.888072 -616596.798539 16.923219 54.588843 K0.02Na0.48Ca0.50Al1.50Si2.50O8 55.5835 0 28.2273 0 0 0 0 10.3182 5.53127 0.339781 0
5000.00 1278.15 44.714975 103.628814 -616588.629849 16.913484 54.536096 K0.02Na0.48Ca0.50Al1.50Si2.50O8 55.5864 0 28.2253 0 0 0 0 10.3158 5.53255 0.339935 0
5000.00 1273.15 44.653998 103.279530 -616011.232995 16.889175 54.434814 K0.02Na0.48Ca0.50Al1.50Si2.50O8 55.6067 0 28.2115 0 0 0 0 10.2997 5.54164 0.3404 0
5000.00 1268.15 44.588292 102.919728 -615366.855970 16.863183 54.327895 K0.02Na0.48Ca0.50Al1.50Si2.50O8 55.629 0 28.1964 0 0 0 0 10.282 5.55168 0.340901 0
5000.00 1263.15 44.523041 102.560815 -614727.877628 16.837362 54.221514 K0.02Na0.49Ca0.50Al1.50Si2.50O8 55.6513 0 28.1813 0 0 0 0 10.2644 5.56169 0.341401 0
5000.00 1258.15 44.458273 102.202849 -614094.718099 16.811723 54.115713 K0.02Na0.49Ca0.49Al1.49Si2.51O8 55.6735 0 28.1662 0 0 0 0 10.2468 5.57166 0.341898 0
5000.00 1253.15 44.394016 101.845884 -613467.789836 16.786278 54.010533 K0.02Na0.49Ca0.49Al1.49Si2.51O8 55.6956 0 28.1512 0 0 0 0 10.2292 5.58158 0.342393 0
5000.00 1248.15 44.330301 101.489974 -612847.496979 16.761036 53.906016 K0.02Na0.49Ca0.49Al1.49Si2.51O8 55.7176 0 28.1363 0 0 0 0 10.2118 5.59146 0.342885 0
5000.00 1243.15 44.267153 101.135169 -612234.234753 16.736008 53.802202 K0.02Na0.49Ca0.49Al1.49Si2.51O8 55.7394 0 28.1214 0 0 0 0 10.1944 5.6013 0.343374 0
5000.00 1238.15 44.204600 100.781519 -611628.388871 16.711202 53.699131 K0.02Na0.49Ca0.49Al1.49Si2.51O8 55.7612 0 28.1067 0 0 0 0 10.1772 5.61107 0.34386 0
5000.00 1233.15 44.142668 100.429068 -611030.334986 16.686629 53.596844 K0.02Na0.49Ca0.49Al1.49Si2.51O8 55.7828 0 28.092 0 0 0 0 10.16 5.62079 0.344343 0
5000.00 1228.15 44.081383 100.077861 -610440.438149 16.662298 53.495381 K0.02Na0.49Ca0.49Al1.49Si2.51O8 55.8043 0 28.0774 0 0 0 0 10.143 5.63045 0.344821 0
5000.00 1223.15 44.020768 99.727940 -609859.052312 16.638217 53.394782 K0.02Na0.49Ca0.49Al1.49Si2.51O8 55.8256 0 28.0629 0 0 0 0 10.1261 5.64004 0.345296 0
5000.00 1218.15 43.960848 99.379343 -609286.519854 16.614395 53.295088 K0.02Na0.49Ca0.49Al1.49Si2.51O8 55.8468 0 28.0486 0 0 0 0 10.1093 5.64957 0.345767 0
5000.00 1213.15 43.901645 99.032105 -608723.171139 16.590841 53.196337 K0.02Na0.49Ca0.49Al1.49Si2.51O8 55.8679 0 28.0343 0 0 0 0 10.0926 5.65902 0.346233 0
5000.00 1208.15 43.843180 98.686262 -608169.324111 16.567561 53.098571 K0.02Na0.49Ca0.49Al1.49Si2.51O8 55.8887 0 28.0201 0 0 0 0 10.076 5.6684 0.346695 0
5000.00 1203.15 43.785476 98.341844 -607625.283920 16.544564 53.001831 K0.02Na0.50Ca0.48Al1.48Si2.52O8 55.9094 0 28.0061 0 0 0 0 10.0596 5.6777 0.347152 0
5000.00 1198.15 43.728550 97.998878 -607091.342582 16.521856 52.906157 K0.02Na0.50Ca0.48Al1.48Si2.52O8 55.9299 0 27.9922 0 0 0 0 10.0434 5.68692 0.347604 0
5000.00 1193.15 43.672424 97.657390 -606567.778679 16.499445 52.811592 K0.02Na0.50Ca0.48Al1.48Si2.52O8 55.9502 0 27.9784 0 0 0 0 10.0273 5.69605 0.34805 0
5000.00 1188.15 43.617113 97.317404 -606054.857092 16.477336 52.718177 K0.02Na0.50Ca0.48Al1.48Si2.52O8 55.9703 0 27.9648 0 0 0 0 10.0113 5.70509 0.348492 0
5000.00 1183.15 43.562635 96.978937 -605552.828768 16.455537 52.625957 K0.02Na0.50Ca0.48Al1.48Si2.52O8 55.9902 0 27.9513 0 0 0 0 9.99552 5.71405 0.348928 0

clinopyroxene_2 thermodynamic data and composition:
Pressure Temperature mass S H V Cp structure formula SiO2 TiO2 Al2O3 Fe2O3 FeO MnO MgO CaO Na2O K2O P2O5
5000.00 1273.15 0.486184 1.024122 -5992.092629 0.138619 0.538601 cpx Na0.04Ca0.91Fe''0.25Mg0.41Fe'''0.06Ti0.34Al0.69Si1.30O6 33.6012 11.7958 15.0371 2.23101 7.73748 0 7.04385 22.0773 0.476153 0 0
5000.00 1268.15 1.016294 2.135631 -12534.830750 0.289638 1.125234 cpx Na0.04Ca0.92Fe''0.25Mg0.40Fe'''0.06Ti0.35Al0.69Si1.30O6 33.5137 11.8693 15.1103 2.18752 7.73078 0 7.01002 22.1033 0.475082 0 0
5000.00 1263.15 1.528695 3.204642 -18868.648072 0.435483 1.691616 cpx Na0.04Ca0.92Fe''0.25Mg0.40Fe'''0.06Ti0.35Al0.69Si1.29O6 33.4273 11.9418 15.1829 2.14422 7.7242 0 6.9768 22.1288 0.474008 0 0
5000.00 1258.15 2.024245 4.233209 -25003.667469 0.576409 2.238731 cpx Na0.04Ca0.92Fe''0.25Mg0.40Fe'''0.06Ti0.35Al0.70Si1.29O6 33.3422 12.0132 15.2548 2.10114 7.71771 0 6.94418 22.1538 0.472932 0 0
5000.00 1253.15 2.503737 5.223230 -30949.199353 0.712648 2.767485 cpx Na0.04Ca0.92Fe''0.25Mg0.40Fe'''0.06Ti0.35Al0.70Si1.29O6 33.2581 12.0837 15.3262 2.0583 7.7113 0 6.91214 22.1784 0.471852 0 0
5000.00 1248.15 2.967901 6.176455 -36713.826157 0.844416 3.278715 cpx Na0.04Ca0.92Fe''0.25Mg0.40Fe'''0.06Ti0.35Al0.70Si1.28O6 33.1752 12.1533 15.3969 2.0157 7.70495 0 6.88067 22.2025 0.470769 0 0
5000.00 1243.15 3.417412 7.094510 -42305.476657 0.971912 3.773195 cpx Na0.04Ca0.92Fe''0.25Mg0.40Fe'''0.06Ti0.36Al0.71Si1.28O6 33.0934 12.222 15.467 1.97338 7.69867 0 6.84976 22.2261 0.469681 0 0
5000.00 1238.15 3.852896 7.978904 -47731.491528 1.095322 4.251642 cpx Na0.04Ca0.92Fe''0.25Mg0.39Fe'''0.06Ti0.36Al0.71Si1.28O6 33.0126 12.2898 15.5366 1.93134 7.69243 0 6.81938 22.2494 0.468589 0 0
5000.00 1233.15 4.274936 8.831039 -52998.681319 1.214816 4.714723 cpx Na0.04Ca0.92Fe''0.25Mg0.39Fe'''0.06Ti0.36Al0.71Si1.27O6 32.9327 12.3567 15.6056 1.8896 7.68622 0 6.78953 22.2722 0.467492 0 0
5000.00 1228.15 4.684071 9.652227 -58113.377859 1.330554 5.163058 cpx Na0.03Ca0.92Fe''0.25Mg0.39Fe'''0.05Ti0.36Al0.71Si1.27O6 32.8539 12.4227 15.674 1.84817 7.68003 0 6.7602 22.2946 0.46639 0 0
5000.00 1223.15 5.080809 10.443690 -63081.479943 1.442686 5.597226 cpx Na0.03Ca0.93Fe''0.25Mg0.39Fe'''0.05Ti0.36Al0.72Si1.27O6 32.776 12.4879 15.7418 1.80707 7.67385 0 6.73138 22.3166 0.465282 0 0
5000.00 1218.15 5.465619 11.206576 -67908.494017 1.551350 6.017768 cpx Na0.03Ca0.93Fe''0.25Mg0.39Fe'''0.05Ti0.37Al0.72Si1.27O6 32.6991 12.5523 15.8091 1.76631 7.66768 0 6.70304 22.3383 0.464169 0 0
5000.00 1213.15 5.838946 11.941960 -72599.570499 1.656678 6.425190 cpx Na0.03Ca0.93Fe''0.25Mg0.39Fe'''0.05Ti0.37Al0.72Si1.26O6 32.623 12.6159 15.8759 1.72591 7.6615 0 6.67519 22.3595 0.463049 0 0
5000.00 1208.15 6.201202 12.650854 -77159.536254 1.758792 6.819968 cpx Na0.03Ca0.93Fe''0.25Mg0.38Fe'''0.05Ti0.37Al0.73Si1.26O6 32.5478 12.6787 15.9421 1.68588 7.65531 0 6.64781 22.3804 0.461923 0 0
5000.00 1203.15 6.552779 13.334210 -81592.923692 1.857806 7.202550 cpx Na0.03Ca0.93Fe''0.25Mg0.38Fe'''0.05Ti0.37Al0.73Si1.26O6 32.4735 12.7407 16.0078 1.64623 7.6491 0 6.62089 22.401 0.460791 0 0
5000.00 1198.15 6.894043 13.992927 -85903.996874 1.953830 7.573355 cpx Na0.03Ca0.93Fe''0.25Mg0.38Fe'''0.05Ti0.37Al0.73Si1.25O6 32.4 12.802 16.073 1.60699 7.64286 0 6.59442 22.4212 0.459651 0 0
5000.00 1193.15 7.225342 14.627856 -90096.774990 2.046965 7.932781 cpx Na0.03Ca0.93Fe''0.25Mg0.38Fe'''0.05Ti0.37Al0.74Si1.25O6 32.3273 12.8625 16.1376 1.56815 7.63659 0 6.5684 22.441 0.458504 0 0
5000.00 1188.15 7.547002 15.239801 -94175.053481 2.137309 8.281204 cpx Na0.03Ca0.93Fe''0.25Mg0.38Fe'''0.04Ti0.38Al0.74Si1.25O6 32.2553 12.9222 16.2017 1.52973 7.63028 0 6.54281 22.4605 0.457349 0 0
5000.00 1183.15 7.859336 15.829526 -98142.423084 2.224953 8.618980 cpx Na0.03Ca0.93Fe''0.25Mg0.38Fe'''0.04Ti0.38Al0.74Si1.25O6 32.1842 12.9812 16.2653 1.49174 7.62392 0 6.51764 22.4797 0.456187 0 0

whitlockite thermodynamic data and composition:
Pressure Temperature mass S H V Cp formula
5000.00 1438.15 0.021972 0.052437 -258.615470 0.006915 0.023294 Ca3(PO4)2
5000.00 1433.15 0.052757 0.125709 -621.232468 0.016604 0.055907 Ca3(PO4)2
5000.00 1428.15 0.079731 0.189686 -939.276272 0.025093 0.084457 Ca3(PO4)2
5000.00 1423.15 0.103671 0.246257 -1221.853924 0.032627 0.109773 Ca3(PO4)2
5000.00 1418.15 0.125364 0.297320 -1478.195171 0.039454 0.132690 Ca3(PO4)2
5000.00 1413.15 0.145315 0.344093 -1714.207478 0.045733 0.153744 Ca3(PO4)2
5000.00 1408.15 0.163727 0.387078 -1932.275145 0.051528 0.173154 Ca3(PO4)2
5000.00 1403.15 0.180606 0.426303 -2132.430160 0.056840 0.190926 Ca3(PO4)2
5000.00 1398.15 0.231314 0.545120 -2732.361380 0.072799 0.244430 Ca3(PO4)2
5000.00 1393.15 0.263401 0.619740 -3112.776954 0.082897 0.278221 Ca3(PO4)2
5000.00 1388.15 0.286935 0.674024 -3392.415902 0.090304 0.302954 Ca3(PO4)2
5000.00 1383.15 0.304885 0.715028 -3606.242907 0.095953 0.321770 Ca3(PO4)2
5000.00 1378.15 0.319042 0.747009 -3775.372943 0.100408 0.336569 Ca3(PO4)2
5000.00 1373.15 0.362138 0.846526 -4287.259313 0.113971 0.381870 Ca3(PO4)2
5000.00 1368.15 0.402451 0.925403 -4785.607448 0.126659 0.572321 Ca3(PO4)2
5000.00 1363.15 0.410890 0.942671 -4888.869509 0.129314 0.582580 Ca3(PO4)2
5000.00 1358.15 0.410890 0.940533 -4891.778073 0.129314 0.580848 Ca3(PO4)2
5000.00 1353.15 0.410890 0.938394 -4894.678001 0.129314 0.579125 Ca3(PO4)2
5000.00 1348.15 0.410890 0.936253 -4897.569342 0.129314 0.577413 Ca3(PO4)2
5000.00 1343.15 0.410890 0.934111 -4900.452144 0.129314 0.575709 Ca3(PO4)2
5000.00 1338.15 0.410890 0.931967 -4903.326453 0.129314 0.574016 Ca3(PO4)2
5000.00 1333.15 0.410890 0.929821 -4906.192317 0.129314 0.572331 Ca3(PO4)2
5000.00 1328.15 0.410890 0.927674 -4909.049783 0.129314 0.570656 Ca3(PO4)2
5000.00 1323.15 0.410890 0.925524 -4911.898897 0.129314 0.568991 Ca3(PO4)2
5000.00 1318.15 0.410890 0.923373 -4914.739707 0.129314 0.567334 Ca3(PO4)2
5000.00 1313.15 0.410890 0.921220 -4917.572257 0.129314 0.565687 Ca3(PO4)2
5000.00 1308.15 0.410890 0.919066 -4920.396595 0.129314 0.564049 Ca3(PO4)2
5000.00 1303.15 0.410890 0.916909 -4923.212765 0.129314 0.562420 Ca3(PO4)2
5000.00 1298.15 0.410890 0.914750 -4926.020814 0.129314 0.560801 Ca3(PO4)2
5000.00 1293.15 0.410890 0.912589 -4928.820787 0.129314 0.559190 Ca3(PO4)2
5000.00 1288.15 0.410890 0.910425 -4931.612728 0.129314 0.557588 Ca3(PO4)2
5000.00 1283.15 0.410890 0.908260 -4934.396683 0.129314 0.555995 Ca3(PO4)2
5000.00 1278.15 0.410890 0.906092 -4937.172695 0.129314 0.554411 Ca3(PO4)2
5000.00 1273.15 0.410890 0.903922 -4939.940810 0.129314 0.552836 Ca3(PO4)2
5000.00 1268.15 0.410890 0.901750 -4942.701072 0.129314 0.551270 Ca3(PO4)2
5000.00 1263.15 0.410890 0.899575 -4945.453523 0.129314 0.549712 Ca3(PO4)2
5000.00 1258.15 0.410890 0.897398 -4948.198208 0.129314 0.548163 Ca3(PO4)2
5000.00 1253.15 0.410890 0.895218 -4950.935170 0.129314 0.546623 Ca3(PO4)2
5000.00 1248.15 0.410890 0.893036 -4953.664452 0.129314 0.545091 Ca3(PO4)2
5000.00 1243.15 0.410890 0.890851 -4956.386097 0.129314 0.543568 Ca3(PO4)2
5000.00 1238.15 0.410890 0.888664 -4959.100147 0.129314 0.542053 Ca3(PO4)2
5000.00 1233.15 0.410890 0.886473 -4961.806645 0.129314 0.540547 Ca3(PO4)2
5000.00 1228.15 0.410890 0.884280 -4964.505632 0.129314 0.539049 Ca3(PO4)2
5000.00 1223.15 0.410890 0.882084 -4967.197151 0.129314 0.537560 Ca3(PO4)2
5000.00 1218.15 0.410890 0.879885 -4969.881243 0.129314 0.536078 Ca3(PO4)2
5000.00 1213.15 0.410890 0.877683 -4972.557949 0.129314 0.534605 Ca3(PO4)2
5000.00 1208.15 0.410890 0.875478 -4975.227310 0.129314 0.533140 Ca3(PO4)2
5000.00 1203.15 0.410890 0.873270 -4977.889367 0.129314 0.531684 Ca3(PO4)2
5000.00 1198.15 0.410890 0.871059 -4980.544161 0.129314 0.530235 Ca3(PO4)2
5000.00 1193.15 0.410890 0.868845 -4983.191731 0.129314 0.528794 Ca3(PO4)2
5000.00 1188.15 0.410890 0.866627 -4985.832118 0.129314 0.527362 Ca3(PO4)2
5000.00 1183.15 0.410890 0.864406 -4988.465361 0.129314 0.525937 Ca3(PO4)2
