Title: MORB_Gale2013-0

liquid_0 thermodynamic data and composition:
Pressure Temperature mass S H V Cp viscosity SiO2 TiO2 Al2O3 Fe2O3 FeO MnO MgO CaO Na2O K2O P2O5 Mg#
5000.00 1573.15 100.155072 275.735541 -1180413.549654 36.363823 149.873827 1.893 49.4173 1.42549 14.8603 1.5454 9.23632 0.169783 7.4007 12.6875 2.93273 0.148994 0.175517 58.8
5000.00 1568.15 100.155234 275.258789 -1181165.228613 36.351435 149.874660 1.913 49.4172 1.42549 14.8603 1.54701 9.23485 0.169782 7.40068 12.6874 2.93272 0.148994 0.175516 58.8
5000.00 1563.15 100.155402 274.780521 -1181916.998775 36.339050 149.875522 1.932 49.4171 1.42549 14.8603 1.54868 9.23333 0.169782 7.40067 12.6874 2.93272 0.148994 0.175516 58.8
5000.00 1558.15 100.155576 274.300726 -1182668.861801 36.326670 149.876415 1.952 49.417 1.42548 14.8603 1.55042 9.23175 0.169782 7.40066 12.6874 2.93271 0.148994 0.175516 58.8
5000.00 1553.15 100.155756 273.819395 -1183420.819386 36.314294 149.877339 1.972 49.4169 1.42548 14.8602 1.55221 9.23012 0.169782 7.40065 12.6874 2.93271 0.148993 0.175516 58.8
5000.00 1548.15 100.155942 273.336518 -1184172.873260 36.301923 149.878293 1.992 49.4168 1.42548 14.8602 1.55406 9.22844 0.169781 7.40063 12.6873 2.9327 0.148993 0.175515 58.8
5000.00 1543.15 98.292531 267.813352 -1162194.272153 35.620542 146.942216 2.024 49.3864 1.44572 15.0427 1.56018 9.30223 0.173 7.2362 12.5398 2.98309 0.151818 0.178843 58.1
5000.00 1538.15 95.047116 258.578017 -1123419.523560 34.445362 141.837386 2.065 49.3424 1.48105 15.3651 1.5686 9.42997 0.178907 6.9457 12.2714 3.07487 0.157002 0.184949 56.8
5000.00 1533.15 91.955922 249.789637 -1086601.641012 33.328407 136.986896 2.108 49.3129 1.51449 15.6775 1.57557 9.54786 0.184921 6.66434 12.0016 3.16739 0.162279 0.191166 55.4
5000.00 1528.15 89.005432 241.409597 -1051573.589814 32.264681 132.368710 2.152 49.2982 1.54585 15.9799 1.58111 9.6554 0.191051 6.3918 11.7307 3.26073 0.167659 0.197504 54.1
5000.00 1523.15 86.183887 233.404266 -1018189.983261 31.249831 127.963640 2.197 49.2988 1.57494 16.2727 1.58521 9.75203 0.197306 6.12781 11.4591 3.35496 0.173148 0.20397 52.8
5000.00 1518.15 80.892883 218.728392 -952753.109575 29.297968 119.834028 2.219 49.2583 1.64964 16.2559 1.62554 10.1021 0.210211 5.94308 11.0832 3.47112 0.1836 0.217311 51.2
5000.00 1513.15 74.570282 201.289616 -873853.168530 26.949101 110.173874 2.222 49.1586 1.7554 16.0517 1.68862 10.6147 0.228035 5.80443 10.6745 3.59094 0.197418 0.235736 49.4
5000.00 1508.15 68.749611 185.245464 -801399.664855 24.785138 101.306151 2.221 49.0207 1.86564 15.8375 1.75292 11.1394 0.247341 5.66865 10.3006 3.69965 0.211868 0.255694 47.6
5000.00 1503.15 63.353179 170.383674 -734412.341239 22.777792 93.109597 2.215 48.8414 1.98116 15.6126 1.81884 11.6792 0.26841 5.53612 9.96078 3.79708 0.226996 0.277474 45.8
5000.00 1498.15 58.328171 156.559680 -672223.852026 20.907966 85.501247 2.203 48.6175 2.10251 15.3763 1.88667 12.2369 0.291533 5.40782 9.65363 3.88292 0.242807 0.301379 44.1
5000.00 1493.15 53.638734 143.674899 -614378.473872 19.162802 78.424116 2.185 48.3459 2.22998 15.1287 1.95658 12.8153 0.317021 5.28521 9.37759 3.95674 0.259258 0.327728 42.4
5000.00 1488.15 49.259429 131.658821 -560548.847119 17.533238 71.837088 2.161 48.0237 2.3636 14.8697 2.02867 13.4171 0.345205 5.17008 9.13077 4.01806 0.276246 0.356863 40.7
5000.00 1483.15 45.170351 120.455747 -510474.575640 16.012186 65.707453 2.129 47.6477 2.50323 14.5993 2.10301 14.0455 0.376455 5.06441 8.91124 4.06626 0.293606 0.389169 39.1
5000.00 1478.15 41.353951 110.017846 -463920.150738 14.593346 58.687283 2.090 47.2143 2.64859 14.3172 2.1797 14.7047 0.411197 4.97026 8.71719 4.10065 0.311096 0.425084 37.6
5000.00 1473.15 37.792402 100.295287 -420646.301381 13.270215 53.524663 2.043 46.7189 2.79947 14.0221 2.25893 15.4 0.449948 4.88976 8.54711 4.12033 0.328386 0.465143 36.1
5000.00 1468.15 34.470087 91.240566 -380445.348254 12.037039 48.727376 1.988 46.1557 2.95561 13.7117 2.34095 16.1384 0.493315 4.82516 8.39997 4.12416 0.345024 0.509975 34.8
5000.00 1463.15 31.372989 82.813542 -343123.661599 10.888590 44.271980 1.922 45.5181 3.11675 13.3831 2.42606 16.9285 0.542014 4.77896 8.27513 4.11075 0.360395 0.560319 33.5
5000.00 1458.15 28.488903 74.978888 -308509.096823 9.820253 40.137866 1.846 44.798 3.2826 13.0315 2.51467 17.781 0.596885 4.75397 8.17238 4.07834 0.373689 0.617043 32.3
5000.00 1453.15 25.808507 67.709021 -276465.456132 8.828473 36.308746 1.758 43.9869 3.45269 12.6511 2.60711 18.7083 0.658876 4.75335 8.09167 4.02497 0.383862 0.681128 31.2
5000.00 1448.15 23.327209 60.989173 -246918.328036 7.911545 32.775182 1.657 43.0789 3.62574 12.236 2.70342 19.7221 0.72896 4.78017 8.0325 3.94895 0.389663 0.753579 30.2
5000.00 1443.15 20.913817 54.483611 -218485.755729 7.027791 29.338306 1.550 42.1354 3.77949 11.7919 2.80416 20.8286 0.81308 4.80584 7.96531 3.87528 0.391372 0.809615 29.1
5000.00 1438.15 18.649331 48.406295 -192092.373341 6.205703 26.109693 1.443 41.1964 3.91107 11.3494 2.90248 22.0305 0.911808 4.8399 7.84237 3.80514 0.387778 0.823141 28.1
5000.00 1433.15 16.634905 43.016322 -168897.494715 5.480885 23.243391 1.337 40.2713 4.00597 10.9109 2.99532 23.2485 1.02222 4.88386 7.70819 3.73818 0.378555 0.836919 27.2
5000.00 1428.15 14.864640 38.297668 -148837.535718 4.851682 20.728633 1.239 39.4171 4.05225 10.5017 3.079 24.4239 1.14396 4.92541 7.55496 3.68727 0.365447 0.848979 26.4
5000.00 1423.15 13.316973 34.190681 -131625.658978 4.309506 18.533503 1.154 38.6683 4.04546 10.1396 3.15192 25.5126 1.27691 4.95593 7.38026 3.66049 0.350426 0.858085 25.7
5000.00 1418.15 11.963628 30.615972 -116864.853568 3.842370 16.617276 1.081 38.03 3.98971 9.82977 3.21451 26.4963 1.42136 4.97306 7.18729 3.65896 0.334881 0.864153 25.1
5000.00 1413.15 9.653447 24.601920 -92924.974260 3.072687 13.364291 1.015 37.399 4.02827 9.33351 3.29633 27.812 1.40107 4.91589 7.03462 3.60252 0.315652 0.861124 24.0
5000.00 1408.15 7.107908 18.040517 -67404.148120 2.243169 9.803014 0.961 36.8616 4.02642 8.82822 3.3802 29.1975 1.31182 4.82092 6.85211 3.57965 0.294549 0.846965 22.7
5000.00 1403.15 4.603691 11.641334 -43030.021200 1.441998 6.324243 0.919 36.4405 3.93175 8.36988 3.46246 30.5663 1.19065 4.70611 6.61414 3.62441 0.2723 0.821555 21.5
5000.00 1398.15 2.184869 5.506665 -20137.306693 0.679920 2.989280 0.890 36.1227 3.74402 7.9531 3.54521 31.9224 1.03889 4.57723 6.32056 3.74128 0.248793 0.785871 20.4

olivine_0 thermodynamic data and composition:
Pressure Temperature mass S H V Cp formula SiO2 TiO2 Al2O3 Fe2O3 FeO MnO MgO CaO Na2O K2O P2O5
5000.00 1413.15 0.879168 2.009195 -8615.009789 0.243361 0.987390 (Ca0.01Mg0.55Fe''0.40Mn0.05Co0.00Ni0.00)2SiO4 35.5189 0 0 0 34.1756 3.9577 25.9345 0.413299 0 0 0
5000.00 1408.15 2.011754 4.577326 -19468.384937 0.553883 2.247362 (Ca0.01Mg0.53Fe''0.42Mn0.05Co0.00Ni0.00)2SiO4 35.3078 0 0 0 35.4395 3.81773 25.0218 0.413188 0 0 0
5000.00 1403.15 3.200258 7.249520 -30597.714555 0.876551 3.557022 (Ca0.01Mg0.52Fe''0.44Mn0.04Co0.00Ni0.00)2SiO4 35.1081 0 0 0 36.7185 3.60072 24.1603 0.412483 0 0 0
5000.00 1398.15 4.471976 10.086608 -42279.741359 1.218998 4.947758 (Ca0.01Mg0.51Fe''0.45Mn0.04Co0.00Ni0.00)2SiO4 34.9274 0 0 0 37.984 3.29491 23.3828 0.410892 0 0 0
5000.00 1393.15 2.897265 6.550156 -27793.082462 0.793756 3.211410 (Ca0.01Mg0.52Fe''0.41Mn0.07Co0.00Ni0.00)2SiO4 35.0769 0 0 0 34.6541 5.86919 23.9884 0.411442 0 0 0
5000.00 1388.15 2.914413 6.576496 -27959.710842 0.798094 3.228460 (Ca0.01Mg0.52Fe''0.41Mn0.07Co0.00Ni0.00)2SiO4 35.0704 0 0 0 34.7284 5.83466 23.9637 0.402891 0 0 0
5000.00 1383.15 2.931702 6.602960 -28127.362335 0.802463 3.245618 (Ca0.01Mg0.51Fe''0.42Mn0.07Co0.00Ni0.00)2SiO4 35.0636 0 0 0 34.8036 5.80025 23.9381 0.394473 0 0 0
5000.00 1378.15 2.949139 6.629557 -28296.086506 0.806865 3.262891 (Ca0.01Mg0.51Fe''0.42Mn0.07Co0.00Ni0.00)2SiO4 35.0567 0 0 0 34.8797 5.76596 23.9114 0.386187 0 0 0
5000.00 1373.15 2.966731 6.656300 -28465.937593 0.811302 3.280285 (Ca0.01Mg0.51Fe''0.42Mn0.07Co0.00Ni0.00)2SiO4 35.0495 0 0 0 34.9569 5.73177 23.8838 0.378032 0 0 0
5000.00 1368.15 2.984485 6.683204 -28636.974834 0.815776 3.297807 (Ca0.01Mg0.51Fe''0.42Mn0.07Co0.00Ni0.00)2SiO4 35.0421 0 0 0 35.0351 5.69767 23.8552 0.370006 0 0 0
5000.00 1363.15 3.002411 6.710283 -28809.262803 0.820289 3.315465 (Ca0.01Mg0.51Fe''0.42Mn0.07Co0.00Ni0.00)2SiO4 35.0345 0 0 0 35.1143 5.66365 23.8255 0.362108 0 0 0
5000.00 1358.15 3.020516 6.737552 -28982.871766 0.824842 3.333268 (Ca0.01Mg0.51Fe''0.42Mn0.07Co0.00Ni0.00)2SiO4 35.0266 0 0 0 35.1946 5.6297 23.7948 0.354337 0 0 0
5000.00 1353.15 3.038811 6.765030 -29157.878052 0.829439 3.351225 (Ca0.01Mg0.51Fe''0.42Mn0.07Co0.00Ni0.00)2SiO4 35.0185 0 0 0 35.276 5.59581 23.763 0.346692 0 0 0
5000.00 1348.15 3.057304 6.792736 -29334.364435 0.834081 3.369347 (Ca0.01Mg0.51Fe''0.42Mn0.07Co0.00Ni0.00)2SiO4 35.0102 0 0 0 35.3586 5.56196 23.7301 0.339172 0 0 0
5000.00 1343.15 3.076008 6.820688 -29512.420537 0.838772 3.387643 (Ca0.01Mg0.51Fe''0.42Mn0.07Co0.00Ni0.00)2SiO4 35.0016 0 0 0 35.4423 5.52814 23.6962 0.331775 0 0 0
5000.00 1338.15 3.094934 6.848910 -29692.143235 0.843515 3.406126 (Ca0.00Mg0.51Fe''0.42Mn0.07Co0.00Ni0.00)2SiO4 34.9928 0 0 0 35.5273 5.49433 23.6611 0.324499 0 0 0
5000.00 1333.15 3.114095 6.877425 -29873.637081 0.848313 3.424808 (Ca0.00Mg0.51Fe''0.43Mn0.07Co0.00Ni0.00)2SiO4 34.9837 0 0 0 35.6135 5.46053 23.625 0.317345 0 0 0
5000.00 1328.15 3.133505 6.906258 -30057.014728 0.853168 3.443702 (Ca0.00Mg0.51Fe''0.43Mn0.07Co0.00Ni0.00)2SiO4 34.9744 0 0 0 35.7009 5.4267 23.5876 0.31031 0 0 0
5000.00 1323.15 3.153177 6.935436 -30242.397358 0.858086 3.462824 (Ca0.00Mg0.51Fe''0.43Mn0.07Co0.00Ni0.00)2SiO4 34.9648 0 0 0 35.7898 5.39285 23.5492 0.303394 0 0 0
5000.00 1318.15 3.173128 6.964987 -30429.915100 0.863069 3.482188 (Ca0.00Mg0.51Fe''0.43Mn0.06Co0.00Ni0.00)2SiO4 34.955 0 0 0 35.8799 5.35894 23.5096 0.296595 0 0 0
5000.00 1313.15 3.193373 6.994944 -30619.707443 0.868123 3.501811 (Ca0.00Mg0.51Fe''0.43Mn0.06Co0.00Ni0.00)2SiO4 34.9449 0 0 0 35.9715 5.32497 23.4687 0.289912 0 0 0
5000.00 1308.15 3.213932 7.025338 -30811.923857 0.873251 3.521711 (Ca0.00Mg0.50Fe''0.43Mn0.06Co0.00Ni0.00)2SiO4 34.9345 0 0 0 36.0645 5.2909 23.4267 0.283344 0 0 0
5000.00 1303.15 3.234826 7.056214 -31006.767821 0.878460 3.541912 (Ca0.00Mg0.50Fe''0.43Mn0.06Co0.00Ni0.00)2SiO4 34.9239 0 0 0 36.159 5.25673 23.3835 0.27689 0 0 0
5000.00 1298.15 3.256079 7.087617 -31204.443701 0.883755 3.562436 (Ca0.00Mg0.50Fe''0.43Mn0.06Co0.00Ni0.00)2SiO4 34.913 0 0 0 36.255 5.22242 23.339 0.270548 0 0 0
5000.00 1293.15 3.277713 7.119586 -31405.134435 0.889142 3.583307 (Ca0.00Mg0.50Fe''0.44Mn0.06Co0.00Ni0.00)2SiO4 34.9018 0 0 0 36.3526 5.18795 23.2933 0.264318 0 0 0
5000.00 1288.15 3.299750 7.152163 -31609.033913 0.894627 3.604545 (Ca0.00Mg0.50Fe''0.44Mn0.06Co0.00Ni0.00)2SiO4 34.8903 0 0 0 36.4518 5.1533 23.2464 0.258197 0 0 0
5000.00 1283.15 3.322213 7.185393 -31816.347079 0.900216 3.626176 (Ca0.00Mg0.50Fe''0.44Mn0.06Co0.00Ni0.00)2SiO4 34.8785 0 0 0 36.5527 5.11846 23.1982 0.252186 0 0 0
5000.00 1278.15 3.345129 7.219321 -32027.289914 0.905915 3.648225 (Ca0.00Mg0.50Fe''0.44Mn0.06Co0.00Ni0.00)2SiO4 34.8665 0 0 0 36.6552 5.08339 23.1487 0.246282 0 0 0
5000.00 1273.15 3.368523 7.253995 -32242.089278 0.911731 3.670717 (Ca0.00Mg0.50Fe''0.44Mn0.06Co0.00Ni0.00)2SiO4 34.8541 0 0 0 36.7594 5.04809 23.0978 0.240485 0 0 0
5000.00 1268.15 3.392423 7.289467 -32460.982567 0.917671 3.693680 (Ca0.00Mg0.50Fe''0.44Mn0.06Co0.00Ni0.00)2SiO4 34.8415 0 0 0 36.8655 5.01252 23.0457 0.234793 0 0 0
5000.00 1263.15 3.416858 7.325788 -32684.217170 0.923742 3.717144 (Ca0.00Mg0.50Fe''0.44Mn0.06Co0.00Ni0.00)2SiO4 34.8286 0 0 0 36.9733 4.97668 22.9922 0.229205 0 0 0
5000.00 1258.15 3.441856 7.363012 -32912.049671 0.929952 3.741137 (Ca0.00Mg0.49Fe''0.45Mn0.06Co0.00Ni0.00)2SiO4 34.8153 0 0 0 37.083 4.94053 22.9374 0.223721 0 0 0
5000.00 1253.15 3.467450 7.401195 -33144.744764 0.936309 3.765690 (Ca0.00Mg0.49Fe''0.45Mn0.06Co0.00Ni0.00)2SiO4 34.8018 0 0 0 37.1946 4.90407 22.8812 0.218338 0 0 0
5000.00 1248.15 3.493670 7.440392 -33382.573837 0.942820 3.790835 (Ca0.00Mg0.49Fe''0.45Mn0.06Co0.00Ni0.00)2SiO4 34.7879 0 0 0 37.3081 4.86726 22.8237 0.213055 0 0 0
5000.00 1243.15 3.520548 7.480660 -33625.813168 0.949494 3.816602 (Ca0.00Mg0.49Fe''0.45Mn0.06Co0.00Ni0.00)2SiO4 34.7738 0 0 0 37.4236 4.8301 22.7647 0.207873 0 0 0
5000.00 1238.15 3.551710 7.529580 -33907.315367 0.957288 3.846862 (Ca0.00Mg0.49Fe''0.45Mn0.06Co0.00Ni0.00)2SiO4 34.7586 0 0 0 37.5494 4.78772 22.7015 0.202821 0 0 0
5000.00 1233.15 3.626330 7.668901 -34581.923803 0.976548 3.923389 (Ca0.00Mg0.49Fe''0.45Mn0.06Co0.00Ni0.00)2SiO4 34.7351 0 0 0 37.7742 4.6892 22.6032 0.198239 0 0 0
5000.00 1228.15 3.702617 7.810910 -35270.717753 0.996222 4.001513 (Ca0.00Mg0.49Fe''0.46Mn0.06Co0.00Ni0.00)2SiO4 34.7116 0 0 0 37.9977 4.59259 22.5044 0.193727 0 0 0

spinel_0 thermodynamic data and composition:
Pressure Temperature mass S H V Cp formula SiO2 TiO2 Al2O3 Fe2O3 FeO MnO MgO CaO Na2O K2O P2O5
5000.00 1393.15 4.061911 8.668810 -24038.573517 0.879595 3.821488 Fe''1.26Mg0.24Fe'''0.74Al0.26Cr0.00Ti0.50O4 0 18.8661 6.27143 27.6709 42.5835 0 4.60809 0 0 0 0
5000.00 1388.15 4.050434 8.628877 -23955.558517 0.876656 3.807996 Fe''1.26Mg0.24Fe'''0.74Al0.26Cr0.00Ti0.50O4 0 18.7998 6.26561 27.7856 42.578 0 4.57093 0 0 0 0
5000.00 1383.15 4.038455 8.587905 -23869.264892 0.873609 3.794041 Fe''1.26Mg0.24Fe'''0.74Al0.26Cr0.00Ti0.50O4 0 18.7322 6.25974 27.9027 42.5717 0 4.53357 0 0 0 0
5000.00 1378.15 4.025960 8.545870 -23779.610883 0.870450 3.779612 Fe''1.26Mg0.24Fe'''0.75Al0.26Cr0.00Ti0.50O4 0 18.6634 6.25383 28.0223 42.5645 0 4.49601 0 0 0 0
5000.00 1373.15 4.012934 8.502748 -23686.512510 0.867176 3.764696 Fe''1.26Mg0.24Fe'''0.75Al0.26Cr0.00Ti0.49O4 0 18.5932 6.24789 28.1444 42.5563 0 4.45824 0 0 0 0
5000.00 1368.15 3.999364 8.458515 -23589.883584 0.863784 3.749282 Fe''1.26Mg0.23Fe'''0.75Al0.26Cr0.00Ti0.49O4 0 18.5215 6.24193 28.2692 42.547 0 4.42026 0 0 0 0
5000.00 1363.15 3.985235 8.413144 -23489.635736 0.860272 3.733356 Fe''1.26Mg0.23Fe'''0.76Al0.26Cr0.00Ti0.49O4 0 18.4484 6.23596 28.3968 42.5368 0 4.38208 0 0 0 0
5000.00 1358.15 3.970530 8.366609 -23385.678464 0.856635 3.716907 Fe''1.26Mg0.23Fe'''0.76Al0.26Cr0.00Ti0.49O4 0 18.3737 6.22998 28.5272 42.5254 0 4.34367 0 0 0 0
5000.00 1353.15 3.955235 8.318884 -23277.919210 0.852871 3.699922 Fe''1.26Mg0.23Fe'''0.76Al0.26Cr0.00Ti0.49O4 0 18.2974 6.22402 28.6607 42.5128 0 4.30505 0 0 0 0
5000.00 1348.15 3.939333 8.269942 -23166.263455 0.848977 3.682386 Fe''1.26Mg0.23Fe'''0.77Al0.26Cr0.00Ti0.49O4 0 18.2194 6.21807 28.7973 42.499 0 4.26621 0 0 0 0
5000.00 1343.15 3.922808 8.219753 -23050.614846 0.844948 3.664285 Fe''1.26Mg0.22Fe'''0.77Al0.26Cr0.00Ti0.48O4 0 18.1396 6.21215 28.9372 42.4839 0 4.22714 0 0 0 0
5000.00 1338.15 3.905641 8.168289 -22930.875367 0.840782 3.645607 Fe''1.26Mg0.22Fe'''0.78Al0.26Cr0.00Ti0.48O4 0 18.058 6.20627 29.0804 42.4675 0 4.18785 0 0 0 0
5000.00 1333.15 3.887817 8.115522 -22806.945544 0.836474 3.626336 Fe''1.26Mg0.22Fe'''0.78Al0.26Cr0.00Ti0.48O4 0 17.9744 6.20044 29.2273 42.4496 0 4.14832 0 0 0 0
5000.00 1328.15 3.869317 8.061422 -22678.724693 0.832022 3.606459 Fe''1.26Mg0.22Fe'''0.79Al0.26Cr0.00Ti0.48O4 0 17.8888 6.19468 29.3778 42.4302 0 4.10855 0 0 0 0
5000.00 1323.15 3.850124 8.005959 -22546.111237 0.827421 3.585959 Fe''1.26Mg0.22Fe'''0.79Al0.26Cr0.00Ti0.48O4 0 17.8011 6.189 29.5321 42.4092 0 4.06855 0 0 0 0
5000.00 1318.15 3.830218 7.949103 -22409.003065 0.822668 3.564822 Fe''1.26Mg0.21Fe'''0.79Al0.26Cr0.00Ti0.47O4 0 17.7112 6.18341 29.6905 42.3866 0 4.02831 0 0 0 0
5000.00 1313.15 3.809581 7.890824 -22267.297975 0.817759 3.543034 Fe''1.26Mg0.21Fe'''0.80Al0.26Cr0.00Ti0.47O4 0 17.619 6.17794 29.853 42.3622 0 3.98783 0 0 0 0
5000.00 1308.15 3.788196 7.831093 -22120.894328 0.812690 3.520578 Fe''1.26Mg0.21Fe'''0.80Al0.26Cr0.00Ti0.47O4 0 17.5244 6.17258 30.0199 42.336 0 3.9471 0 0 0 0
5000.00 1303.15 3.766047 7.769889 -21969.717884 0.807458 3.497445 Fe''1.26Mg0.21Fe'''0.81Al0.26Cr0.00Ti0.47O4 0 17.4273 6.16738 30.1912 42.3079 0 3.90613 0 0 0 0
5000.00 1298.15 3.743120 7.707190 -21813.690255 0.802061 3.473622 Fe''1.26Mg0.21Fe'''0.81Al0.26Cr0.00Ti0.46O4 0 17.3277 6.16233 30.3673 42.2778 0 3.86491 0 0 0 0
5000.00 1293.15 3.719397 7.642969 -21652.716205 0.796495 3.449096 Fe''1.26Mg0.20Fe'''0.82Al0.26Cr0.00Ti0.46O4 0 17.2253 6.15745 30.5482 42.2456 0 3.82344 0 0 0 0
5000.00 1288.15 3.694859 7.577198 -21486.703960 0.790756 3.423851 Fe''1.26Mg0.20Fe'''0.82Al0.26Cr0.00Ti0.46O4 0 17.1201 6.15278 30.7342 42.2111 0 3.78173 0 0 0 0
5000.00 1283.15 3.669489 7.509852 -21315.566249 0.784841 3.397875 Fe''1.26Mg0.20Fe'''0.83Al0.26Cr0.00Ti0.46O4 0 17.012 6.14832 30.9255 42.1744 0 3.73977 0 0 0 0
5000.00 1278.15 3.643271 7.440907 -21139.221488 0.778746 3.371154 Fe''1.26Mg0.20Fe'''0.84Al0.26Cr0.00Ti0.45O4 0 16.9009 6.1441 31.1222 42.1353 0 3.69756 0 0 0 0
5000.00 1273.15 3.616187 7.370341 -20957.595099 0.772469 3.343675 Fe''1.26Mg0.19Fe'''0.84Al0.26Cr0.00Ti0.45O4 0 16.7866 6.14013 31.3245 42.0937 0 3.65511 0 0 0 0
5000.00 1268.15 3.588225 7.298134 -20770.620988 0.766007 3.315429 Fe''1.26Mg0.19Fe'''0.85Al0.26Cr0.00Ti0.45O4 0 16.6691 6.13645 31.5326 42.0495 0 3.61242 0 0 0 0
5000.00 1263.15 3.559369 7.224270 -20578.243183 0.759357 3.286405 Fe''1.25Mg0.19Fe'''0.85Al0.26Cr0.00Ti0.44O4 0 16.5482 6.13307 31.7467 42.0025 0 3.5695 0 0 0 0
5000.00 1258.15 3.529608 7.148736 -20380.417621 0.752516 3.256594 Fe''1.25Mg0.19Fe'''0.86Al0.26Cr0.00Ti0.44O4 0 16.4238 6.13001 31.9671 41.9528 0 3.52634 0 0 0 0
5000.00 1253.15 3.498931 7.071525 -20177.114105 0.745484 3.225990 Fe''1.25Mg0.19Fe'''0.87Al0.26Cr0.00Ti0.44O4 0 16.2959 6.12731 32.1938 41.9001 0 3.48296 0 0 0 0
5000.00 1248.15 3.467331 6.992632 -19968.318402 0.738259 3.194588 Fe''1.25Mg0.18Fe'''0.87Al0.26Cr0.00Ti0.43O4 0 16.1642 6.12498 32.427 41.8444 0 3.43937 0 0 0 0
5000.00 1243.15 3.434803 6.912059 -19754.034487 0.730841 3.162387 Fe''1.25Mg0.18Fe'''0.88Al0.26Cr0.00Ti0.43O4 0 16.0288 6.12306 32.667 41.7855 0 3.39557 0 0 0 0
5000.00 1238.15 3.395437 6.817831 -19497.947385 0.721952 3.123932 Fe''1.25Mg0.18Fe'''0.89Al0.26Cr0.00Ti0.43O4 0 15.8753 6.12425 32.9371 41.7138 0 3.34953 0 0 0 0
5000.00 1233.15 3.287491 6.585052 -18821.945526 0.698267 3.022289 Fe''1.24Mg0.18Fe'''0.90Al0.26Cr0.00Ti0.42O4 0 15.5524 6.15751 33.4837 41.5261 0 3.28021 0 0 0 0
5000.00 1228.15 3.181816 6.357798 -18163.334625 0.675120 2.922954 Fe''1.24Mg0.17Fe'''0.92Al0.26Cr0.00Ti0.41O4 0 15.2295 6.19114 34.0308 41.336 0 3.21248 0 0 0 0

whitlockite thermodynamic data and composition:
Pressure Temperature mass S H V Cp formula
5000.00 1443.15 0.014133 0.033781 -166.272897 0.004448 0.014989 Ca3(PO4)2
5000.00 1438.15 0.048684 0.116183 -573.011752 0.015322 0.051611 Ca3(PO4)2
5000.00 1433.15 0.079910 0.190410 -940.969583 0.025149 0.084682 Ca3(PO4)2
5000.00 1428.15 0.108369 0.257819 -1276.651692 0.034106 0.114793 Ca3(PO4)2
5000.00 1423.15 0.134432 0.319325 -1584.399132 0.042308 0.142344 Ca3(PO4)2
5000.00 1418.15 0.158222 0.375247 -1865.627602 0.049795 0.167467 Ca3(PO4)2
5000.00 1413.15 0.202486 0.479469 -2388.626162 0.063726 0.214231 Ca3(PO4)2
5000.00 1408.15 0.252586 0.597154 -2980.968485 0.079493 0.267129 Ca3(PO4)2
5000.00 1403.15 0.301491 0.711639 -3559.728089 0.094885 0.318718 Ca3(PO4)2
5000.00 1398.15 0.346620 0.816854 -4094.398396 0.109087 0.366275 Ca3(PO4)2
5000.00 1393.15 0.384141 0.903823 -4539.640496 0.120896 0.405755 Ca3(PO4)2
5000.00 1388.15 0.384141 0.902364 -4541.668849 0.120896 0.405586 Ca3(PO4)2
5000.00 1383.15 0.384141 0.900901 -4543.696353 0.120896 0.405416 Ca3(PO4)2
5000.00 1378.15 0.384141 0.899433 -4545.723004 0.120896 0.405245 Ca3(PO4)2
5000.00 1373.15 0.384141 0.897961 -4547.748797 0.120896 0.405072 Ca3(PO4)2
5000.00 1368.15 0.384141 0.883299 -4567.874011 0.120896 0.546281 Ca3(PO4)2
5000.00 1363.15 0.384141 0.881302 -4570.601344 0.120896 0.544653 Ca3(PO4)2
5000.00 1358.15 0.384141 0.879304 -4573.320558 0.120896 0.543034 Ca3(PO4)2
5000.00 1353.15 0.384141 0.877304 -4576.031700 0.120896 0.541424 Ca3(PO4)2
5000.00 1348.15 0.384141 0.875302 -4578.734813 0.120896 0.539823 Ca3(PO4)2
5000.00 1343.15 0.384141 0.873300 -4581.429943 0.120896 0.538230 Ca3(PO4)2
5000.00 1338.15 0.384141 0.871295 -4584.117133 0.120896 0.536647 Ca3(PO4)2
5000.00 1333.15 0.384141 0.869289 -4586.796428 0.120896 0.535072 Ca3(PO4)2
5000.00 1328.15 0.384141 0.867282 -4589.467871 0.120896 0.533506 Ca3(PO4)2
5000.00 1323.15 0.384141 0.865272 -4592.131506 0.120896 0.531949 Ca3(PO4)2
5000.00 1318.15 0.384141 0.863261 -4594.787377 0.120896 0.530401 Ca3(PO4)2
5000.00 1313.15 0.384141 0.861248 -4597.435527 0.120896 0.528861 Ca3(PO4)2
5000.00 1308.15 0.384141 0.859234 -4600.075998 0.120896 0.527329 Ca3(PO4)2
5000.00 1303.15 0.384141 0.857217 -4602.708835 0.120896 0.525807 Ca3(PO4)2
5000.00 1298.15 0.384141 0.855199 -4605.334078 0.120896 0.524292 Ca3(PO4)2
5000.00 1293.15 0.384141 0.853179 -4607.951771 0.120896 0.522786 Ca3(PO4)2
5000.00 1288.15 0.384141 0.851156 -4610.561955 0.120896 0.521289 Ca3(PO4)2
5000.00 1283.15 0.384141 0.849132 -4613.164673 0.120896 0.519800 Ca3(PO4)2
5000.00 1278.15 0.384141 0.847105 -4615.759966 0.120896 0.518319 Ca3(PO4)2
5000.00 1273.15 0.384141 0.845077 -4618.347875 0.120896 0.516846 Ca3(PO4)2
5000.00 1268.15 0.384141 0.843046 -4620.928442 0.120896 0.515382 Ca3(PO4)2
5000.00 1263.15 0.384141 0.841012 -4623.501707 0.120896 0.513926 Ca3(PO4)2
5000.00 1258.15 0.384141 0.838977 -4626.067711 0.120896 0.512478 Ca3(PO4)2
5000.00 1253.15 0.384141 0.836939 -4628.626496 0.120896 0.511038 Ca3(PO4)2
5000.00 1248.15 0.384141 0.834899 -4631.178100 0.120896 0.509606 Ca3(PO4)2
5000.00 1243.15 0.384141 0.832856 -4633.722564 0.120896 0.508181 Ca3(PO4)2
5000.00 1238.15 0.384141 0.830811 -4636.259928 0.120896 0.506765 Ca3(PO4)2
5000.00 1233.15 0.384141 0.828763 -4638.790231 0.120896 0.505357 Ca3(PO4)2
5000.00 1228.15 0.384141 0.826713 -4641.313513 0.120896 0.503957 Ca3(PO4)2

feldspar_0 thermodynamic data and composition:
Pressure Temperature mass S H V Cp formula SiO2 TiO2 Al2O3 Fe2O3 FeO MnO MgO CaO Na2O K2O P2O5
5000.00 1518.15 2.106229 5.254410 -28550.143962 0.789822 2.606244 K0.00Na0.30Ca0.70Al1.70Si2.30O8 50.5073 0 31.7153 0 0 0 0 14.3803 3.36358 0.03351 0
5000.00 1513.15 5.275034 13.154136 -71514.413709 1.980328 6.526053 K0.00Na0.31Ca0.68Al1.68Si2.32O8 50.9328 0 31.4277 0 0 0 0 14.0437 3.55771 0.0381039 0
5000.00 1508.15 8.245613 20.552253 -111804.396811 3.098927 10.199087 K0.00Na0.33Ca0.67Al1.67Si2.33O8 51.3502 0 31.1454 0 0 0 0 13.7134 3.74778 0.0432571 0
5000.00 1503.15 11.043267 27.511406 -149762.667882 4.154788 13.656693 K0.00Na0.35Ca0.65Al1.65Si2.35O8 51.7578 0 30.8696 0 0 0 0 13.3907 3.9329 0.049046 0
5000.00 1498.15 13.681867 34.065699 -185576.971938 5.152806 16.916050 K0.00Na0.36Ca0.64Al1.64Si2.36O8 52.1539 0 30.6013 0 0 0 0 13.077 4.11232 0.0555513 0
5000.00 1493.15 16.167864 40.230793 -219334.475048 6.095107 19.985150 K0.00Na0.38Ca0.62Al1.62Si2.38O8 52.5375 0 30.3413 0 0 0 0 12.7729 4.28545 0.0628582 0
5000.00 1488.15 18.503867 46.012890 -251070.184961 6.982384 22.867232 K0.00Na0.39Ca0.61Al1.61Si2.39O8 52.9078 0 30.09 0 0 0 0 12.4793 4.45191 0.071056 0
5000.00 1483.15 20.691417 51.415674 -280804.445968 7.814947 25.564218 K0.00Na0.40Ca0.59Al1.59Si2.41O8 53.2644 0 29.8477 0 0 0 0 12.1961 4.61148 0.080239 0
5000.00 1478.15 22.732813 56.444873 -308567.741191 8.593415 28.078975 K0.01Na0.42Ca0.58Al1.58Si2.42O8 53.6075 0 29.6143 0 0 0 0 11.9236 4.76412 0.0905084 0
5000.00 1473.15 24.632785 61.112428 -334423.378803 9.319353 30.417384 K0.01Na0.43Ca0.56Al1.56Si2.44O8 53.9373 0 29.3896 0 0 0 0 11.6612 4.90994 0.10198 0
5000.00 1468.15 26.396405 65.431209 -358439.191794 9.994478 32.585750 K0.01Na0.44Ca0.55Al1.55Si2.45O8 54.2543 0 29.1732 0 0 0 0 11.4087 5.04903 0.114771 0
5000.00 1463.15 28.029316 69.415576 -380690.779047 10.620741 34.591085 K0.01Na0.45Ca0.54Al1.54Si2.46O8 54.5586 0 28.965 0 0 0 0 11.1659 5.18142 0.129003 0
5000.00 1458.15 29.537310 73.080284 -401255.722406 11.200166 36.440583 K0.01Na0.46Ca0.53Al1.53Si2.47O8 54.8505 0 28.7649 0 0 0 0 10.9327 5.30714 0.144785 0
5000.00 1453.15 30.924952 76.437037 -420195.100536 11.734320 38.139926 K0.01Na0.47Ca0.52Al1.52Si2.48O8 55.1297 0 28.5729 0 0 0 0 10.7092 5.42604 0.162187 0
5000.00 1448.15 32.192968 79.487951 -437518.162910 12.223301 39.690058 K0.01Na0.48Ca0.51Al1.51Si2.49O8 55.3953 0 28.3897 0 0 0 0 10.496 5.53774 0.181182 0
5000.00 1443.15 33.344153 82.239558 -453262.861759 12.667866 41.094335 K0.01Na0.49Ca0.50Al1.50Si2.50O8 55.6429 0 28.2182 0 0 0 0 10.2968 5.63997 0.202058 0
5000.00 1438.15 34.325072 84.560955 -466702.819479 13.047591 42.287142 K0.01Na0.50Ca0.49Al1.49Si2.51O8 55.8734 0 28.058 0 0 0 0 10.1109 5.73363 0.224056 0
5000.00 1433.15 35.110957 86.390992 -477504.309266 13.352664 43.244390 K0.01Na0.51Ca0.48Al1.48Si2.52O8 56.081 0 27.9134 0 0 0 0 9.94309 5.81691 0.245659 0
5000.00 1428.15 35.698415 87.722669 -485621.659953 13.581572 43.950710 K0.02Na0.51Ca0.47Al1.47Si2.53O8 56.2644 0 27.7853 0 0 0 0 9.79459 5.88987 0.265847 0
5000.00 1423.15 36.107009 88.606092 -491319.775023 13.741701 44.435930 K0.02Na0.52Ca0.47Al1.47Si2.53O8 56.4259 0 27.6724 0 0 0 0 9.66381 5.95384 0.284043 0
5000.00 1418.15 36.370774 89.127207 -495059.134488 13.846062 44.742288 K0.02Na0.52Ca0.46Al1.46Si2.54O8 56.5693 0 27.5722 0 0 0 0 9.54767 6.01069 0.300136 0
5000.00 1413.15 37.160325 90.944589 -505935.699875 14.152964 45.696112 K0.02Na0.53Ca0.45Al1.45Si2.55O8 56.7679 0 27.4341 0 0 0 0 9.38737 6.0911 0.319573 0
5000.00 1408.15 37.944273 92.744464 -516740.079372 14.458370 46.642696 K0.02Na0.54Ca0.44Al1.44Si2.56O8 56.9757 0 27.2899 0 0 0 0 9.21999 6.1763 0.338099 0
5000.00 1403.15 38.595083 94.213142 -525741.381585 14.713206 47.425228 K0.02Na0.54Ca0.44Al1.44Si2.56O8 57.1818 0 27.1475 0 0 0 0 9.05434 6.2622 0.354163 0
5000.00 1398.15 39.157909 95.462716 -533553.506961 14.934760 48.099554 K0.02Na0.55Ca0.43Al1.43Si2.57O8 57.3899 0 27.0044 0 0 0 0 8.88772 6.35077 0.367205 0
5000.00 1393.15 41.928999 101.975784 -571678.415498 15.978482 51.472777 K0.02Na0.54Ca0.44Al1.44Si2.56O8 57.1516 0 27.1674 0 0 0 0 9.07784 6.2472 0.3559 0
5000.00 1388.15 41.910966 101.747556 -571688.574986 15.969562 51.426591 K0.02Na0.54Ca0.44Al1.44Si2.56O8 57.154 0 27.1658 0 0 0 0 9.07595 6.2482 0.356054 0
5000.00 1383.15 41.892433 101.517711 -571691.536277 15.960458 51.379672 K0.02Na0.54Ca0.44Al1.44Si2.56O8 57.1564 0 27.1641 0 0 0 0 9.07402 6.24923 0.356211 0
5000.00 1378.15 41.873387 101.286225 -571687.111998 15.951168 51.332004 K0.02Na0.54Ca0.44Al1.44Si2.56O8 57.1589 0 27.1624 0 0 0 0 9.07202 6.25029 0.356373 0
5000.00 1373.15 41.853815 101.053068 -571675.111639 15.941685 51.283571 K0.02Na0.54Ca0.44Al1.44Si2.56O8 57.1615 0 27.1606 0 0 0 0 9.06996 6.25138 0.35654 0
5000.00 1368.15 41.833703 100.818214 -571655.341725 15.932005 51.234356 K0.02Na0.54Ca0.44Al1.44Si2.56O8 57.1641 0 27.1588 0 0 0 0 9.06783 6.2525 0.356711 0
5000.00 1363.15 41.813039 100.581634 -571627.606028 15.922122 51.184343 K0.02Na0.54Ca0.44Al1.44Si2.56O8 57.1669 0 27.1569 0 0 0 0 9.06565 6.25366 0.356887 0
5000.00 1358.15 41.791808 100.343303 -571591.705828 15.912033 51.133514 K0.02Na0.54Ca0.44Al1.44Si2.56O8 57.1697 0 27.155 0 0 0 0 9.06339 6.25486 0.357069 0
5000.00 1353.15 41.769997 100.103191 -571547.440227 15.901731 51.081852 K0.02Na0.54Ca0.44Al1.44Si2.56O8 57.1726 0 27.153 0 0 0 0 9.06106 6.2561 0.357255 0
5000.00 1348.15 41.747592 99.861271 -571494.606521 15.891212 51.029342 K0.02Na0.54Ca0.44Al1.44Si2.56O8 57.1756 0 27.1509 0 0 0 0 9.05866 6.25737 0.357447 0
5000.00 1343.15 41.724578 99.617516 -571433.000643 15.880471 50.975964 K0.02Na0.54Ca0.44Al1.44Si2.56O8 57.1787 0 27.1488 0 0 0 0 9.05618 6.25869 0.357644 0
5000.00 1338.15 41.700943 99.371897 -571362.417683 15.869502 50.921702 K0.02Na0.54Ca0.44Al1.44Si2.56O8 57.1819 0 27.1466 0 0 0 0 9.05362 6.26004 0.357847 0
5000.00 1333.15 41.676671 99.124389 -571282.652495 15.858300 50.866540 K0.02Na0.54Ca0.43Al1.43Si2.57O8 57.1852 0 27.1443 0 0 0 0 9.05098 6.26144 0.358055 0
5000.00 1328.15 41.651749 98.874964 -571193.500398 15.846861 50.810459 K0.02Na0.54Ca0.43Al1.43Si2.57O8 57.1886 0 27.142 0 0 0 0 9.04826 6.26289 0.358269 0
5000.00 1323.15 41.626163 98.623596 -571094.757990 15.835178 50.753442 K0.02Na0.54Ca0.43Al1.43Si2.57O8 57.1921 0 27.1396 0 0 0 0 9.04545 6.26438 0.35849 0
5000.00 1318.15 41.599899 98.370260 -570986.224078 15.823248 50.695475 K0.02Na0.54Ca0.43Al1.43Si2.57O8 57.1957 0 27.1371 0 0 0 0 9.04256 6.26592 0.358716 0
5000.00 1313.15 41.572945 98.114931 -570867.700744 15.811066 50.636539 K0.02Na0.55Ca0.43Al1.43Si2.57O8 57.1994 0 27.1345 0 0 0 0 9.03957 6.26751 0.358949 0
5000.00 1308.15 41.545286 97.857483 -570739.130637 15.798622 50.925621 K0.02Na0.55Ca0.43Al1.43Si2.57O8 57.2033 0 27.1319 0 0 0 0 9.03649 6.26915 0.359188 0
5000.00 1303.15 41.516925 97.596794 -570601.996054 15.785873 50.865976 K0.02Na0.55Ca0.43Al1.43Si2.57O8 57.2073 0 27.1292 0 0 0 0 9.03331 6.27085 0.359433 0
5000.00 1298.15 41.487861 97.334097 -570454.661634 15.772868 50.805394 K0.02Na0.55Ca0.43Al1.43Si2.57O8 57.2114 0 27.1263 0 0 0 0 9.03002 6.27259 0.359685 0
5000.00 1293.15 41.458082 97.069374 -570296.968812 15.759602 50.743869 K0.02Na0.55Ca0.43Al1.43Si2.57O8 57.2156 0 27.1234 0 0 0 0 9.02664 6.2744 0.359943 0
5000.00 1288.15 41.427580 96.802610 -570128.770487 15.746073 50.681393 K0.02Na0.55Ca0.43Al1.43Si2.57O8 57.2199 0 27.1204 0 0 0 0 9.02315 6.27626 0.360208 0
5000.00 1283.15 41.396346 96.533792 -569949.933167 15.732275 50.617963 K0.02Na0.55Ca0.43Al1.43Si2.57O8 57.2244 0 27.1173 0 0 0 0 9.01955 6.27818 0.36048 0
5000.00 1278.15 41.364372 96.262909 -569760.339333 15.718208 50.553575 K0.02Na0.55Ca0.43Al1.43Si2.57O8 57.2291 0 27.1142 0 0 0 0 9.01583 6.28016 0.360759 0
5000.00 1273.15 41.331651 95.989956 -569559.890015 15.703869 50.488231 K0.02Na0.55Ca0.43Al1.43Si2.57O8 57.2339 0 27.1109 0 0 0 0 9.01201 6.28221 0.361044 0
5000.00 1268.15 41.298181 95.714929 -569348.507592 15.689257 50.421930 K0.02Na0.55Ca0.43Al1.43Si2.57O8 57.2388 0 27.1075 0 0 0 0 9.00807 6.28431 0.361337 0
5000.00 1263.15 41.263957 95.437830 -569126.138808 15.674369 50.354679 K0.02Na0.55Ca0.43Al1.43Si2.57O8 57.2439 0 27.104 0 0 0 0 9.00402 6.28648 0.361636 0
5000.00 1258.15 41.228978 95.158662 -568892.757980 15.659207 50.286484 K0.02Na0.55Ca0.43Al1.43Si2.57O8 57.2491 0 27.1004 0 0 0 0 8.99985 6.28871 0.361943 0
5000.00 1253.15 41.193247 94.877439 -568648.370387 15.643770 50.217356 K0.02Na0.55Ca0.43Al1.43Si2.57O8 57.2544 0 27.0968 0 0 0 0 8.99557 6.291 0.362257 0
5000.00 1248.15 41.156767 94.594174 -568393.015791 15.628061 50.147310 K0.02Na0.55Ca0.43Al1.43Si2.57O8 57.2599 0 27.093 0 0 0 0 8.99117 6.29335 0.362578 0
5000.00 1243.15 41.119544 94.308890 -568126.772052 15.612081 50.076363 K0.02Na0.55Ca0.43Al1.43Si2.57O8 57.2656 0 27.0891 0 0 0 0 8.98665 6.29577 0.362906 0
5000.00 1238.15 41.076526 94.010374 -567779.179318 15.593977 49.998470 K0.02Na0.55Ca0.43Al1.43Si2.57O8 57.2728 0 27.0841 0 0 0 0 8.98085 6.29891 0.363287 0
5000.00 1233.15 40.975299 93.582563 -566619.081904 15.554519 49.850858 K0.02Na0.55Ca0.43Al1.43Si2.57O8 57.297 0 27.0676 0 0 0 0 8.96158 6.30958 0.364184 0
5000.00 1228.15 40.877004 93.161485 -565498.562750 15.516143 49.706876 K0.02Na0.55Ca0.43Al1.43Si2.57O8 57.3204 0 27.0517 0 0 0 0 8.94295 6.31989 0.36506 0

clinopyroxene_2 thermodynamic data and composition:
Pressure Temperature mass S H V Cp structure formula SiO2 TiO2 Al2O3 Fe2O3 FeO MnO MgO CaO Na2O K2O P2O5
5000.00 1238.15 0.034644 0.071980 -431.329657 0.009871 0.038398 cpx Na0.04Ca0.91Fe''0.22Mg0.41Fe'''0.07Ti0.35Al0.72Si1.27O6 32.9911 12.2031 15.8597 2.48011 6.6735 0 7.1762 22.0256 0.59063 0 0
5000.00 1233.15 0.465078 0.963931 -5793.275327 0.132448 0.515162 cpx Na0.04Ca0.91Fe''0.22Mg0.41Fe'''0.07Ti0.36Al0.72Si1.27O6 32.9047 12.2633 15.9279 2.45718 6.67841 0 7.13299 22.0455 0.590078 0 0
5000.00 1228.15 0.875400 1.809890 -10909.911694 0.249186 0.969069 cpx Na0.04Ca0.91Fe''0.22Mg0.41Fe'''0.07Ti0.36Al0.73Si1.27O6 32.8192 12.323 15.9957 2.43382 6.68304 0 7.09061 22.0652 0.58945 0 0

clinopyroxene_1 thermodynamic data and composition:
Pressure Temperature mass S H V Cp structure formula SiO2 TiO2 Al2O3 Fe2O3 FeO MnO MgO CaO Na2O K2O P2O5
5000.00 1443.15 1.293808 3.061653 -15128.898269 0.387004 1.541490 cpx Na0.02Ca0.28Fe''0.52Mg1.03Fe'''0.05Ti0.01Al0.22Si1.86O6 49.9169 0.525302 5.10008 1.80242 16.6732 0 18.5825 7.13659 0.263029 0 0
5000.00 1438.15 2.648489 6.254292 -30882.082515 0.790926 3.150572 cpx Na0.02Ca0.28Fe''0.53Mg1.02Fe'''0.05Ti0.02Al0.23Si1.86O6 49.7967 0.538576 5.13848 1.84855 17.0097 0 18.4254 6.97569 0.266914 0 0
5000.00 1433.15 3.896716 9.182885 -45315.298909 1.161859 4.628414 cpx Na0.02Ca0.27Fe''0.54Mg1.02Fe'''0.05Ti0.02Al0.23Si1.85O6 49.6774 0.549642 5.18422 1.89549 17.3285 0 18.2736 6.8204 0.270767 0 0
5000.00 1428.15 5.053177 11.883643 -58615.305218 1.504388 5.993188 cpx Na0.02Ca0.27Fe''0.55Mg1.01Fe'''0.05Ti0.02Al0.23Si1.85O6 49.5587 0.558291 5.23697 1.94314 17.6307 0 18.1254 6.67217 0.27459 0 0
5000.00 1423.15 6.125938 14.376896 -70889.634743 1.821101 7.255086 cpx Na0.02Ca0.26Fe''0.56Mg1.00Fe'''0.06Ti0.02Al0.23Si1.85O6 49.442 0.5643 5.29512 1.99096 17.9165 0 17.9804 6.53234 0.278408 0 0
5000.00 1418.15 7.115366 16.664804 -82156.311552 2.112290 8.415171 cpx Na0.02Ca0.26Fe''0.57Mg1.00Fe'''0.06Ti0.02Al0.24Si1.85O6 49.3291 0.567565 5.3567 2.03818 18.1847 0 17.8397 6.40178 0.282265 0 0
5000.00 1413.15 7.362698 17.198397 -84596.004485 2.180415 8.684691 cpx Na0.02Ca0.25Fe''0.59Mg0.98Fe'''0.06Ti0.02Al0.24Si1.85O6 49.159 0.570753 5.37926 2.10387 18.7126 0 17.5204 6.26979 0.284385 0 0
5000.00 1408.15 7.498337 17.465310 -85658.501682 2.214468 8.817736 cpx Na0.02Ca0.25Fe''0.61Mg0.96Fe'''0.06Ti0.02Al0.24Si1.84O6 48.9682 0.571251 5.39559 2.17917 19.319 0 17.142 6.13853 0.286248 0 0
5000.00 1403.15 7.608103 17.669907 -86406.938327 2.240667 8.919154 cpx Na0.02Ca0.24Fe''0.63Mg0.94Fe'''0.06Ti0.02Al0.24Si1.84O6 48.7754 0.567926 5.41612 2.25976 19.9231 0 16.7554 6.01351 0.288734 0 0
5000.00 1398.15 7.550071 17.484654 -85259.814364 2.217558 8.824043 cpx Na0.02Ca0.24Fe''0.65Mg0.92Fe'''0.07Ti0.02Al0.24Si1.84O6 48.586 0.560866 5.44049 2.3445 20.5063 0 16.3717 5.89798 0.292198 0 0
5000.00 1393.15 0.930914 2.155992 -10699.422613 0.275650 1.095399 cpx Na0.02Ca0.26Fe''0.60Mg0.98Fe'''0.05Ti0.01Al0.21Si1.87O6 49.7039 0.392016 4.75924 1.82585 19.1378 0 17.4863 6.42642 0.268373 0 0
5000.00 1388.15 1.323299 3.059196 -15209.284173 0.391698 1.556488 cpx Na0.02Ca0.26Fe''0.60Mg0.98Fe'''0.05Ti0.01Al0.21Si1.87O6 49.7181 0.386238 4.74758 1.80241 19.2303 0 17.5103 6.33936 0.265807 0 0
5000.00 1383.15 1.697389 3.916847 -19508.877241 0.502249 1.995678 cpx Na0.02Ca0.25Fe''0.61Mg0.98Fe'''0.05Ti0.01Al0.21Si1.87O6 49.7318 0.38055 4.73615 1.77923 19.3221 0 17.533 6.25393 0.263296 0 0
5000.00 1378.15 2.054665 4.732565 -23615.247619 0.607747 2.414726 cpx Na0.02Ca0.25Fe''0.61Mg0.98Fe'''0.05Ti0.01Al0.21Si1.87O6 49.745 0.374946 4.72494 1.75633 19.4133 0 17.5546 6.17005 0.26084 0 0
5000.00 1373.15 2.396455 5.509593 -27543.635841 0.708589 2.815206 cpx Na0.02Ca0.25Fe''0.61Mg0.98Fe'''0.05Ti0.01Al0.21Si1.87O6 49.7579 0.369421 4.71396 1.73368 19.5039 0 17.5751 6.08767 0.258436 0 0
5000.00 1368.15 2.723947 6.250838 -31307.714776 0.805131 3.198528 cpx Na0.02Ca0.24Fe''0.62Mg0.99Fe'''0.05Ti0.01Al0.21Si1.87O6 49.7703 0.363971 4.70319 1.71129 19.594 0 17.5944 6.00672 0.256081 0 0
5000.00 1363.15 3.038215 6.958917 -34919.789752 0.897696 3.565963 cpx Na0.02Ca0.24Fe''0.62Mg0.99Fe'''0.05Ti0.01Al0.21Si1.87O6 49.7824 0.358591 4.69263 1.68916 19.6836 0 17.6127 5.92714 0.253776 0 0
5000.00 1358.15 3.340226 7.636195 -38390.967922 0.986573 3.918660 cpx Na0.02Ca0.24Fe''0.62Mg0.99Fe'''0.05Ti0.01Al0.21Si1.87O6 49.794 0.353279 4.68227 1.66727 19.7728 0 17.6299 5.84889 0.251518 0 0
5000.00 1353.15 3.630856 8.284811 -41731.302262 1.072023 4.257656 cpx Na0.02Ca0.23Fe''0.62Mg0.99Fe'''0.05Ti0.01Al0.21Si1.87O6 49.8053 0.348029 4.67213 1.64562 19.8616 0 17.6461 5.77191 0.249305 0 0
5000.00 1348.15 3.910901 8.906707 -44949.914499 1.154286 4.583895 cpx Na0.02Ca0.23Fe''0.63Mg0.99Fe'''0.05Ti0.01Al0.21Si1.87O6 49.8162 0.34284 4.66218 1.62422 19.9501 0 17.6612 5.69617 0.247136 0 0
5000.00 1343.15 4.181084 9.503651 -48055.100448 1.233577 4.898235 cpx Na0.02Ca0.23Fe''0.63Mg0.99Fe'''0.05Ti0.01Al0.21Si1.87O6 49.8266 0.337706 4.65243 1.60305 20.0383 0 17.6753 5.6216 0.245011 0 0
5000.00 1338.15 4.442067 10.077253 -51054.420587 1.310095 5.201457 cpx Na0.02Ca0.22Fe''0.63Mg0.99Fe'''0.04Ti0.01Al0.21Si1.87O6 49.8367 0.332626 4.64289 1.58212 20.1262 0 17.6883 5.54819 0.242927 0 0
5000.00 1333.15 4.694451 10.628984 -53954.778186 1.384019 5.494277 cpx Na0.02Ca0.22Fe''0.64Mg0.99Fe'''0.04Ti0.01Al0.21Si1.87O6 49.8464 0.327596 4.63354 1.56141 20.2139 0 17.7004 5.47589 0.240885 0 0
5000.00 1328.15 4.938789 11.160191 -56762.486865 1.455516 5.777348 cpx Na0.02Ca0.22Fe''0.64Mg0.99Fe'''0.04Ti0.01Al0.21Si1.88O6 49.8557 0.322613 4.62438 1.54094 20.3014 0 17.7114 5.40467 0.238883 0 0
5000.00 1323.15 5.175586 11.672105 -59483.329169 1.524735 6.051268 cpx Na0.02Ca0.22Fe''0.64Mg0.99Fe'''0.04Ti0.01Al0.20Si1.88O6 49.8646 0.317674 4.61543 1.52069 20.3887 0 17.7215 5.33449 0.23692 0 0
5000.00 1318.15 5.405307 12.165859 -62122.607434 1.591816 6.316588 cpx Na0.02Ca0.21Fe''0.64Mg0.99Fe'''0.04Ti0.01Al0.20Si1.88O6 49.8731 0.312778 4.60666 1.50066 20.4759 0 17.7305 5.26533 0.234995 0 0
5000.00 1313.15 5.628378 12.642491 -64685.188039 1.656887 6.573811 cpx Na0.02Ca0.21Fe''0.65Mg1.00Fe'''0.04Ti0.01Al0.20Si1.88O6 49.8813 0.30792 4.59809 1.48085 20.563 0 17.7386 5.19716 0.233107 0 0
5000.00 1308.15 5.845191 13.102955 -67175.539235 1.720064 6.823401 cpx Na0.02Ca0.21Fe''0.65Mg1.00Fe'''0.04Ti0.01Al0.20Si1.88O6 49.889 0.3031 4.58972 1.46126 20.65 0 17.7457 5.12995 0.231257 0 0
5000.00 1303.15 6.056094 13.548102 -69597.630675 1.781451 7.065769 cpx Na0.02Ca0.20Fe''0.65Mg1.00Fe'''0.04Ti0.01Al0.20Si1.88O6 49.8964 0.298315 4.58154 1.44188 20.737 0 17.7518 5.06367 0.229441 0 0
5000.00 1298.15 6.261408 13.978719 -71955.127653 1.841145 7.301297 cpx Na0.02Ca0.20Fe''0.66Mg1.00Fe'''0.04Ti0.01Al0.20Si1.88O6 49.9034 0.293562 4.57354 1.42272 20.8239 0 17.7569 4.99831 0.22766 0 0
5000.00 1293.15 6.461438 14.395545 -74251.485450 1.899236 7.530343 cpx Na0.02Ca0.20Fe''0.66Mg1.00Fe'''0.04Ti0.01Al0.20Si1.88O6 49.91 0.288838 4.56574 1.40377 20.9109 0 17.761 4.93385 0.225912 0 0
5000.00 1288.15 6.656462 14.799262 -76489.872415 1.955808 7.753237 cpx Na0.02Ca0.20Fe''0.66Mg1.00Fe'''0.04Ti0.01Al0.20Si1.88O6 49.9162 0.284143 4.55813 1.38503 20.9978 0 17.7642 4.87026 0.224197 0 0
5000.00 1283.15 6.846736 15.190492 -78673.189309 2.010936 7.970280 cpx Na0.02Ca0.19Fe''0.66Mg1.00Fe'''0.04Ti0.01Al0.20Si1.88O6 49.922 0.279475 4.55072 1.36649 21.0849 0 17.7664 4.80753 0.222514 0 0
5000.00 1278.15 7.032492 15.569807 -80804.086147 2.064692 8.181749 cpx Na0.02Ca0.19Fe''0.67Mg1.00Fe'''0.04Ti0.01Al0.20Si1.88O6 49.9275 0.274831 4.54349 1.34816 21.1719 0 17.7676 4.74563 0.220863 0 0
5000.00 1273.15 7.213946 15.937730 -82884.976839 2.117137 8.387894 cpx Na0.02Ca0.19Fe''0.67Mg1.00Fe'''0.04Ti0.01Al0.20Si1.88O6 49.9325 0.270209 4.53646 1.33003 21.2591 0 17.7679 4.68455 0.219243 0 0
5000.00 1268.15 7.391288 16.294736 -84918.051936 2.168331 8.588944 cpx Na0.02Ca0.19Fe''0.67Mg1.00Fe'''0.04Ti0.01Al0.20Si1.88O6 49.9372 0.265609 4.52963 1.3121 21.3464 0 17.7671 4.62428 0.217655 0 0
5000.00 1263.15 7.564696 16.641256 -86905.289756 2.218325 8.785107 cpx Na0.02Ca0.18Fe''0.68Mg1.00Fe'''0.04Ti0.01Al0.20Si1.88O6 49.9414 0.261028 4.52299 1.29438 21.4339 0 17.7654 4.5648 0.216097 0 0
5000.00 1258.15 7.734326 16.977682 -88848.466133 2.267166 8.976568 cpx Na0.02Ca0.18Fe''0.68Mg1.00Fe'''0.04Ti0.01Al0.20Si1.88O6 49.9453 0.256466 4.51655 1.27684 21.5214 0 17.7628 4.50609 0.214569 0 0
5000.00 1253.15 7.900319 17.304363 -90749.163069 2.314898 9.163493 cpx Na0.02Ca0.18Fe''0.68Mg1.00Fe'''0.04Ti0.01Al0.20Si1.88O6 49.9487 0.25192 4.51031 1.25951 21.6092 0 17.7591 4.44815 0.213071 0 0
5000.00 1248.15 8.062799 17.621612 -92608.776511 2.361556 9.346028 cpx Na0.02Ca0.18Fe''0.68Mg1.00Fe'''0.04Ti0.01Al0.20Si1.88O6 49.9518 0.247391 4.50426 1.24236 21.6971 0 17.7545 4.39096 0.211603 0 0
5000.00 1243.15 8.221873 17.929705 -94428.523526 2.407173 9.524304 cpx Na0.02Ca0.18Fe''0.69Mg1.00Fe'''0.03Ti0.01Al0.20Si1.88O6 49.9545 0.242876 4.49842 1.22541 21.7852 0 17.7489 4.3345 0.210163 0 0
5000.00 1238.15 8.377397 18.228234 -96203.752436 2.451678 9.697989 cpx Na0.02Ca0.17Fe''0.69Mg1.00Fe'''0.03Ti0.01Al0.20Si1.88O6 49.9559 0.238109 4.49293 1.20911 21.8762 0 17.7394 4.27957 0.208822 0 0
5000.00 1233.15 8.524038 18.504261 -97841.480352 2.493186 9.859147 cpx Na0.02Ca0.17Fe''0.69Mg1.00Fe'''0.03Ti0.01Al0.20Si1.88O6 49.9466 0.230317 4.48938 1.1983 21.9979 0 17.6948 4.23437 0.208298 0 0
5000.00 1228.15 8.662351 18.760664 -99382.915925 2.532220 10.010391 cpx Na0.02Ca0.17Fe''0.70Mg0.99Fe'''0.03Ti0.01Al0.20Si1.88O6 49.9374 0.222726 4.4859 1.18729 22.1188 0 17.6507 4.18934 0.207753 0 0

clinopyroxene_0 thermodynamic data and composition:
Pressure Temperature mass S H V Cp structure formula SiO2 TiO2 Al2O3 Fe2O3 FeO MnO MgO CaO Na2O K2O P2O5
5000.00 1543.15 1.863735 4.486025 -23586.825289 0.578550 2.229627 cpx Na0.02Ca0.80Fe''0.16Mg0.88Fe'''0.04Ti0.01Al0.23Si1.87O6 51.0123 0.357757 5.23598 1.40458 5.17867 0 16.0712 20.4646 0.274938 0 0
5000.00 1538.15 5.109753 12.278249 -64595.751946 1.584072 6.105397 cpx Na0.02Ca0.80Fe''0.16Mg0.87Fe'''0.04Ti0.01Al0.24Si1.86O6 50.7922 0.391628 5.46562 1.46432 5.31515 0 15.8615 20.4218 0.287745 0 0
5000.00 1533.15 8.201759 19.674484 -103566.129589 2.539191 9.787860 cpx Na0.02Ca0.80Fe''0.17Mg0.86Fe'''0.04Ti0.01Al0.25Si1.85O6 50.5717 0.427238 5.69417 1.52413 5.45474 0 15.6542 20.3729 0.300855 0 0
5000.00 1528.15 11.153260 26.709037 -140671.888686 3.448246 13.293828 cpx Na0.02Ca0.80Fe''0.17Mg0.85Fe'''0.04Ti0.01Al0.26Si1.85O6 50.3511 0.464524 5.92111 1.58392 5.59745 0 15.4495 20.3181 0.314268 0 0
5000.00 1523.15 13.976005 33.411767 -176064.431794 4.315021 16.637939 cpx Na0.02Ca0.80Fe''0.18Mg0.84Fe'''0.05Ti0.01Al0.27Si1.84O6 50.1309 0.5034 6.14596 1.64354 5.74327 0 15.2475 20.2575 0.327981 0 0
5000.00 1518.15 17.161638 40.971909 -215796.477422 5.291431 20.413573 cpx Na0.02Ca0.79Fe''0.18Mg0.83Fe'''0.05Ti0.02Al0.27Si1.84O6 50.0163 0.543428 6.20884 1.68695 5.98905 0 15.1771 20.0372 0.341117 0 0
5000.00 1513.15 20.315892 48.445677 -254870.705070 6.255409 24.150648 cpx Na0.03Ca0.78Fe''0.19Mg0.83Fe'''0.05Ti0.02Al0.27Si1.84O6 49.9584 0.584258 6.18127 1.72199 6.3011 0 15.1792 19.7202 0.353582 0 0
5000.00 1508.15 23.166340 55.176272 -289934.214675 7.122959 27.520628 cpx Na0.03Ca0.77Fe''0.20Mg0.83Fe'''0.05Ti0.02Al0.27Si1.84O6 49.8923 0.626261 6.15991 1.7589 6.62192 0 15.1729 19.402 0.365843 0 0
5000.00 1503.15 25.765418 61.289615 -321662.747759 7.910455 30.585491 cpx Na0.03Ca0.75Fe''0.21Mg0.83Fe'''0.05Ti0.02Al0.27Si1.84O6 49.817 0.669789 6.14521 1.79815 6.94926 0 15.1555 19.0872 0.377965 0 0
5000.00 1498.15 28.152116 66.879008 -350563.726934 8.630108 33.391136 cpx Na0.03Ca0.74Fe''0.22Mg0.83Fe'''0.05Ti0.02Al0.27Si1.84O6 49.7318 0.715207 6.13757 1.8401 7.27996 0 15.1246 18.7807 0.390025 0 0
5000.00 1493.15 30.355877 72.014751 -377026.420298 9.291190 35.972166 cpx Na0.03Ca0.73Fe''0.24Mg0.83Fe'''0.05Ti0.02Al0.27Si1.83O6 49.6364 0.762851 6.13733 1.88497 7.61038 0 15.0786 18.4874 0.402104 0 0
5000.00 1488.15 32.399565 76.751491 -401359.198242 9.900960 38.355538 cpx Na0.03Ca0.72Fe''0.25Mg0.83Fe'''0.05Ti0.02Al0.27Si1.83O6 49.5306 0.812993 6.14471 1.93285 7.93684 0 15.0169 18.2108 0.414287 0 0
5000.00 1483.15 34.301578 81.133409 -423815.170173 10.465311 40.563132 cpx Na0.03Ca0.71Fe''0.26Mg0.82Fe'''0.06Ti0.02Al0.27Si1.83O6 49.4149 0.865811 6.15978 1.9837 8.25592 0 14.9397 17.9535 0.426651 0 0
5000.00 1478.15 36.077189 85.197504 -444608.151050 10.989178 42.613365 cpx Na0.03Ca0.70Fe''0.27Mg0.82Fe'''0.06Ti0.03Al0.27Si1.83O6 49.2899 0.921375 6.18251 2.03742 8.56476 0 14.8481 17.7167 0.439261 0 0
5000.00 1473.15 37.739513 88.975874 -463923.700814 11.476830 44.522299 cpx Na0.03Ca0.70Fe''0.27Mg0.82Fe'''0.06Ti0.03Al0.27Si1.82O6 49.1566 0.979647 6.21269 2.0938 8.86113 0 14.7437 17.5002 0.452175 0 0
5000.00 1468.15 39.299110 92.494727 -481914.979668 11.931751 46.303138 cpx Na0.03Ca0.69Fe''0.28Mg0.81Fe'''0.06Ti0.03Al0.27Si1.82O6 49.0159 1.04048 6.25017 2.15262 9.14313 0 14.6287 17.3036 0.465437 0 0
5000.00 1463.15 40.764359 95.775234 -498707.523473 12.356761 47.966636 cpx Na0.03Ca0.68Fe''0.29Mg0.80Fe'''0.06Ti0.03Al0.28Si1.82O6 48.8689 1.10362 6.29477 2.21364 9.40912 0 14.505 17.1258 0.47908 0 0
5000.00 1458.15 42.141684 98.834022 -514402.303284 12.754080 49.521327 cpx Na0.04Ca0.68Fe''0.30Mg0.80Fe'''0.06Ti0.03Al0.28Si1.81O6 48.7168 1.16874 6.34643 2.2766 9.65758 0 14.3749 16.9658 0.493135 0 0
5000.00 1453.15 43.435842 101.683838 -529079.583035 13.125424 50.973833 cpx Na0.04Ca0.67Fe''0.31Mg0.79Fe'''0.07Ti0.03Al0.28Si1.81O6 48.5606 1.23542 6.40522 2.3413 9.88704 0 14.2403 16.8225 0.507626 0 0
5000.00 1448.15 44.650710 104.335351 -542808.023653 13.472227 52.329726 cpx Na0.04Ca0.67Fe''0.32Mg0.78Fe'''0.07Ti0.04Al0.28Si1.81O6 48.401 1.30327 6.47156 2.4076 10.0961 0 14.103 16.6949 0.522571 0 0
5000.00 1443.15 44.607150 103.982853 -541701.233450 13.439817 52.175834 cpx Na0.04Ca0.67Fe''0.32Mg0.77Fe'''0.07Ti0.04Al0.29Si1.80O6 48.1588 1.41338 6.59566 2.50537 10.1269 0 13.8244 16.8312 0.544311 0 0
5000.00 1438.15 44.504049 103.487000 -539947.746991 13.389262 51.949508 cpx Na0.04Ca0.68Fe''0.32Mg0.75Fe'''0.07Ti0.04Al0.30Si1.79O6 47.8913 1.53705 6.74046 2.61255 10.1272 0 13.5304 16.9937 0.56737 0 0
5000.00 1433.15 44.456105 103.122987 -538915.413070 13.355598 51.790915 cpx Na0.04Ca0.69Fe''0.32Mg0.74Fe'''0.08Ti0.05Al0.30Si1.78O6 47.6165 1.66433 6.89604 2.72275 10.1151 0 13.2438 17.151 0.590493 0 0
5000.00 1428.15 44.457370 102.876261 -538520.911796 13.337011 51.692916 cpx Na0.04Ca0.70Fe''0.32Mg0.73Fe'''0.08Ti0.05Al0.31Si1.78O6 47.3372 1.79304 7.06029 2.83507 10.0942 0 12.9655 17.3012 0.613421 0 0
5000.00 1423.15 44.501353 102.731525 -538679.019782 13.331663 51.648257 cpx Na0.05Ca0.70Fe''0.32Mg0.71Fe'''0.08Ti0.05Al0.32Si1.77O6 47.0592 1.91994 7.2291 2.94786 10.0682 0 12.6979 17.442 0.635939 0 0
5000.00 1418.15 44.581707 102.674331 -539313.264010 13.337875 51.650287 cpx Na0.05Ca0.71Fe''0.32Mg0.70Fe'''0.09Ti0.06Al0.33Si1.76O6 46.7894 2.0412 7.39771 3.05908 10.0396 0 12.4442 17.5708 0.657922 0 0
5000.00 1413.15 44.933820 103.190782 -542301.454405 13.413705 51.913579 cpx Na0.05Ca0.72Fe''0.32Mg0.68Fe'''0.09Ti0.06Al0.34Si1.75O6 46.4166 2.2184 7.5483 3.21072 10.1404 0 12.0614 17.7251 0.678994 0 0
5000.00 1408.15 45.379421 103.900383 -546101.871048 13.512806 52.265810 cpx Na0.05Ca0.72Fe''0.32Mg0.66Fe'''0.10Ti0.07Al0.34Si1.74O6 45.9959 2.42108 7.70469 3.38362 10.2726 0 11.6369 17.8848 0.700368 0 0
5000.00 1403.15 45.888486 104.750609 -550599.250745 13.629906 52.689729 cpx Na0.05Ca0.73Fe''0.33Mg0.63Fe'''0.10Ti0.07Al0.35Si1.73O6 45.5724 2.62264 7.86345 3.56533 10.4058 0 11.2175 18.0304 0.722517 0 0
5000.00 1398.15 46.488705 105.810731 -556159.933931 13.774629 53.222883 cpx Na0.05Ca0.74Fe''0.33Mg0.61Fe'''0.11Ti0.08Al0.36Si1.71O6 45.176 2.80402 8.01167 3.74984 10.5433 0 10.8207 18.1487 0.745647 0 0
5000.00 1393.15 50.045843 114.230715 -604607.301944 14.991183 57.924639 cpx Na0.05Ca0.69Fe''0.35Mg0.71Fe'''0.08Ti0.04Al0.28Si1.81O6 48.0596 1.31425 6.3808 2.68768 10.979 0 12.7227 17.2258 0.630195 0 0
5000.00 1388.15 49.665003 113.133900 -600594.746861 14.875227 57.451955 cpx Na0.05Ca0.70Fe''0.34Mg0.71Fe'''0.08Ti0.04Al0.28Si1.81O6 48.0421 1.33115 6.40559 2.67509 10.9183 0 12.6788 17.3147 0.634404 0 0
5000.00 1383.15 49.303318 112.083783 -596801.654675 14.765001 57.001974 cpx Na0.05Ca0.70Fe''0.34Mg0.71Fe'''0.08Ti0.04Al0.28Si1.81O6 48.0243 1.34829 6.43058 2.66242 10.8584 0 12.6354 17.4019 0.638604 0 0
5000.00 1378.15 48.959326 111.076768 -593211.197651 14.660065 56.572956 cpx Na0.05Ca0.70Fe''0.34Mg0.71Fe'''0.07Ti0.04Al0.29Si1.80O6 48.0063 1.36566 6.45579 2.64967 10.7994 0 12.5927 17.4877 0.642798 0 0
5000.00 1373.15 48.631720 110.109642 -589808.353851 14.560029 56.163349 cpx Na0.05Ca0.71Fe''0.34Mg0.70Fe'''0.07Ti0.04Al0.29Si1.80O6 47.988 1.38329 6.48124 2.63686 10.7412 0 12.5505 17.572 0.64699 0 0
5000.00 1368.15 48.319331 109.179527 -586579.669009 14.464539 55.771758 cpx Na0.05Ca0.71Fe''0.34Mg0.70Fe'''0.07Ti0.04Al0.29Si1.80O6 47.9694 1.40119 6.50693 2.624 10.6837 0 12.5088 17.6549 0.651182 0 0
5000.00 1363.15 48.021107 108.283830 -583513.055810 14.373281 55.396933 cpx Na0.05Ca0.71Fe''0.33Mg0.70Fe'''0.07Ti0.04Al0.29Si1.80O6 47.9504 1.41937 6.53288 2.61108 10.6269 0 12.4676 17.7364 0.655376 0 0
5000.00 1358.15 47.736099 107.420214 -580597.623842 14.285969 55.037744 cpx Na0.05Ca0.72Fe''0.33Mg0.70Fe'''0.07Ti0.04Al0.29Si1.80O6 47.9311 1.43784 6.55912 2.59812 10.5708 0 12.4269 17.8166 0.659574 0 0
5000.00 1353.15 47.463452 106.586564 -577823.534815 14.202346 54.693171 cpx Na0.05Ca0.72Fe''0.33Mg0.69Fe'''0.07Ti0.04Al0.29Si1.80O6 47.9114 1.45662 6.58564 2.58513 10.5153 0 12.3865 17.8956 0.663779 0 0
5000.00 1348.15 47.202389 105.780962 -575181.878759 14.122178 54.362288 cpx Na0.05Ca0.72Fe''0.33Mg0.69Fe'''0.07Ti0.04Al0.29Si1.80O6 47.8913 1.47571 6.61248 2.57211 10.4604 0 12.3466 17.9734 0.667993 0 0
5000.00 1343.15 46.952206 105.001665 -572664.567684 14.045254 54.044255 cpx Na0.05Ca0.73Fe''0.33Mg0.69Fe'''0.07Ti0.04Al0.29Si1.80O6 47.8708 1.49514 6.63964 2.55906 10.4061 0 12.3071 18.05 0.672218 0 0
5000.00 1338.15 46.712262 104.247083 -570264.243887 13.971381 53.738306 cpx Na0.05Ca0.73Fe''0.33Mg0.69Fe'''0.07Ti0.04Al0.30Si1.80O6 47.8498 1.51491 6.66713 2.546 10.3523 0 12.2678 18.1255 0.676455 0 0
5000.00 1333.15 46.481972 103.515766 -567974.200559 13.900382 53.443743 cpx Na0.05Ca0.73Fe''0.32Mg0.69Fe'''0.07Ti0.04Al0.30Si1.80O6 47.8284 1.53503 6.69497 2.53293 10.2991 0 12.2289 18.1999 0.680706 0 0
5000.00 1328.15 46.260801 102.806384 -565788.312810 13.832098 53.159927 cpx Na0.05Ca0.74Fe''0.32Mg0.68Fe'''0.07Ti0.04Al0.30Si1.80O6 47.8065 1.55552 6.72317 2.51985 10.2464 0 12.1903 18.2733 0.684973 0 0
5000.00 1323.15 46.048262 102.117721 -563700.977519 13.766380 52.886274 cpx Na0.05Ca0.74Fe''0.32Mg0.68Fe'''0.07Ti0.04Al0.30Si1.80O6 47.7841 1.57638 6.75175 2.50676 10.1941 0 12.152 18.3456 0.689258 0 0
5000.00 1318.15 45.843906 101.448658 -561707.060701 13.703093 52.622247 cpx Na0.05Ca0.74Fe''0.32Mg0.68Fe'''0.07Ti0.05Al0.30Si1.79O6 47.7612 1.59764 6.78071 2.49369 10.1423 0 12.1139 18.417 0.693562 0 0
5000.00 1313.15 45.647321 100.798168 -559801.851307 13.642114 52.367352 cpx Na0.05Ca0.74Fe''0.32Mg0.68Fe'''0.07Ti0.05Al0.30Si1.79O6 47.7377 1.61929 6.81007 2.48062 10.091 0 12.0761 18.4874 0.697885 0 0
5000.00 1308.15 45.458130 100.165301 -557981.019868 13.583329 52.121137 cpx Na0.05Ca0.75Fe''0.32Mg0.67Fe'''0.07Ti0.05Al0.30Si1.79O6 47.7137 1.64135 6.83984 2.46756 10.0401 0 12.0385 18.5568 0.70223 0 0
5000.00 1303.15 45.275973 99.549157 -556240.456483 13.526629 51.883169 cpx Na0.05Ca0.75Fe''0.31Mg0.67Fe'''0.07Ti0.05Al0.30Si1.79O6 47.6891 1.66383 6.87003 2.45451 9.98954 0 12.001 18.6254 0.706596 0 0
5000.00 1298.15 45.100520 98.948909 -554576.391383 13.471914 51.653055 cpx Na0.05Ca0.75Fe''0.31Mg0.67Fe'''0.07Ti0.05Al0.31Si1.79O6 47.6639 1.68673 6.90063 2.44149 9.93943 0 11.9638 18.693 0.71098 0 0
5000.00 1293.15 44.931474 98.363807 -552985.432709 13.419097 51.430436 cpx Na0.05Ca0.76Fe''0.31Mg0.67Fe'''0.07Ti0.05Al0.31Si1.79O6 47.6382 1.71008 6.93167 2.42848 9.8897 0 11.9267 18.7598 0.715385 0 0
5000.00 1288.15 44.768561 97.793156 -551464.448970 13.368092 51.214982 cpx Na0.05Ca0.76Fe''0.31Mg0.67Fe'''0.07Ti0.05Al0.31Si1.79O6 47.6118 1.73386 6.96316 2.41549 9.84035 0 11.8898 18.8257 0.719811 0 0
5000.00 1283.15 44.611528 97.236312 -550010.546347 13.318825 51.006387 cpx Na0.05Ca0.76Fe''0.31Mg0.66Fe'''0.07Ti0.05Al0.31Si1.79O6 47.5848 1.7581 6.99509 2.40253 9.79137 0 11.8531 18.8908 0.724258 0 0
5000.00 1278.15 44.460138 96.692676 -548621.048285 13.271224 50.804369 cpx Na0.05Ca0.76Fe''0.31Mg0.66Fe'''0.07Ti0.05Al0.31Si1.79O6 47.5571 1.78279 7.02747 2.3896 9.74274 0 11.8164 18.9551 0.728727 0 0
5000.00 1273.15 44.314174 96.161690 -547293.477050 13.225223 50.608664 cpx Na0.05Ca0.77Fe''0.30Mg0.66Fe'''0.07Ti0.05Al0.31Si1.79O6 47.5289 1.80794 7.06032 2.3767 9.69446 0 11.7799 19.0186 0.733219 0 0
5000.00 1268.15 44.173434 95.642836 -546025.536998 13.180761 50.419027 cpx Na0.05Ca0.77Fe''0.30Mg0.66Fe'''0.07Ti0.05Al0.31Si1.78O6 47.4999 1.83356 7.09364 2.36382 9.64652 0 11.7435 19.0813 0.737734 0 0
5000.00 1263.15 44.037729 95.135628 -544815.099304 13.137781 50.235232 cpx Na0.05Ca0.77Fe''0.30Mg0.66Fe'''0.07Ti0.05Al0.32Si1.78O6 47.4703 1.85965 7.12742 2.35097 9.59892 0 11.7073 19.1432 0.742272 0 0
5000.00 1258.15 43.906884 94.639615 -543660.187954 13.096232 50.057068 cpx Na0.05Ca0.77Fe''0.30Mg0.65Fe'''0.07Ti0.05Al0.32Si1.78O6 47.4401 1.8862 7.16168 2.33816 9.55165 0 11.6711 19.2043 0.746833 0 0
5000.00 1253.15 43.780737 94.154374 -542558.966811 13.056064 49.884338 cpx Na0.05Ca0.78Fe''0.30Mg0.65Fe'''0.07Ti0.05Al0.32Si1.78O6 47.4092 1.91321 7.1964 2.32537 9.50471 0 11.635 19.2647 0.751417 0 0
5000.00 1248.15 43.659134 93.679506 -541509.727605 13.017232 49.716857 cpx Na0.06Ca0.78Fe''0.30Mg0.65Fe'''0.07Ti0.05Al0.32Si1.78O6 47.3777 1.94069 7.2316 2.31261 9.4581 0 11.599 19.3243 0.756024 0 0
5000.00 1243.15 43.541933 93.214639 -540510.878685 12.979693 49.554454 cpx Na0.06Ca0.78Fe''0.30Mg0.65Fe'''0.07Ti0.06Al0.32Si1.78O6 47.3455 1.96862 7.26726 2.29988 9.41181 0 11.5631 19.3832 0.760654 0 0
5000.00 1238.15 43.401882 92.702334 -539209.943846 12.935460 49.366478 cpx Na0.06Ca0.78Fe''0.29Mg0.65Fe'''0.06Ti0.06Al0.32Si1.78O6 47.3188 1.99183 7.30002 2.28717 9.37043 0 11.5285 19.4379 0.765415 0 0
5000.00 1233.15 42.957171 91.551202 -533957.370391 12.802041 48.836464 cpx Na0.06Ca0.78Fe''0.29Mg0.64Fe'''0.06Ti0.06Al0.32Si1.78O6 47.3638 1.95486 7.29372 2.27435 9.38241 0 11.5072 19.4521 0.77148 0 0
5000.00 1228.15 42.533954 90.449285 -528973.198874 12.675084 48.331436 cpx Na0.06Ca0.78Fe''0.30Mg0.64Fe'''0.06Ti0.05Al0.32Si1.78O6 47.4085 1.91837 7.28803 2.26118 9.39313 0 11.4865 19.4667 0.777582 0 0
