Title: MORB_Gale2013-0

Solid Composition:
Pressure Temperature mass SiO2 TiO2 Al2O3 Fe2O3 FeO MnO MgO CaO Na2O K2O P2O5 
5000.00 1573.15 0.000000 ---
5000.00 1568.15 0.000000 ---
5000.00 1563.15 0.000000 ---
5000.00 1558.15 0.000000 ---
5000.00 1553.15 0.000000 ---
5000.00 1548.15 0.000000 ---
5000.00 1543.15 1.863735 51.0123 0.357757 5.23598 1.40458 5.17867 0 16.0712 20.4646 0.274938 0 0
5000.00 1538.15 5.109753 50.7922 0.391628 5.46562 1.46432 5.31515 0 15.8615 20.4218 0.287745 0 0
5000.00 1533.15 8.201759 50.5717 0.427238 5.69417 1.52413 5.45474 0 15.6542 20.3729 0.300855 0 0
5000.00 1528.15 11.153260 50.3511 0.464524 5.92111 1.58392 5.59745 0 15.4495 20.3181 0.314268 0 0
5000.00 1523.15 13.976005 50.1309 0.5034 6.14596 1.64354 5.74327 0 15.2475 20.2575 0.327981 0 0
5000.00 1518.15 19.267866 50.07 0.484024 8.99703 1.50254 5.33437 0 13.5181 19.4188 0.671512 0.00366308 0
5000.00 1513.15 25.590926 50.1592 0.463825 11.3853 1.36703 5.00226 0 12.0503 18.5501 1.01405 0.00785432 0
5000.00 1508.15 31.411953 50.275 0.461868 12.7186 1.29719 4.88367 0 11.19 17.9087 1.2536 0.011355 0
5000.00 1503.15 36.808686 50.3993 0.46884 13.563 1.25868 4.86435 0 10.6085 17.3781 1.44451 0.0147147 0
5000.00 1498.15 41.833984 50.524 0.481297 14.1385 1.23829 4.89904 0 10.1781 16.9153 1.60741 0.0181681 0
5000.00 1493.15 46.523741 50.6446 0.497746 14.5486 1.22991 4.96563 0 9.83853 16.5015 1.75164 0.0218444 0
5000.00 1488.15 50.903433 50.7582 0.517463 14.849 1.23024 5.05172 0 9.55814 16.1273 1.882 0.0258295 0
5000.00 1483.15 54.992995 50.8633 0.540045 15.0725 1.23732 5.14958 0 9.31857 15.7873 2.00122 0.0301904 0
5000.00 1478.15 58.810002 50.9589 0.565221 15.24 1.24986 5.25408 0 9.10861 15.4774 2.11102 0.0349857 0
5000.00 1473.15 62.372298 51.0446 0.592754 15.366 1.26689 5.36159 0 8.92097 15.1942 2.21269 0.040275 0
5000.00 1468.15 65.695514 51.1207 0.622416 15.4606 1.2877 5.46943 0 8.75088 14.935 2.30712 0.0461151 0
5000.00 1463.15 68.793675 51.1871 0.653963 15.5316 1.31171 5.57546 0 8.59508 14.6975 2.395 0.0525611 0
5000.00 1458.15 71.678994 51.2444 0.687127 15.5846 1.33846 5.67791 0 8.45132 14.4797 2.47688 0.0596625 0
5000.00 1453.15 74.360794 51.2925 0.721638 15.6243 1.3676 5.77525 0 8.3181 14.2801 2.55308 0.0674501 0
5000.00 1448.15 76.843678 51.3312 0.757276 15.654 1.39896 5.86644 0 8.19468 14.0979 2.62363 0.0759047 0
5000.00 1443.15 79.259244 51.3275 0.804028 15.6666 1.43944 5.97158 0 8.08371 13.9306 2.68335 0.0850054 0.00816001
5000.00 1438.15 81.526294 51.2853 0.856551 15.6597 1.48621 6.08087 0 7.98462 13.7926 2.73242 0.0943346 0.0273268
5000.00 1433.15 83.543688 51.2245 0.911275 15.6426 1.53727 6.19081 0 7.89976 13.6753 2.77152 0.103243 0.0437714
5000.00 1428.15 85.317331 51.144 0.967389 15.6151 1.59239 6.30416 0 7.82963 13.5777 2.80034 0.111235 0.0581257
5000.00 1423.15 86.868731 51.0477 1.02335 15.5788 1.65054 6.42121 0 7.77287 13.4966 2.82013 0.118062 0.0708172
5000.00 1418.15 88.226068 50.942 1.07722 15.5367 1.71017 6.53974 0 7.72698 13.4283 2.8331 0.123729 0.0820674
5000.00 1413.15 90.538496 50.6786 1.1474 15.4436 1.76455 6.88622 0.0384309 7.66262 13.285 2.86012 0.131164 0.102344
5000.00 1408.15 93.086371 50.3552 1.22629 15.3147 1.82505 7.32995 0.0825076 7.59457 13.1277 2.88209 0.137817 0.124172
5000.00 1403.15 95.593421 50.0205 1.30417 15.1664 1.89134 7.81006 0.120544 7.52721 12.9744 2.89813 0.142991 0.144327
5000.00 1398.15 98.015281 49.6909 1.37315 15.0075 1.95915 8.31333 0.150331 7.46023 12.8235 2.91336 0.146701 0.161831
5000.00 1393.15 100.249073 49.3709 1.42416 14.8464 2.47986 8.38552 0.169624 7.39376 12.6756 2.92998 0.148855 0.175352
5000.00 1388.15 100.248255 49.3713 1.42417 14.8465 2.47174 8.39292 0.169625 7.39382 12.6757 2.93 0.148856 0.175354
5000.00 1383.15 100.247437 49.3717 1.42418 14.8467 2.4636 8.40032 0.169626 7.39388 12.6758 2.93003 0.148857 0.175355
5000.00 1378.15 100.246617 49.3721 1.42419 14.8468 2.45546 8.40773 0.169628 7.39394 12.6759 2.93005 0.148858 0.175356
5000.00 1373.15 100.245795 49.3725 1.4242 14.8469 2.4473 8.41516 0.169629 7.394 12.676 2.93007 0.14886 0.175358
5000.00 1368.15 100.244972 49.3729 1.42421 14.847 2.43913 8.4226 0.16963 7.39406 12.6761 2.9301 0.148861 0.175359
5000.00 1363.15 100.244147 49.3734 1.42423 14.8471 2.43093 8.43006 0.169632 7.39412 12.6762 2.93012 0.148862 0.175361
5000.00 1358.15 100.243321 49.3738 1.42424 14.8473 2.42272 8.43754 0.169633 7.39418 12.6763 2.93015 0.148863 0.175362
5000.00 1353.15 100.242491 49.3742 1.42425 14.8474 2.41449 8.44504 0.169635 7.39424 12.6764 2.93017 0.148865 0.175364
5000.00 1348.15 100.241660 49.3746 1.42426 14.8475 2.40622 8.45256 0.169636 7.3943 12.6765 2.93019 0.148866 0.175365
5000.00 1343.15 100.240825 49.375 1.42427 14.8476 2.39794 8.46011 0.169638 7.39437 12.6766 2.93022 0.148867 0.175367
5000.00 1338.15 100.239988 49.3754 1.42428 14.8478 2.38962 8.46768 0.169639 7.39443 12.6767 2.93024 0.148868 0.175368
5000.00 1333.15 100.239147 49.3758 1.4243 14.8479 2.38126 8.47529 0.16964 7.39449 12.6768 2.93027 0.148869 0.17537
5000.00 1328.15 100.238302 49.3762 1.42431 14.848 2.37287 8.48293 0.169642 7.39455 12.6769 2.93029 0.148871 0.175371
5000.00 1323.15 100.237453 49.3767 1.42432 14.8481 2.36443 8.49061 0.169643 7.39461 12.677 2.93032 0.148872 0.175372
5000.00 1318.15 100.236599 49.3771 1.42433 14.8483 2.35595 8.49833 0.169645 7.39468 12.6771 2.93034 0.148873 0.175374
5000.00 1313.15 100.235740 49.3775 1.42434 14.8484 2.34742 8.5061 0.169646 7.39474 12.6772 2.93037 0.148875 0.175375
5000.00 1308.15 100.234876 49.3779 1.42436 14.8485 2.33884 8.51392 0.169648 7.3948 12.6774 2.93039 0.148876 0.175377
5000.00 1303.15 100.234006 49.3783 1.42437 14.8486 2.33019 8.52179 0.169649 7.39487 12.6775 2.93042 0.148877 0.175378
5000.00 1298.15 100.233129 49.3788 1.42438 14.8488 2.32148 8.52972 0.169651 7.39493 12.6776 2.93044 0.148878 0.17538
5000.00 1293.15 100.232245 49.3792 1.42439 14.8489 2.31269 8.53772 0.169652 7.395 12.6777 2.93047 0.14888 0.175382
5000.00 1288.15 100.231353 49.3797 1.42441 14.849 2.30383 8.54579 0.169654 7.39506 12.6778 2.9305 0.148881 0.175383
5000.00 1283.15 100.230452 49.3801 1.42442 14.8492 2.29489 8.55393 0.169655 7.39513 12.6779 2.93052 0.148882 0.175385
5000.00 1278.15 100.229542 49.3805 1.42443 14.8493 2.28585 8.56216 0.169657 7.3952 12.678 2.93055 0.148884 0.175386
5000.00 1273.15 100.228622 49.381 1.42445 14.8494 2.27671 8.57048 0.169658 7.39527 12.6781 2.93058 0.148885 0.175388
5000.00 1268.15 100.227692 49.3815 1.42446 14.8496 2.26746 8.5789 0.16966 7.39533 12.6783 2.9306 0.148886 0.17539
5000.00 1263.15 100.226749 49.3819 1.42447 14.8497 2.25809 8.58743 0.169661 7.3954 12.6784 2.93063 0.148888 0.175391
5000.00 1258.15 100.225794 49.3824 1.42449 14.8499 2.2486 8.59607 0.169663 7.39547 12.6785 2.93066 0.148889 0.175393
5000.00 1253.15 100.224825 49.3829 1.4245 14.85 2.23897 8.60484 0.169665 7.39555 12.6786 2.93069 0.148891 0.175395
5000.00 1248.15 100.223841 49.3834 1.42451 14.8502 2.2292 8.61374 0.169666 7.39562 12.6788 2.93072 0.148892 0.175396
5000.00 1243.15 100.222841 49.3838 1.42453 14.8503 2.21926 8.62278 0.169668 7.39569 12.6789 2.93074 0.148894 0.175398
5000.00 1238.15 100.221737 49.3844 1.42454 14.8505 2.20829 8.63278 0.16967 7.39577 12.679 2.93078 0.148895 0.1754
5000.00 1233.15 100.219548 49.3855 1.42457 14.8508 2.18654 8.65258 0.169674 7.39594 12.6793 2.93084 0.148899 0.175404
5000.00 1228.15 100.217282 49.3866 1.42461 14.8511 2.16402 8.67309 0.169677 7.3961 12.6796 2.93091 0.148902 0.175408