Title: MORB_Gale2013-0

System Thermodynamic Data:
Pressure Temperature mass F phi S H V dVdP*10^6 dVdT*10^6 Cp logfO2(absolute) logfO2-QFM rhol rhos viscosity aH2O chisqr
5000.00 1573.15 100.155072 1.0000000000000000 1.000000 275.735541 -1180413.549654 36.363823 -177.615054 2504.548191 149.873827 -7.247 0.000 2.754250 0.000000 1.893 0 0.000
5000.00 1568.15 100.155234 1.0000000000000000 1.000000 275.258789 -1181165.228613 36.351435 -177.636648 2504.615148 149.874660 -7.296 0.000 2.755193 0.000000 1.913 0 0.000
5000.00 1563.15 100.155402 1.0000000000000000 1.000000 274.780521 -1181916.998775 36.339050 -177.658408 2504.684506 149.875522 -7.346 0.000 2.756137 0.000000 1.932 0 0.000
5000.00 1558.15 100.155576 1.0000000000000000 1.000000 274.300726 -1182668.861801 36.326670 -177.680339 2504.756297 149.876415 -7.396 0.000 2.757081 0.000000 1.952 0 0.000
5000.00 1553.15 100.155756 1.0000000000000000 1.000000 273.819395 -1183420.819386 36.314294 -177.702446 2504.830559 149.877339 -7.447 0.000 2.758026 0.000000 1.972 0 0.000
5000.00 1548.15 100.155942 1.0000000000000000 1.000000 273.336518 -1184172.873260 36.301923 -177.724734 2504.907327 149.878293 -7.498 0.000 2.758971 0.000000 1.992 0 0.000
5000.00 1543.15 100.156267 0.9813917246440940 0.984018 272.299377 -1185781.097441 36.199092 -175.790167 2486.523104 149.171844 -7.549 0.000 2.759434 3.221392 2.024 0 0.000
5000.00 1538.15 100.156869 0.9489824995510698 0.956034 270.856267 -1188015.275506 36.029435 -172.400722 2453.851741 147.942783 -7.600 0.000 2.759359 3.225707 2.065 0 0.000
5000.00 1533.15 100.157681 0.9181115296928905 0.929207 269.464121 -1190167.770601 35.867598 -169.167925 2421.971226 146.774756 -7.652 0.000 2.759085 3.230068 2.108 0 0.000
5000.00 1528.15 100.158692 0.8886441098657235 0.903445 268.118634 -1192245.478500 35.712927 -166.076932 2390.781764 145.662538 -7.704 0.000 2.758603 3.234474 2.152 0 0.000
5000.00 1523.15 100.159891 0.8604630616456706 0.878672 266.816033 -1194254.415054 35.564853 -163.114851 2360.199810 144.601579 -7.757 0.000 2.757899 3.238919 2.197 0 0.000
5000.00 1518.15 100.160749 0.8076305697266234 0.828112 264.954711 -1197099.730958 35.379222 -156.163521 2294.431866 142.853846 -7.810 0.000 2.761041 3.168404 2.219 0 0.000
5000.00 1513.15 100.161209 0.7445026203805401 0.765929 262.889429 -1200238.287309 35.184839 -147.339662 2213.290124 140.850575 -7.863 0.000 2.767079 3.107302 2.222 0 0.000
5000.00 1508.15 100.161565 0.6863871560537710 0.708005 260.973990 -1203138.276341 35.007025 -139.077184 2138.111093 139.025865 -7.917 0.000 2.773824 3.073009 2.221 0 0.000
5000.00 1503.15 100.161865 0.6325079851605060 0.653726 259.184695 -1205837.756880 34.843035 -131.289186 2067.981332 137.351781 -7.970 0.000 2.781357 3.050804 2.215 0 0.000
5000.00 1498.15 100.162155 0.5823374206786677 0.602693 257.504387 -1208364.550898 34.690879 -123.922193 2002.287212 135.808433 -8.025 0.000 2.789758 3.035206 2.203 0 0.000
5000.00 1493.15 100.162475 0.5355172592834657 0.554654 255.920443 -1210739.369218 34.549098 -116.945382 1940.616195 134.381432 -8.079 0.000 2.799107 3.023713 2.185 0 0.000
5000.00 1488.15 100.162862 0.4917933463859598 0.509442 254.423203 -1212978.230322 34.416582 -110.341138 1882.674166 133.059858 -8.134 0.000 2.809488 3.015009 2.161 0 0.000
5000.00 1483.15 100.163346 0.4509668730307904 0.466930 253.004831 -1215094.191781 34.292444 -104.097725 1828.224235 131.834804 -8.190 0.000 2.820998 3.008327 2.129 0 0.000
5000.00 1478.15 100.163953 0.4128626120320418 0.427006 251.660223 -1217096.042979 34.175939 -98.204371 1777.048123 129.379622 -8.245 0.000 2.833754 3.003177 2.090 0 0.000
5000.00 1473.15 100.164700 0.3773026027185309 0.389540 250.383589 -1218993.380998 34.066398 -92.646956 1728.915679 128.464346 -8.302 0.000 2.847912 2.999219 2.043 0 0.000
5000.00 1468.15 100.165601 0.3441309837940287 0.354413 249.166501 -1220799.519717 33.963268 -87.412486 1683.619872 127.616264 -8.358 0.000 2.863668 2.996207 1.988 0 0.000
5000.00 1463.15 100.166665 0.3132078870228980 0.321519 248.004352 -1222521.964119 33.866091 -82.488341 1640.971860 126.829702 -8.415 0.000 2.881272 2.993958 1.922 0 0.000
5000.00 1458.15 100.167897 0.2844115094027302 0.290759 246.893195 -1224167.122513 33.774499 -77.862978 1600.805753 126.099776 -8.472 0.000 2.901035 2.992329 1.846 0 0.000
5000.00 1453.15 100.169301 0.2576488678603284 0.262064 245.829896 -1225740.139704 33.688217 -73.528464 1562.992463 125.422504 -8.530 0.000 2.923326 2.991213 1.758 0 0.000
5000.00 1448.15 100.170887 0.2328741340450752 0.235413 244.812475 -1227244.514599 33.607072 -69.485099 1527.459876 124.794965 -8.588 0.000 2.948502 2.990547 1.657 0 0.000
5000.00 1443.15 100.173061 0.2087768625202764 0.209616 243.801456 -1228745.022104 33.526926 -65.607866 1491.811024 124.164953 -8.646 0.000 2.975873 2.991012 1.550 0 0.000
5000.00 1438.15 100.175626 0.1861663569200421 0.185528 242.824725 -1230198.034078 33.448804 -62.041203 1457.577302 123.548526 -8.705 0.000 3.005192 2.992548 1.443 0 0.000
5000.00 1433.15 100.178593 0.1660524891552381 0.164216 241.903597 -1231573.485544 33.376155 -58.907550 1426.202020 122.991791 -8.765 0.000 3.035076 2.994905 1.337 0 0.000
5000.00 1428.15 100.181970 0.1483763952490038 0.145658 241.038060 -1232872.064377 33.308760 -56.212871 1397.435692 122.480240 -8.824 0.000 3.063812 2.998106 1.239 0 0.000
5000.00 1423.15 100.185705 0.1329228902466987 0.129624 240.224520 -1234098.487658 33.246279 -53.922895 1371.284941 122.015120 -8.885 0.000 3.090139 3.002019 1.154 0 0.000
5000.00 1418.15 100.189697 0.1194097653463382 0.115775 239.457561 -1235259.191220 33.188392 -51.979975 1347.590143 121.592489 -8.945 0.000 3.113607 3.006406 1.081 0 0.000
5000.00 1413.15 100.191943 0.0963495334615220 0.092755 238.424352 -1236761.768977 33.126858 -49.140331 1307.256349 120.860295 -9.006 0.000 3.141695 3.012510 1.015 0 0.000
5000.00 1408.15 100.194280 0.0709412586041855 0.067847 237.325154 -1238353.953644 33.062190 -46.214334 1262.111462 120.043747 -9.067 0.000 3.168690 3.020420 0.961 0 0.000
5000.00 1403.15 100.197112 0.0459463400907168 0.043701 236.236152 -1239935.034501 32.997212 -43.478422 1217.130752 119.234096 -9.129 0.000 3.192578 3.029402 0.919 0 0.000
5000.00 1398.15 100.200150 0.0218050428023629 0.020644 235.168227 -1241484.701705 32.934953 -40.960455 1173.513594 118.449793 -9.192 0.000 3.213419 3.038759 0.890 0 0.000
5000.00 1393.15 100.249073 0.0000000000000000 0.000000 234.485280 -1243356.436530 33.039562 -38.946335 1125.962391 117.931468 -9.254 0.000 0.000000 3.034213 0.906 0 0.000
5000.00 1388.15 100.248255 0.0000000000000000 0.000000 234.048390 -1243949.544228 33.032133 -38.942179 1124.306283 117.877077 -9.318 0.000 0.000000 3.034871 0.906 0 0.000
5000.00 1383.15 100.247437 0.0000000000000000 0.000000 233.610106 -1244542.391774 33.024676 -38.937952 1122.651772 117.822399 -9.381 0.000 0.000000 3.035531 0.906 0 0.000
5000.00 1378.15 100.246617 0.0000000000000000 0.000000 233.170417 -1245134.977662 33.017191 -38.933652 1120.998927 117.767434 -9.445 0.000 0.000000 3.036195 0.906 0 0.000
5000.00 1373.15 100.245795 0.0000000000000000 0.000000 232.729312 -1245727.300231 33.009676 -38.929279 1119.347821 117.712178 -9.510 0.000 0.000000 3.036861 0.906 0 0.000
5000.00 1368.15 100.244972 0.0000000000000000 0.000000 232.273596 -1246337.457938 33.002132 -38.924830 1117.698527 117.798012 -9.575 0.000 0.000000 3.037530 0.906 0 0.000
5000.00 1363.15 100.244147 0.0000000000000000 0.000000 231.829110 -1246929.951472 32.994555 -38.920305 1116.051122 117.740713 -9.640 0.000 0.000000 3.038203 0.906 0 0.000
5000.00 1358.15 100.243321 0.0000000000000000 0.000000 231.383177 -1247522.168381 32.986947 -38.915702 1114.405682 117.683127 -9.706 0.000 0.000000 3.038878 0.906 0 0.000
5000.00 1353.15 100.242491 0.0000000000000000 0.000000 230.935784 -1248114.106267 32.979305 -38.911019 1112.762287 117.625250 -9.773 0.000 0.000000 3.039557 0.906 0 0.000
5000.00 1348.15 100.241660 0.0000000000000000 0.000000 230.486920 -1248705.762482 32.971629 -38.906257 1111.121014 117.567079 -9.840 0.000 0.000000 3.040240 0.906 0 0.000
5000.00 1343.15 100.240825 0.0000000000000000 0.000000 230.036573 -1249297.134101 32.963918 -38.901412 1109.481946 117.508612 -9.907 0.000 0.000000 3.040926 0.906 0 0.000
5000.00 1338.15 100.239988 0.0000000000000000 0.000000 229.584729 -1249888.217893 32.956170 -38.896485 1107.845163 117.449845 -9.975 0.000 0.000000 3.041615 0.906 0 0.000
5000.00 1333.15 100.239147 0.0000000000000000 0.000000 229.131375 -1250479.010292 32.948384 -38.891474 1106.210747 117.390776 -10.044 0.000 0.000000 3.042308 0.906 0 0.000
5000.00 1328.15 100.238302 0.0000000000000000 0.000000 228.676500 -1251069.507366 32.940560 -38.886377 1104.578781 117.331401 -10.113 0.000 0.000000 3.043005 0.906 0 0.000
5000.00 1323.15 100.237453 0.0000000000000000 0.000000 228.220089 -1251659.704779 32.932696 -38.881194 1102.949346 117.271717 -10.183 0.000 0.000000 3.043706 0.906 0 0.000
5000.00 1318.15 100.236599 0.0000000000000000 0.000000 227.762129 -1252249.597755 32.924791 -38.875923 1101.322523 117.211720 -10.253 0.000 0.000000 3.044411 0.906 0 0.000
5000.00 1313.15 100.235740 0.0000000000000000 0.000000 227.302606 -1252839.181035 32.916844 -38.870564 1099.698394 117.151408 -10.323 0.000 0.000000 3.045120 0.906 0 0.000
5000.00 1308.15 100.234876 0.0000000000000000 0.000000 226.841403 -1253428.583923 32.908851 -38.905201 1108.417531 117.439777 -10.394 0.000 0.000000 3.045833 0.906 0 0.000
5000.00 1303.15 100.234006 0.0000000000000000 0.000000 226.377374 -1254019.277752 32.900767 -38.899754 1106.837265 117.380078 -10.466 0.000 0.000000 3.046555 0.906 0 0.000
5000.00 1298.15 100.233129 0.0000000000000000 0.000000 225.911732 -1254609.648705 32.892639 -38.894231 1105.261294 117.320097 -10.538 0.000 0.000000 3.047281 0.906 0 0.000
5000.00 1293.15 100.232245 0.0000000000000000 0.000000 225.444461 -1255199.689383 32.884468 -38.888631 1103.689849 117.259836 -10.611 0.000 0.000000 3.048012 0.906 0 0.000
5000.00 1288.15 100.231353 0.0000000000000000 0.000000 224.975546 -1255789.391700 32.876252 -38.882953 1102.123166 117.199297 -10.684 0.000 0.000000 3.048746 0.906 0 0.000
5000.00 1283.15 100.230452 0.0000000000000000 0.000000 224.504973 -1256378.746824 32.867990 -38.877200 1100.561485 117.138481 -10.758 0.000 0.000000 3.049485 0.906 0 0.000
5000.00 1278.15 100.229542 0.0000000000000000 0.000000 224.032726 -1256967.745133 32.859681 -38.871370 1099.005050 117.077390 -10.833 0.000 0.000000 3.050229 0.906 0 0.000
5000.00 1273.15 100.228622 0.0000000000000000 0.000000 223.558789 -1257556.376155 32.851325 -38.865465 1097.454112 117.016026 -10.908 0.000 0.000000 3.050977 0.906 0 0.000
5000.00 1268.15 100.227692 0.0000000000000000 0.000000 223.083147 -1258144.628524 32.842922 -38.859486 1095.908921 116.954393 -10.984 0.000 0.000000 3.051729 0.906 0 0.000
5000.00 1263.15 100.226749 0.0000000000000000 0.000000 222.605784 -1258732.489928 32.834470 -38.853432 1094.369735 116.892492 -11.060 0.000 0.000000 3.052486 0.906 0 0.000
5000.00 1258.15 100.225794 0.0000000000000000 0.000000 222.126685 -1259319.947070 32.825970 -38.847306 1092.836813 116.830328 -11.137 0.000 0.000000 3.053247 0.906 0 0.000
5000.00 1253.15 100.224825 0.0000000000000000 0.000000 221.645833 -1259906.985632 32.817421 -38.841109 1091.310416 116.767904 -11.214 0.000 0.000000 3.054013 0.906 0 0.000
5000.00 1248.15 100.223841 0.0000000000000000 0.000000 221.163214 -1260493.590245 32.808823 -38.834843 1089.790811 116.705224 -11.293 0.000 0.000000 3.054783 0.906 0 0.000
5000.00 1243.15 100.222841 0.0000000000000000 0.000000 220.678810 -1261079.744481 32.800177 -38.828508 1088.278264 116.642293 -11.371 0.000 0.000000 3.055558 0.906 0 0.000
5000.00 1238.15 100.221737 0.0000000000000000 0.000000 220.191144 -1261665.727937 32.791122 -38.821764 1086.801290 116.578895 -11.451 0.000 0.000000 3.056368 0.906 0 0.000
5000.00 1233.15 100.219548 0.0000000000000000 0.000000 219.684674 -1262253.867534 32.777906 -38.811052 1085.651797 116.512666 -11.531 0.000 0.000000 3.057534 0.906 0 0.000
5000.00 1228.15 100.217282 0.0000000000000000 0.000000 219.176744 -1262839.955135 32.764871 -38.800501 1084.488122 116.446197 -11.611 0.000 0.000000 3.058681 0.906 0 0.000
