Title: Gale2013MORB-3

Liquid Composition:
Pressure Temperature mass SiO2 TiO2 Al2O3 Fe2O3 FeO MnO MgO CaO Na2O K2O P2O5 
5000.00 1573.15 100.143462 50.4044 1.61705 15.684 1.42985 9.37892 0.15993 7.43245 11.0527 2.5425 0.141488 0.1566
5000.00 1568.15 100.143614 50.4044 1.61704 15.684 1.43137 9.37755 0.15993 7.43244 11.0527 2.5425 0.141487 0.156599
5000.00 1563.15 100.143771 50.4043 1.61704 15.684 1.43293 9.37612 0.15993 7.43243 11.0527 2.54249 0.141487 0.156599
5000.00 1558.15 100.143934 50.4042 1.61704 15.684 1.43455 9.37465 0.159929 7.43242 11.0527 2.54249 0.141487 0.156599
5000.00 1553.15 100.144103 50.4041 1.61704 15.6839 1.43623 9.37312 0.159929 7.4324 11.0527 2.54248 0.141487 0.156599
5000.00 1548.15 100.144277 50.404 1.61703 15.6839 1.43796 9.37154 0.159929 7.43239 11.0527 2.54248 0.141486 0.156598
5000.00 1543.15 100.144457 50.4039 1.61703 15.6839 1.43976 9.36991 0.159928 7.43238 11.0526 2.54247 0.141486 0.156598
5000.00 1538.15 100.144643 50.4038 1.61703 15.6838 1.44161 9.36822 0.159928 7.43236 11.0526 2.54247 0.141486 0.156598
5000.00 1533.15 100.144835 50.4037 1.61702 15.6838 1.44352 9.36649 0.159928 7.43235 11.0526 2.54246 0.141486 0.156597
5000.00 1528.15 99.765321 50.3885 1.62282 15.7325 1.44665 9.36073 0.160536 7.35199 11.0851 2.55199 0.142024 0.157193
5000.00 1523.15 94.952007 50.3496 1.68912 16.2666 1.44737 9.43765 0.168674 6.817 10.8411 2.66849 0.149223 0.165162
5000.00 1518.15 92.281575 50.3451 1.72583 16.5678 1.4477 9.48581 0.173555 6.52693 10.6666 2.73722 0.153542 0.169941
5000.00 1513.15 85.319763 50.3085 1.85009 16.4832 1.49128 9.83634 0.187717 6.25439 10.4222 2.81765 0.164924 0.183808
5000.00 1508.15 76.661815 50.2092 2.0387 16.1454 1.56247 10.3538 0.208917 5.97558 10.2308 2.88945 0.181173 0.204566
5000.00 1503.15 69.139374 50.0724 2.23681 15.8118 1.63167 10.8646 0.231647 5.72116 10.063 2.94222 0.19787 0.226823
5000.00 1498.15 62.516405 49.8967 2.44607 15.4818 1.69913 11.3708 0.256188 5.48894 9.91823 2.9762 0.215043 0.250853
5000.00 1493.15 56.619865 49.6802 2.66837 15.1548 1.76503 11.8742 0.282868 5.27714 9.79636 2.99139 0.232708 0.276978
5000.00 1488.15 51.319827 49.4207 2.90586 14.8297 1.82953 12.3761 0.312081 5.0843 9.69761 2.98762 0.250869 0.305582
5000.00 1483.15 46.516785 49.1154 3.16111 14.5056 1.89275 12.8777 0.344305 4.90927 9.62268 2.9645 0.269513 0.337135
5000.00 1478.15 42.133145 48.7604 3.43721 14.1811 1.95483 13.3803 0.380127 4.75118 9.57273 2.92133 0.288604 0.372211
5000.00 1473.15 38.106274 48.3505 3.73812 13.8542 2.01595 13.8852 0.420297 4.6094 9.54961 2.85706 0.30808 0.411545
5000.00 1468.15 34.388010 47.8793 4.06869 13.5226 2.07627 14.3938 0.465742 4.48356 9.55582 2.77033 0.327823 0.456044
5000.00 1463.15 30.941040 47.3387 4.43497 13.1833 2.136 14.9073 0.517628 4.3735 9.59462 2.65947 0.347638 0.506849
5000.00 1458.15 27.737046 46.7188 4.84459 12.8329 2.19533 15.4265 0.577421 4.27918 9.67006 2.52265 0.367227 0.565397
5000.00 1453.15 24.756498 46.0083 5.30695 12.4673 2.25444 15.951 0.646939 4.20044 9.78676 2.35828 0.386141 0.633467
5000.00 1448.15 21.989698 45.1969 5.83274 12.0828 2.31334 16.4773 0.728339 4.13661 9.94906 2.16594 0.403759 0.713172
5000.00 1443.15 19.438935 44.281 6.43171 11.6785 2.3715 16.9946 0.823911 4.08556 10.1589 1.94827 0.419333 0.806754
5000.00 1438.15 17.119626 43.2746 7.10704 11.2603 2.42735 17.4787 0.935531 4.04252 10.4121 1.71363 0.432226 0.91605
5000.00 1433.15 15.054229 42.2203 7.84766 10.8444 2.4779 17.8891 1.06388 3.99971 10.6957 1.47715 0.442375 1.04173
5000.00 1428.15 13.255060 41.1823 8.62658 10.4545 2.51945 18.1793 1.20829 3.94848 10.9911 1.25629 0.450623 1.18313
5000.00 1423.15 11.651176 40.3025 9.4318 10.1441 2.54378 18.3441 1.37462 3.87216 11.2012 1.06692 0.459824 1.25902
5000.00 1418.15 10.273144 39.5528 10.2183 9.89558 2.55336 18.345 1.55901 3.77885 11.3858 0.908242 0.470097 1.33292
5000.00 1413.15 9.083603 38.9416 10.9675 9.70596 2.54855 18.1864 1.76317 3.67082 11.5485 0.777314 0.482116 1.40811
5000.00 1408.15 8.049284 38.4691 11.6663 9.56973 2.53 17.8829 1.98974 3.5511 11.6909 0.669762 0.496115 1.48444
5000.00 1403.15 7.146482 38.1312 12.3033 9.48026 2.49854 17.4529 2.24109 3.42321 11.8142 0.581519 0.511971 1.56181
5000.00 1398.15 5.055477 39.0421 11.8611 9.81753 2.37441 16.3442 2.93304 3.22033 11.6785 0.562532 0.565081 1.60115
5000.00 1393.15 3.931562 39.5379 11.7057 10.0191 2.27627 15.4642 3.53235 3.07223 11.6018 0.531143 0.599568 1.65974
5000.00 1388.15 3.103377 39.947 11.5462 10.193 2.1835 14.6582 4.15101 2.94636 11.5211 0.501398 0.626804 1.72544
5000.00 1383.15 2.470262 40.238 11.4002 10.3296 2.09927 13.9431 4.78709 2.83992 11.4456 0.470876 0.646005 1.80027
5000.00 1378.15 1.970660 40.382 11.2833 10.4226 2.02567 13.3264 5.44364 2.75112 11.3836 0.438013 0.656375 1.88733
5000.00 1373.15 1.566018 40.3517 11.2079 10.4668 1.96414 12.8108 6.12772 2.67885 11.3421 0.402 0.65715 1.99088
5000.00 1368.15 1.230044 40.1435 11.1777 10.4658 1.91457 12.3953 6.85187 2.62116 11.3138 0.363457 0.648159 2.10478
5000.00 1363.15 0.832592 41.0481 10.8205 10.7121 1.79836 11.4971 7.29023 2.49643 11.1627 0.362247 0.684212 2.12801
5000.00 1358.15 0.342100 46.8459 8.82649 11.898 1.42569 8.90683 6.51754 2.10427 10.2186 0.562285 0.940299 1.75408
5000.00 1353.15 0.043118 50.8285 7.55258 12.456 1.18948 7.32054 5.94811 1.83476 9.49034 0.70523 1.13014 1.5444
5000.00 1348.15 0.000000 ---
5000.00 1343.15 0.000000 ---
5000.00 1338.15 0.000000 ---
5000.00 1333.15 0.000000 ---
5000.00 1328.15 0.000000 ---
5000.00 1323.15 0.000000 ---
5000.00 1318.15 0.000000 ---
5000.00 1313.15 0.000000 ---
5000.00 1308.15 0.000000 ---
5000.00 1303.15 0.000000 ---
5000.00 1298.15 0.000000 ---
5000.00 1293.15 0.000000 ---
5000.00 1288.15 0.000000 ---
5000.00 1283.15 0.000000 ---
5000.00 1278.15 0.000000 ---
5000.00 1273.15 0.000000 ---
5000.00 1268.15 0.000000 ---
5000.00 1263.15 0.000000 ---
5000.00 1258.15 0.000000 ---
5000.00 1253.15 0.000000 ---
5000.00 1248.15 0.000000 ---
5000.00 1243.15 0.000000 ---
5000.00 1238.15 0.000000 ---
5000.00 1233.15 0.000000 ---
5000.00 1228.15 0.000000 ---
5000.00 1223.15 0.000000 ---
5000.00 1218.15 0.000000 ---
5000.00 1213.15 0.000000 ---
5000.00 1208.15 0.000000 ---
5000.00 1203.15 0.000000 ---
5000.00 1198.15 0.000000 ---
5000.00 1193.15 0.000000 ---
5000.00 1188.15 0.000000 ---
5000.00 1183.15 0.000000 ---
5000.00 1178.15 0.000000 ---
5000.00 1173.15 0.000000 ---
5000.00 1168.15 0.000000 ---
5000.00 1163.15 0.000000 ---
5000.00 1158.15 0.000000 ---
5000.00 1153.15 0.000000 ---
5000.00 1148.15 0.362031 1.7964 0.246416 0.00804264 0.013181 0.00790536 2.15415 1.08731 51.3622 6.04969e-006 0.00643079 43.318
5000.00 1143.15 0.361683 1.76982 0.233418 0.0078136 0.0127595 0.00757464 2.11311 1.07922 51.4104 5.53985e-006 0.00627942 43.3596
5000.00 1138.15 0.361347 1.74396 0.221091 0.00759356 0.0123588 0.00726157 2.07302 1.07136 51.4573 5.07106e-006 0.00613245 43.3999
5000.00 1133.15 0.361021 1.71878 0.209399 0.00738199 0.0119775 0.00696502 2.03383 1.06371 51.5028 4.64012e-006 0.0059897 43.4391
5000.00 1128.15 0.360705 1.69426 0.198307 0.00717837 0.0116148 0.00668396 1.99552 1.05627 51.5471 4.24401e-006 0.00585094 43.4772
5000.00 1123.15 0.360398 1.67038 0.187783 0.00698226 0.0112694 0.00641743 1.95805 1.04905 51.5901 3.88003e-006 0.00571601 43.5142
5000.00 1118.15 0.360100 1.64712 0.177796 0.00679323 0.0109406 0.00616454 1.92138 1.04205 51.632 3.5457e-006 0.00558473 43.5502
5000.00 1113.15 0.359811 1.62446 0.168319 0.00661089 0.0106273 0.00592448 1.8855 1.03525 51.6727 3.23855e-006 0.00545694 43.5852
5000.00 1108.15 0.359530 1.60237 0.159325 0.00643488 0.0103289 0.0056965 1.85038 1.02865 51.7123 2.95659e-006 0.0053325 43.6192
5000.00 1103.15 0.359258 1.58085 0.150788 0.00626485 0.0100446 0.00547987 1.81598 1.02227 51.7508 2.69781e-006 0.00521125 43.6523
5000.00 1098.15 0.358993 1.55988 0.142686 0.00610051 0.00977357 0.00527396 1.78229 1.01608 51.7883 2.46037e-006 0.00509308 43.6845
5000.00 1093.15 0.358736 1.53943 0.134995 0.00594157 0.00951527 0.00507816 1.74929 1.0101 51.8248 2.24261e-006 0.00497786 43.7158
5000.00 1088.15 0.358486 1.51951 0.127696 0.00578774 0.00926906 0.00489189 1.71694 1.00432 51.8604 2.04296e-006 0.00486547 43.7463
5000.00 1083.15 0.358243 1.50008 0.120767 0.00563878 0.00903436 0.00471464 1.68524 0.998735 51.895 1.86001e-006 0.00475581 43.776
5000.00 1078.15 0.358006 1.48115 0.114192 0.00549446 0.00881065 0.0045459 1.65416 0.993351 51.9288 1.69242e-006 0.00464878 43.8049
5000.00 1073.15 0.357777 1.46269 0.107951 0.00535456 0.00859744 0.00438522 1.62369 0.988165 51.9616 1.53898e-006 0.00454427 43.833
5000.00 1068.15 0.357553 1.4447 0.102028 0.00521887 0.00839426 0.00423217 1.5938 0.983176 51.9936 1.39857e-006 0.00444219 43.8604
5000.00 1063.15 0.357336 1.42716 0.096408 0.0050872 0.00820067 0.00408635 1.56448 0.978385 52.0248 1.27013e-006 0.00434247 43.8871
5000.00 1058.15 0.357125 1.41008 0.0910754 0.00495938 0.00801627 0.00394738 1.53571 0.97379 52.0551 1.15271e-006 0.00424502 43.9131
5000.00 1053.15 0.356919 1.39342 0.0860162 0.00483523 0.00784068 0.0038149 1.50749 0.969393 52.0847 1.04542e-006 0.00414977 43.9383
5000.00 1048.15 0.356719 1.3772 0.0812169 0.00471459 0.00767355 0.0036886 1.47979 0.965192 52.1135 9.47449e-007 0.00405664 43.963
5000.00 1043.15 0.356525 1.3614 0.0766647 0.00459732 0.00751455 0.00356815 1.45259 0.961189 52.1416 8.58028e-007 0.00396556 43.987
5000.00 1038.15 0.356335 1.34601 0.0723476 0.00448329 0.00736337 0.00345326 1.4259 0.957383 52.1689 7.76464e-007 0.00387647 44.0103
5000.00 1033.15 0.356151 1.33102 0.0682541 0.00437235 0.00721972 0.00334367 1.39969 0.953776 52.1955 7.0211e-007 0.00378931 44.033
5000.00 1028.15 0.355973 1.31643 0.0643733 0.00426438 0.00708334 0.0032391 1.37395 0.950368 52.2214 6.34373e-007 0.00370401 44.0552
5000.00 1023.15 0.355799 1.30224 0.0606947 0.00415927 0.00695396 0.00313934 1.34867 0.94716 52.2467 5.72702e-007 0.00362053 44.0767
5000.00 1018.15 0.355629 1.28843 0.0572086 0.0040569 0.00683137 0.00304413 1.32384 0.944154 52.2712 5.16592e-007 0.00353881 44.0977