Title: MORB_Gale2013_0

System Thermodynamic Data:
Pressure Temperature mass F phi S H V dVdP*10^6 dVdT*10^6 Cp logfO2(absolute) logfO2-QFM rhol rhos viscosity aH2O chisqr
7000.00 1673.15 99.385338 1.0000000000000000 1.000000 282.340181 -1158858.646469 36.176213 -170.264603 2495.449576 148.764859 -6.318 0.000 2.747257 0.000000 1.648 0 0.000
7000.00 1663.15 99.385414 1.0000000000000000 1.000000 281.448570 -1160347.352764 36.151323 -170.409006 2495.487658 148.765253 -6.406 0.000 2.749150 0.000000 1.684 0 0.000
7000.00 1653.15 99.385506 1.0000000000000000 1.000000 280.551611 -1161836.274201 36.126445 -170.553682 2495.533174 148.765723 -6.495 0.000 2.751046 0.000000 1.720 0 0.000
7000.00 1643.15 99.385613 1.0000000000000000 1.000000 279.649240 -1163325.418439 36.101578 -170.698655 2495.586318 148.766273 -6.585 0.000 2.752944 0.000000 1.756 0 0.000
7000.00 1633.15 99.385736 1.0000000000000000 1.000000 278.741389 -1164814.793434 36.076724 -170.843950 2495.647287 148.766903 -6.676 0.000 2.754844 0.000000 1.793 0 0.000
7000.00 1623.15 99.385875 1.0000000000000000 1.000000 277.827990 -1166304.407448 36.051882 -170.989593 2495.716290 148.767616 -6.768 0.000 2.756746 0.000000 1.830 0 0.000
7000.00 1613.15 99.386031 1.0000000000000000 1.000000 276.908973 -1167794.269070 36.027051 -171.135612 2495.793541 148.768415 -6.862 0.000 2.758650 0.000000 1.868 0 0.000
7000.00 1603.15 99.386203 1.0000000000000000 1.000000 275.984267 -1169284.387228 36.002234 -171.282034 2495.879267 148.769301 -6.956 0.000 2.760557 0.000000 1.906 0 0.000
7000.00 1593.15 99.386394 1.0000000000000000 1.000000 275.053801 -1170774.771207 35.977428 -171.428890 2495.973701 148.770277 -7.052 0.000 2.762465 0.000000 1.945 0 0.000
7000.00 1583.15 99.386602 1.0000000000000000 1.000000 274.117499 -1172265.430666 35.952635 -171.576208 2496.077086 148.771346 -7.149 0.000 2.764376 0.000000 1.984 0 0.000
7000.00 1573.15 99.386717 0.9965971282483561 0.997083 273.086339 -1173894.309041 35.912947 -171.367042 2492.637274 148.648864 -7.247 0.000 2.766087 3.227843 2.027 0 0.000
7000.00 1563.15 99.048947 0.9437631447308922 0.951478 269.737153 -1173663.372540 35.529534 -165.747804 2434.173664 146.168323 -7.346 0.000 2.765188 3.231046 2.118 0 0.000
7000.00 1553.15 93.479655 0.9444356986450234 0.952192 253.735157 -1108082.336106 33.544384 -159.248603 2307.768866 137.494744 -7.447 0.000 2.764046 3.238845 2.213 0 0.000
7000.00 1543.15 88.286819 0.9473054735367840 0.954814 238.919945 -1046885.771358 31.705219 -153.419631 2191.529516 129.511573 -7.549 0.000 2.762716 3.247359 2.308 0 0.000
7000.00 1533.15 83.636193 0.9503165550078353 0.957550 225.658364 -992209.225857 30.060960 -148.249006 2087.246353 122.391035 -7.652 0.000 2.761202 3.256318 2.406 0 0.000
7000.00 1523.15 79.481438 0.8832357618770775 0.889004 212.569092 -945397.420695 28.520240 -134.984287 1909.611763 114.524967 -7.757 0.000 2.768761 2.931671 2.452 0 0.000
7000.00 1513.15 70.200960 0.8524296926583935 0.856489 186.656118 -830523.072997 25.109307 -116.650987 1659.893083 100.160528 -7.863 0.000 2.782563 2.874902 2.462 0 0.000
7000.00 1503.15 59.842306 0.8586906913872209 0.861332 158.557947 -700609.985273 21.315491 -99.902683 1426.850478 85.031385 -7.970 0.000 2.798848 2.860922 2.454 0 0.000
7000.00 1493.15 51.386244 0.8718481985286094 0.873339 135.685688 -594692.191817 18.212378 -86.427688 1241.728412 72.790149 -8.079 0.000 2.816686 2.854703 2.435 0 0.000
7000.00 1483.15 44.801435 0.8822012920335198 0.882687 117.837016 -512425.519898 15.788066 -75.534763 1095.588875 63.243528 -8.190 0.000 2.836116 2.849421 2.405 0 0.000
7000.00 1473.15 39.524473 0.8903237146714413 0.889890 103.515602 -446651.635451 13.839725 -66.503668 977.095459 54.301571 -8.302 0.000 2.857265 2.844610 2.365 0 0.000
7000.00 1463.15 35.191328 0.8968586005521220 0.895665 91.741456 -392766.414190 12.234948 -58.881181 879.009672 48.168261 -8.415 0.000 2.880130 2.843383 2.316 0 0.000
7000.00 1453.15 31.563475 0.9015708653240051 0.899521 81.875812 -347766.314414 10.889361 -52.299878 795.959958 43.038419 -8.530 0.000 2.905167 2.839417 2.255 0 0.000
7000.00 1443.15 28.458519 0.9038382801203353 0.900966 73.423286 -309344.604839 9.734224 -46.482928 724.066134 38.637364 -8.646 0.000 2.932875 2.838749 2.186 0 0.000
7000.00 1433.15 25.724669 0.9051176673756178 0.901322 65.988589 -275607.283787 8.716088 -41.262162 660.712584 34.765787 -8.765 0.000 2.963830 2.837870 2.106 0 0.000
7000.00 1423.15 23.319372 0.7203110431053340 0.754719 58.237167 -247805.739864 7.746685 -33.487287 491.684266 29.850471 -8.885 0.000 2.873001 3.432513 2.699 0 0.000
7000.00 1413.15 16.810940 0.8492602824236388 0.866448 42.566269 -183660.524488 5.802784 -28.781112 383.525042 22.043261 -9.006 0.000 2.839579 3.269889 2.975 0 0.000
7000.00 1403.15 14.287633 0.8741911022595845 0.888976 36.158976 -157744.235130 4.997303 -25.835659 324.926631 18.739329 -9.129 0.000 2.811518 3.239813 3.218 0 0.000
7000.00 1393.15 12.499111 0.8923736916556787 0.905354 31.583386 -139296.227370 4.419950 -23.611804 282.382062 16.382033 -9.254 0.000 2.787339 3.215734 3.436 0 0.000
7000.00 1383.15 11.161720 0.9060941780920377 0.917697 28.140071 -125456.023381 3.984236 -21.866286 250.037016 14.611201 -9.381 0.000 2.766050 3.196418 3.634 0 0.000
7000.00 1373.15 10.120625 0.9167718595845401 0.927297 25.444864 -114656.041310 3.642453 -20.455293 224.574085 13.228373 -9.510 0.000 2.746981 3.180784 3.816 0 0.000
7000.00 1363.15 9.284794 0.9251019569230624 0.934796 23.270022 -105971.390215 3.366231 -19.287314 203.962982 12.118300 -9.640 0.000 2.729614 3.168269 3.986 0 0.000
7000.00 1353.15 8.595445 0.9320809459593692 0.941068 21.469561 -98798.819708 3.137199 -18.303438 186.927892 11.198495 -9.773 0.000 2.713682 3.157666 4.144 0 0.000
7000.00 1343.15 8.016602 0.9232463744266235 0.934037 19.920691 -92810.515557 2.942918 -17.327964 170.996831 10.400547 -9.907 0.000 2.692563 3.169623 4.357 0 0.000

Title: MORB_Gale2013_0

Liquid Composition:
Pressure Temperature mass SiO2 TiO2 Al2O3 Fe2O3 FeO MnO MgO CaO Na2O K2O P2O5 
7000.00 1673.15 99.385338 50.7218 1.54952 15.0425 1.29892 8.96349 0.17407 7.73756 11.4202 2.77707 0.144891 0.170045
7000.00 1663.15 99.385414 50.7217 1.54952 15.0424 1.29969 8.96279 0.17407 7.73755 11.4202 2.77707 0.14489 0.170045
7000.00 1653.15 99.385506 50.7217 1.54952 15.0424 1.30061 8.96196 0.17407 7.73755 11.4202 2.77706 0.14489 0.170045
7000.00 1643.15 99.385613 50.7216 1.54952 15.0424 1.30169 8.96098 0.174069 7.73754 11.4202 2.77706 0.14489 0.170045
7000.00 1633.15 99.385736 50.7216 1.54952 15.0424 1.30292 8.95986 0.174069 7.73753 11.4202 2.77706 0.14489 0.170045
7000.00 1623.15 99.385875 50.7215 1.54952 15.0424 1.30431 8.95859 0.174069 7.73752 11.4201 2.77705 0.14489 0.170044
7000.00 1613.15 99.386031 50.7214 1.54951 15.0424 1.30587 8.95717 0.174069 7.73751 11.4201 2.77705 0.14489 0.170044
7000.00 1603.15 99.386203 50.7213 1.54951 15.0423 1.30761 8.95559 0.174068 7.73749 11.4201 2.77705 0.144889 0.170044
7000.00 1593.15 99.386394 50.7212 1.54951 15.0423 1.30952 8.95385 0.174068 7.73748 11.4201 2.77704 0.144889 0.170043
7000.00 1583.15 99.386602 50.7211 1.5495 15.0423 1.31161 8.95195 0.174068 7.73746 11.4201 2.77703 0.144889 0.170043
7000.00 1573.15 99.048517 50.7143 1.55421 15.0797 1.31418 8.95003 0.174662 7.68816 11.4229 2.78586 0.145383 0.170623
7000.00 1563.15 93.478745 50.6588 1.63 15.6837 1.32005 9.05166 0.185069 7.04219 11.1591 2.93469 0.154046 0.18079
7000.00 1553.15 88.285524 50.6325 1.70509 16.2842 1.32388 9.15836 0.195955 6.42571 10.8317 3.08813 0.163107 0.191424
7000.00 1543.15 83.634587 50.6344 1.7761 16.8568 1.32557 9.25633 0.206852 5.85186 10.4781 3.23975 0.172178 0.20207
7000.00 1533.15 79.480859 50.6624 1.84232 17.3984 1.32528 9.34141 0.217662 5.31853 10.1119 3.38829 0.181176 0.21263
7000.00 1523.15 70.200848 50.6135 2.05067 17.2298 1.39521 10.0135 0.246436 4.95202 9.5177 3.53794 0.202425 0.240738
7000.00 1513.15 59.841383 50.401 2.37524 16.6487 1.50751 10.965 0.289098 4.56924 9.06717 3.66248 0.232093 0.282413
7000.00 1503.15 51.386031 50.0767 2.74065 15.966 1.62847 11.9532 0.336667 4.1865 8.76863 3.7508 0.263598 0.328883
7000.00 1493.15 44.801004 49.6799 3.1194 15.2668 1.7486 12.9511 0.386152 3.84584 8.52562 3.80455 0.294842 0.377224
7000.00 1483.15 39.523884 49.2132 3.51283 14.5539 1.86824 13.965 0.43771 3.54066 8.32799 3.82712 0.325769 0.42759
7000.00 1473.15 35.189576 48.676 3.92327 13.8259 1.98792 15.0023 0.491623 3.2655 8.17023 3.82061 0.35634 0.480256
7000.00 1463.15 31.561645 48.0736 4.35026 13.0928 2.10686 16.0707 0.548134 3.01462 8.03238 3.78873 0.386514 0.53546
7000.00 1453.15 28.456710 47.3926 4.80067 12.3374 2.22692 17.1817 0.607941 2.78544 7.92811 3.72906 0.416237 0.593885
7000.00 1443.15 25.721899 46.6476 5.28592 11.5597 2.34816 18.3647 0.672579 2.57205 7.82988 3.64342 0.445837 0.630113
7000.00 1433.15 23.283853 45.8229 5.81342 10.7507 2.47106 19.6351 0.743004 2.37273 7.74176 3.52908 0.474972 0.645285
7000.00 1423.15 16.797201 50.7391 4.48671 10.7226 2.26621 16.764 1.02993 1.58793 7.17816 4.01203 0.625395 0.5879
7000.00 1413.15 14.276863 52.9743 3.9945 10.3622 2.19094 15.7467 1.21175 1.23718 6.82134 4.17717 0.712135 0.571768
7000.00 1403.15 12.490121 54.9439 3.58764 9.98169 2.1202 14.8467 1.38509 0.967577 6.5163 4.29758 0.790922 0.562472
7000.00 1393.15 11.153878 56.7106 3.24474 9.59665 2.05246 14.0314 1.55103 0.755614 6.25042 4.38596 0.863073 0.558027
7000.00 1383.15 10.113570 58.319 2.95116 9.21557 1.9865 13.2782 1.71057 0.586346 6.01485 4.45085 0.92965 0.557272
7000.00 1373.15 9.278305 59.8 2.69681 8.84299 1.92148 12.5719 1.86456 0.449947 5.80326 4.49805 0.99148 0.559511
7000.00 1363.15 8.589381 61.1855 2.47445 8.48225 1.8565 11.902 2.01411 0.339515 5.6049 4.53238 1.04941 0.55896
7000.00 1353.15 8.011650 62.4828 2.27905 8.13364 1.79151 11.2616 2.15936 0.250478 5.42179 4.55606 1.10373 0.560066
7000.00 1343.15 7.401299 64.0408 2.16263 7.74648 1.69976 10.3756 2.15198 0.160293 5.35289 4.5805 1.16812 0.560996
Title: MORB_Gale2013_0

liquid_0 thermodynamic data and composition:
Pressure Temperature mass S H V Cp viscosity SiO2 TiO2 Al2O3 Fe2O3 FeO MnO MgO CaO Na2O K2O P2O5 Mg#
7000.00 1673.15 99.385338 282.340181 -1158858.646469 36.176213 148.764859 1.648 50.7218 1.54952 15.0425 1.29892 8.96349 0.17407 7.73756 11.4202 2.77707 0.144891 0.170045 60.6
7000.00 1663.15 99.385414 281.448570 -1160347.352764 36.151323 148.765253 1.684 50.7217 1.54952 15.0424 1.29969 8.96279 0.17407 7.73755 11.4202 2.77707 0.14489 0.170045 60.6
7000.00 1653.15 99.385506 280.551611 -1161836.274201 36.126445 148.765723 1.720 50.7217 1.54952 15.0424 1.30061 8.96196 0.17407 7.73755 11.4202 2.77706 0.14489 0.170045 60.6
7000.00 1643.15 99.385613 279.649240 -1163325.418439 36.101578 148.766273 1.756 50.7216 1.54952 15.0424 1.30169 8.96098 0.174069 7.73754 11.4202 2.77706 0.14489 0.170045 60.6
7000.00 1633.15 99.385736 278.741389 -1164814.793434 36.076724 148.766903 1.793 50.7216 1.54952 15.0424 1.30292 8.95986 0.174069 7.73753 11.4202 2.77706 0.14489 0.170045 60.6
7000.00 1623.15 99.385875 277.827990 -1166304.407448 36.051882 148.767616 1.830 50.7215 1.54952 15.0424 1.30431 8.95859 0.174069 7.73752 11.4201 2.77705 0.14489 0.170044 60.6
7000.00 1613.15 99.386031 276.908973 -1167794.269070 36.027051 148.768415 1.868 50.7214 1.54951 15.0424 1.30587 8.95717 0.174069 7.73751 11.4201 2.77705 0.14489 0.170044 60.6
7000.00 1603.15 99.386203 275.984267 -1169284.387228 36.002234 148.769301 1.906 50.7213 1.54951 15.0423 1.30761 8.95559 0.174068 7.73749 11.4201 2.77705 0.144889 0.170044 60.6
7000.00 1593.15 99.386394 275.053801 -1170774.771207 35.977428 148.770277 1.945 50.7212 1.54951 15.0423 1.30952 8.95385 0.174068 7.73748 11.4201 2.77704 0.144889 0.170043 60.6
7000.00 1583.15 99.386602 274.117499 -1172265.430666 35.952635 148.771346 1.984 50.7211 1.5495 15.0423 1.31161 8.95195 0.174068 7.73746 11.4201 2.77703 0.144889 0.170043 60.6
7000.00 1573.15 99.048517 272.246342 -1169723.073264 35.808171 148.232199 2.027 50.7143 1.55421 15.0797 1.31418 8.95003 0.174662 7.68816 11.4229 2.78586 0.145383 0.170623 60.5
7000.00 1563.15 93.478745 256.104536 -1104375.960460 33.805571 139.420486 2.118 50.6588 1.63 15.6837 1.32005 9.05166 0.185069 7.04219 11.1591 2.93469 0.154046 0.18079 58.1
7000.00 1553.15 88.285524 241.095502 -1043496.175815 31.940685 131.234855 2.213 50.6325 1.70509 16.2842 1.32388 9.15836 0.195955 6.42571 10.8317 3.08813 0.163107 0.191424 55.6
7000.00 1543.15 83.634587 227.653768 -989112.937183 30.272598 123.927870 2.308 50.6344 1.7761 16.8568 1.32557 9.25633 0.206852 5.85186 10.4781 3.23975 0.172178 0.20207 53.0
7000.00 1533.15 79.480859 215.640828 -940696.498109 28.784876 117.422358 2.406 50.6624 1.84232 17.3984 1.32528 9.34141 0.217662 5.31853 10.1119 3.38829 0.181176 0.21263 50.4
7000.00 1523.15 70.200848 189.754190 -825820.667884 25.354608 103.229832 2.452 50.6135 2.05067 17.2298 1.39521 10.0135 0.246436 4.95202 9.5177 3.53794 0.202425 0.240738 46.9
7000.00 1513.15 59.841383 161.063938 -696819.120855 21.505853 87.482976 2.462 50.401 2.37524 16.6487 1.50751 10.965 0.289098 4.56924 9.06717 3.66248 0.232093 0.282413 42.6
7000.00 1503.15 51.386031 137.674506 -591711.928904 18.359705 74.678566 2.454 50.0767 2.74065 15.966 1.62847 11.9532 0.336667 4.1865 8.76863 3.7508 0.263598 0.328883 38.4
7000.00 1493.15 44.801004 119.458903 -510007.449162 15.905574 64.740954 2.435 49.6799 3.1194 15.2668 1.7486 12.9511 0.386152 3.84584 8.52562 3.80455 0.294842 0.377224 34.6
7000.00 1483.15 39.523884 104.863627 -444651.876339 13.935918 56.803801 2.405 49.2132 3.51283 14.5539 1.86824 13.965 0.43771 3.54066 8.32799 3.82712 0.325769 0.42759 31.1
7000.00 1473.15 35.189576 92.886140 -391060.536950 12.315826 49.021387 2.365 48.676 3.92327 13.8259 1.98792 15.0023 0.491623 3.2655 8.17023 3.82061 0.35634 0.480256 28.0
7000.00 1463.15 31.561645 82.868682 -346292.082584 10.958411 43.757210 2.316 48.0736 4.35026 13.0928 2.10686 16.0707 0.548134 3.01462 8.03238 3.78873 0.386514 0.53546 25.1
7000.00 1453.15 28.456710 74.301981 -308046.270800 9.795205 39.269918 2.255 47.3926 4.80067 12.3374 2.22692 17.1817 0.607941 2.78544 7.92811 3.72906 0.416237 0.593885 22.4
7000.00 1443.15 25.721899 66.771840 -274440.792779 8.770201 35.326866 2.186 46.6476 5.28592 11.5597 2.34816 18.3647 0.672579 2.57205 7.82988 3.64342 0.445837 0.630113 20.0
7000.00 1433.15 23.283853 60.074055 -244554.231794 7.856000 31.820820 2.106 45.8229 5.81342 10.7507 2.47106 19.6351 0.743004 2.37273 7.74176 3.52908 0.474972 0.645285 17.7
7000.00 1423.15 16.797201 43.344834 -182327.659602 5.846569 22.756215 2.699 50.7391 4.48671 10.7226 2.26621 16.764 1.02993 1.58793 7.17816 4.01203 0.625395 0.5879 14.4
7000.00 1413.15 14.276863 36.730604 -156763.915072 5.027810 19.231701 2.975 52.9743 3.9945 10.3622 2.19094 15.7467 1.21175 1.23718 6.82134 4.17717 0.712135 0.571768 12.3
7000.00 1403.15 12.490121 32.025693 -138534.504905 4.442484 16.741804 3.218 54.9439 3.58764 9.98169 2.1202 14.8467 1.38509 0.967577 6.5163 4.29758 0.790922 0.562472 10.4
7000.00 1393.15 11.153878 28.496040 -124839.348989 4.001622 14.885486 3.436 56.7106 3.24474 9.59665 2.05246 14.0314 1.55103 0.755614 6.25042 4.38596 0.863073 0.558027 8.8
7000.00 1383.15 10.113570 25.740100 -114140.942733 3.656322 13.444403 3.634 58.319 2.95116 9.21557 1.9865 13.2782 1.71057 0.586346 6.01485 4.45085 0.92965 0.557272 7.3
7000.00 1373.15 9.278305 23.521291 -105529.773190 3.377638 12.290440 3.816 59.8 2.69681 8.84299 1.92148 12.5719 1.86456 0.449947 5.80326 4.49805 0.99148 0.559511 6.0
7000.00 1363.15 8.589381 21.686930 -98413.636025 3.146738 11.340574 3.986 61.1855 2.47445 8.48225 1.8565 11.902 2.01411 0.339515 5.6049 4.53238 1.04941 0.55896 4.8
7000.00 1353.15 8.011650 20.144813 -92438.300600 2.952318 10.545864 4.144 62.4828 2.27905 8.13364 1.79151 11.2616 2.15936 0.250478 5.42179 4.55606 1.10373 0.560066 3.8
7000.00 1343.15 7.401299 18.534244 -86268.304664 2.748793 9.717490 4.357 64.0408 2.16263 7.74648 1.69976 10.3756 2.15198 0.160293 5.35289 4.5805 1.16812 0.560996 2.7

feldspar_0 thermodynamic data and composition:
Pressure Temperature mass S H V Cp formula SiO2 TiO2 Al2O3 Fe2O3 FeO MnO MgO CaO Na2O K2O P2O5
7000.00 1523.15 4.681671 11.740114 -63025.116900 1.758683 5.796650 K0.00Na0.36Ca0.64Al1.64Si2.36O8 52.0519 0 30.6734 0 0 0 0 13.1603 4.07399 0.0405016 0
7000.00 1513.15 6.278136 15.725899 -84545.475460 2.363174 7.770164 K0.00Na0.39Ca0.61Al1.61Si2.39O8 52.8454 0 30.1365 0 0 0 0 12.5322 4.43474 0.0512344 0
7000.00 1503.15 5.348314 13.379181 -72050.291099 2.016952 6.616433 K0.00Na0.42Ca0.58Al1.58Si2.42O8 53.5905 0 29.6317 0 0 0 0 11.9418 4.77175 0.0642356 0
7000.00 1493.15 4.236979 10.583704 -57100.566571 1.600703 5.239145 K0.00Na0.45Ca0.55Al1.55Si2.45O8 54.3077 0 29.1452 0 0 0 0 11.3731 5.09465 0.0793306 0
7000.00 1483.15 3.443569 8.588319 -46426.045661 1.303193 4.255987 K0.01Na0.47Ca0.52Al1.52Si2.48O8 55.0029 0 28.673 0 0 0 0 10.8213 5.4059 0.0968898 0
7000.00 1473.15 2.863568 7.129868 -38621.587994 1.085501 3.537343 K0.01Na0.50Ca0.50Al1.50Si2.50O8 55.6816 0 28.2112 0 0 0 0 10.282 5.70774 0.117431 0
7000.00 1463.15 2.404412 5.976252 -32441.198232 0.912953 2.968586 K0.01Na0.52Ca0.47Al1.47Si2.53O8 56.3573 0 27.7507 0 0 0 0 9.74439 6.00604 0.14164 0
7000.00 1453.15 2.078039 5.155730 -28047.983379 0.790323 2.564229 K0.01Na0.55Ca0.44Al1.44Si2.56O8 57.0286 0 27.292 0 0 0 0 9.20932 6.29955 0.170563 0
7000.00 1443.15 1.831138 4.534734 -24723.984632 0.697569 2.258276 K0.01Na0.57Ca0.42Al1.42Si2.58O8 57.7031 0 26.8297 0 0 0 0 8.67052 6.59072 0.205957 0
7000.00 1433.15 1.634497 4.040089 -22075.759011 0.623704 2.014865 K0.01Na0.60Ca0.39Al1.39Si2.61O8 58.3859 0 26.3599 0 0 0 0 8.12363 6.88053 0.250106 0
7000.00 1423.15 1.856388 4.577378 -25083.571541 0.709134 2.286746 K0.02Na0.61Ca0.37Al1.37Si2.63O8 58.8518 0 26.0351 0 0 0 0 7.74698 7.06741 0.298719 0
7000.00 1413.15 0.984688 2.422114 -13310.847909 0.376582 1.212129 K0.02Na0.63Ca0.35Al1.35Si2.65O8 59.3481 0 25.6908 0 0 0 0 7.34709 7.27066 0.343394 0
7000.00 1403.15 0.744337 1.826236 -10066.397518 0.284963 0.915609 K0.02Na0.64Ca0.33Al1.33Si2.67O8 59.8075 0 25.3714 0 0 0 0 6.97637 7.45697 0.387825 0
7000.00 1393.15 0.584156 1.429411 -7903.846697 0.223855 0.718040 K0.02Na0.66Ca0.32Al1.32Si2.68O8 60.2362 0 25.0726 0 0 0 0 6.62982 7.62914 0.43224 0
7000.00 1383.15 0.471813 1.151318 -6386.930063 0.180967 0.579510 K0.03Na0.67Ca0.30Al1.30Si2.70O8 60.6389 0 24.7913 0 0 0 0 6.30381 7.78916 0.476794 0
7000.00 1373.15 0.389756 0.948363 -5278.782615 0.149619 0.478352 K0.03Na0.68Ca0.29Al1.29Si2.71O8 61.0192 0 24.5251 0 0 0 0 5.99543 7.93865 0.521623 0
7000.00 1363.15 0.328073 0.795924 -4445.639066 0.126039 0.402328 K0.03Na0.70Ca0.27Al1.27Si2.73O8 61.3804 0 24.2716 0 0 0 0 5.702 8.079 0.566987 0
7000.00 1353.15 0.279974 0.677176 -3795.829450 0.107640 0.343063 K0.03Na0.71Ca0.26Al1.26Si2.74O8 61.7248 0 24.0293 0 0 0 0 5.42178 8.21122 0.612918 0
7000.00 1343.15 0.303038 0.730599 -4110.960643 0.116568 0.371008 K0.04Na0.72Ca0.25Al1.25Si2.75O8 61.9921 0 23.8403 0 0 0 0 5.20351 8.3115 0.652571 0

spinel_0 thermodynamic data and composition:
Pressure Temperature mass S H V Cp formula SiO2 TiO2 Al2O3 Fe2O3 FeO MnO MgO CaO Na2O K2O P2O5
7000.00 1423.15 2.299023 4.902548 -13029.370571 0.491436 2.127459 Fe''1.51Mg0.15Fe'''0.52Al0.15Cr0.00Ti0.66O4 0 24.3828 3.61011 19.2068 49.9437 0 2.85667 0 0 0 0
7000.00 1413.15 0.707889 1.500937 -3952.867374 0.150651 0.651816 Fe''1.53Mg0.13Fe'''0.54Al0.14Cr0.00Ti0.66O4 0 24.1359 3.30296 19.8202 50.2999 0 2.44112 0 0 0 0
7000.00 1403.15 0.479642 1.011508 -2644.249500 0.101689 0.439786 Fe''1.54Mg0.11Fe'''0.56Al0.13Cr0.00Ti0.65O4 0 23.8606 3.053 20.4581 50.5338 0 2.0944 0 0 0 0
7000.00 1393.15 0.343873 0.721437 -1874.376090 0.072660 0.314141 Fe''1.55Mg0.10Fe'''0.58Al0.12Cr0.00Ti0.65O4 0 23.5669 2.84231 21.1131 50.6793 0 1.79845 0 0 0 0
7000.00 1383.15 0.257261 0.537020 -1388.012764 0.054195 0.234254 Fe''1.56Mg0.08Fe'''0.60Al0.12Cr0.00Ti0.64O4 0 23.2609 2.66001 21.7793 50.7583 0 1.54151 0 0 0 0
7000.00 1373.15 0.198794 0.412935 -1062.605706 0.041763 0.180489 Fe''1.56Mg0.07Fe'''0.62Al0.11Cr0.00Ti0.63O4 0 22.9477 2.49903 22.4512 50.7866 0 1.31558 0 0 0 0
7000.00 1363.15 0.157715 0.326023 -835.829327 0.033049 0.142815 Fe''1.57Mg0.06Fe'''0.64Al0.10Cr0.00Ti0.63O4 0 22.6326 2.3542 23.1212 50.7771 0 1.11485 0 0 0 0
7000.00 1353.15 0.127345 0.261988 -669.561248 0.026623 0.115039 Fe''1.57Mg0.05Fe'''0.66Al0.10Cr0.00Ti0.62O4 0 22.3192 2.22236 23.7841 50.7389 0 0.935358 0 0 0 0
7000.00 1343.15 0.096764 0.198110 -505.712954 0.020186 0.087194 Fe''1.58Mg0.04Fe'''0.67Al0.09Cr0.00Ti0.62O4 0 22.3007 2.05151 23.9165 50.9893 0 0.742056 0 0 0 0

whitlockite thermodynamic data and composition:
Pressure Temperature mass S H V Cp formula
7000.00 1443.15 0.015128 0.036159 -177.029050 0.004761 0.016044 Ca3(PO4)2
7000.00 1433.15 0.026851 0.063981 -314.490170 0.008451 0.028454 Ca3(PO4)2
7000.00 1423.15 0.113532 0.269681 -1330.933215 0.035731 0.120215 Ca3(PO4)2
7000.00 1413.15 0.038412 0.090955 -450.705595 0.012089 0.040640 Ca3(PO4)2
7000.00 1403.15 0.025862 0.061044 -303.723529 0.008139 0.027339 Ca3(PO4)2
7000.00 1393.15 0.018508 0.043545 -217.551258 0.005825 0.019549 Ca3(PO4)2
7000.00 1383.15 0.013853 0.032488 -162.980731 0.004360 0.014620 Ca3(PO4)2
7000.00 1373.15 0.010718 0.025054 -126.209769 0.003373 0.011302 Ca3(PO4)2
7000.00 1363.15 0.009527 0.021856 -112.749724 0.002998 0.013507 Ca3(PO4)2
7000.00 1353.15 0.007863 0.017958 -93.173177 0.002475 0.011083 Ca3(PO4)2
7000.00 1343.15 0.008320 0.018914 -98.699324 0.002618 0.011657 Ca3(PO4)2

clinopyroxene_1 thermodynamic data and composition:
Pressure Temperature mass S H V Cp structure formula SiO2 TiO2 Al2O3 Fe2O3 FeO MnO MgO CaO Na2O K2O P2O5
7000.00 1513.15 1.597252 3.845430 -19390.944286 0.486204 1.910859 cpx Na0.03Ca0.55Fe''0.32Mg0.93Fe'''0.04Ti0.01Al0.27Si1.84O6 50.0201 0.532521 6.19802 1.5297 10.5174 0 16.9284 13.8835 0.39037 0 0
7000.00 1473.15 0.002977 0.007009 -35.464188 0.000894 0.003485 cpx Na0.04Ca0.62Fe''0.38Mg0.77Fe'''0.06Ti0.03Al0.28Si1.82O6 48.514 1.098 6.42489 2.12296 12.0203 0 13.8207 15.4496 0.549531 0 0
7000.00 1463.15 0.117371 0.274805 -1391.758053 0.035107 0.136679 cpx Na0.04Ca0.64Fe''0.39Mg0.73Fe'''0.06Ti0.04Al0.29Si1.81O6 48.0993 1.28945 6.47549 2.29431 12.3592 0 13.069 15.8199 0.593309 0 0
7000.00 1453.15 0.125528 0.292219 -1481.160895 0.037407 0.145377 cpx Na0.05Ca0.65Fe''0.40Mg0.69Fe'''0.07Ti0.04Al0.29Si1.80O6 47.6647 1.50463 6.51922 2.47606 12.7011 0 12.323 16.1727 0.638534 0 0
7000.00 1443.15 0.127872 0.295939 -1500.949226 0.037957 0.147265 cpx Na0.05Ca0.67Fe''0.41Mg0.65Fe'''0.08Ti0.05Al0.29Si1.79O6 47.204 1.74777 6.55489 2.66994 13.0544 0 11.5753 16.5084 0.685383 0 0
7000.00 1433.15 0.120885 0.278103 -1410.972587 0.035736 0.138426 cpx Na0.05Ca0.69Fe''0.43Mg0.62Fe'''0.08Ti0.06Al0.30Si1.78O6 46.7222 2.01563 6.57618 2.87477 13.4321 0 10.8268 16.8188 0.733616 0 0

olivine_0 thermodynamic data and composition:
Pressure Temperature mass S H V Cp formula SiO2 TiO2 Al2O3 Fe2O3 FeO MnO MgO CaO Na2O K2O P2O5
7000.00 1343.15 0.101157 0.209503 -705.506854 0.024626 0.098696 (Ca0.01Mg0.09Fe''0.72Mn0.19Co0.00Ni0.00)2SiO4 30.3839 0 0 0 52.0351 13.5685 3.48134 0.531152 0 0 0

clinopyroxene_0 thermodynamic data and composition:
Pressure Temperature mass S H V Cp structure formula SiO2 TiO2 Al2O3 Fe2O3 FeO MnO MgO CaO Na2O K2O P2O5
7000.00 1573.15 0.338200 0.839996 -4171.235777 0.104776 0.416665 cpx Na0.01Ca0.41Fe''0.28Mg1.19Fe'''0.02Ti0.00Al0.17Si1.90O6 52.704 0.171493 4.0792 0.896438 9.20481 0 22.1745 10.5773 0.192276 0 0
7000.00 1563.15 5.570201 13.632618 -69287.412080 1.723962 6.747836 cpx Na0.02Ca0.62Fe''0.22Mg1.01Fe'''0.03Ti0.01Al0.21Si1.88O6 51.6515 0.282202 4.94337 1.1135 7.33757 0 18.5322 15.8518 0.287922 0 0
7000.00 1553.15 5.194132 12.639654 -64586.160291 1.603699 6.259890 cpx Na0.02Ca0.65Fe''0.22Mg0.95Fe'''0.03Ti0.01Al0.24Si1.87O6 51.1066 0.353507 5.47499 1.23766 7.2533 0 17.5229 16.7249 0.326186 0 0
7000.00 1543.15 4.652232 11.266177 -57772.834175 1.432620 5.583703 cpx Na0.03Ca0.67Fe''0.22Mg0.91Fe'''0.04Ti0.01Al0.26Si1.85O6 50.5959 0.428028 5.98576 1.35683 7.33909 0 16.744 17.1887 0.361704 0 0
7000.00 1533.15 4.155334 10.017536 -51512.727748 1.276084 4.968678 cpx Na0.03Ca0.69Fe''0.23Mg0.88Fe'''0.04Ti0.01Al0.28Si1.84O6 50.0914 0.508997 6.4926 1.47655 7.49621 0 16.055 17.482 0.397272 0 0
7000.00 1523.15 4.598918 11.074788 -56551.635911 1.406948 5.498485 cpx Na0.03Ca0.63Fe''0.27Mg0.90Fe'''0.04Ti0.01Al0.28Si1.84O6 49.9978 0.537155 6.45762 1.51566 8.67406 0 16.3301 16.082 0.405632 0 0
7000.00 1513.15 2.484190 6.020852 -29767.532395 0.754077 2.996530 cpx Na0.02Ca0.39Fe''0.39Mg1.04Fe'''0.04Ti0.01Al0.25Si1.86O6 50.5119 0.39094 5.71731 1.37164 12.7613 0 18.9938 9.95631 0.296893 0 0
7000.00 1503.15 3.107961 7.504260 -36847.765271 0.938834 3.736386 cpx Na0.02Ca0.36Fe''0.44Mg1.03Fe'''0.04Ti0.01Al0.24Si1.86O6 50.3103 0.420719 5.60375 1.43518 14.1004 0 18.7705 9.06538 0.29389 0 0
7000.00 1493.15 2.348261 5.643080 -27584.176085 0.706101 2.810050 cpx Na0.02Ca0.35Fe''0.47Mg1.01Fe'''0.04Ti0.01Al0.24Si1.86O6 50.0523 0.459658 5.53852 1.5158 15.1706 0 18.247 8.71358 0.302527 0 0
7000.00 1483.15 1.833982 4.385070 -21347.597898 0.548956 2.183740 cpx Na0.02Ca0.34Fe''0.50Mg0.98Fe'''0.04Ti0.01Al0.24Si1.85O6 49.7876 0.49729 5.47395 1.5998 16.1918 0 17.6529 8.48323 0.313361 0 0
7000.00 1473.15 1.468352 3.492586 -16934.046320 0.437504 1.739356 cpx Na0.02Ca0.33Fe''0.54Mg0.95Fe'''0.05Ti0.01Al0.24Si1.85O6 49.526 0.530906 5.39937 1.68446 17.2116 0 17.0298 8.29336 0.32452 0 0
7000.00 1463.15 1.107900 2.621717 -12641.375320 0.328476 1.305786 cpx Na0.02Ca0.32Fe''0.58Mg0.92Fe'''0.05Ti0.02Al0.23Si1.85O6 49.2886 0.548007 5.28578 1.75724 18.4207 0 16.4835 7.88845 0.327729 0 0
7000.00 1453.15 0.903199 2.125882 -10190.899340 0.266426 1.058895 cpx Na0.02Ca0.30Fe''0.62Mg0.90Fe'''0.05Ti0.02Al0.23Si1.86O6 49.0554 0.55713 5.15447 1.82791 19.6722 0 15.9042 7.49901 0.329791 0 0
7000.00 1443.15 0.762482 1.784614 -8501.849152 0.223736 0.888913 cpx Na0.02Ca0.29Fe''0.67Mg0.87Fe'''0.05Ti0.02Al0.22Si1.86O6 48.8251 0.558621 5.00243 1.89674 20.9758 0 15.285 7.12557 0.330767 0 0
7000.00 1433.15 0.658584 1.532361 -7251.830226 0.192197 0.763222 cpx Na0.02Ca0.28Fe''0.71Mg0.83Fe'''0.06Ti0.02Al0.22Si1.86O6 48.5991 0.552158 4.82639 1.96317 22.3338 0 14.6219 6.77272 0.330782 0 0
7000.00 1423.15 2.253228 5.142725 -26034.204936 0.663814 2.559835 cpx Na0.06Ca0.72Fe''0.46Mg0.56Fe'''0.09Ti0.05Al0.27Si1.80O6 46.8482 1.74886 6.04231 3.00816 14.4233 0 9.77771 17.4113 0.740201 0 0
7000.00 1413.15 0.803088 1.821660 -9182.188539 0.235651 0.906976 cpx Na0.06Ca0.72Fe''0.50Mg0.52Fe'''0.09Ti0.05Al0.26Si1.81O6 46.8628 1.5888 5.69173 3.11051 15.5461 0 9.08289 17.3669 0.75017 0 0
7000.00 1403.15 0.547670 1.234495 -6195.359678 0.160029 0.614791 cpx Na0.06Ca0.72Fe''0.54Mg0.48Fe'''0.09Ti0.04Al0.25Si1.82O6 46.8178 1.46078 5.39079 3.22264 16.6628 0 8.37149 17.3122 0.76151 0 0
7000.00 1393.15 0.398697 0.892952 -4461.104336 0.115988 0.444817 cpx Na0.06Ca0.72Fe''0.58Mg0.44Fe'''0.10Ti0.04Al0.24Si1.82O6 46.7303 1.35423 5.12351 3.34257 17.7848 0 7.64779 17.2432 0.77361 0 0
7000.00 1383.15 0.305224 0.679147 -3377.157091 0.088392 0.338414 cpx Na0.06Ca0.72Fe''0.62Mg0.40Fe'''0.10Ti0.04Al0.23Si1.83O6 46.6117 1.26301 4.87998 3.46855 18.9156 0 6.91576 17.1593 0.786057 0 0
7000.00 1373.15 0.243053 0.537221 -2658.670029 0.070060 0.267791 cpx Na0.06Ca0.72Fe''0.66Mg0.36Fe'''0.11Ti0.04Al0.22Si1.83O6 46.471 1.18308 4.65345 3.59838 20.0537 0 6.18068 17.0612 0.798527 0 0
7000.00 1363.15 0.200098 0.439289 -2163.536073 0.057406 0.219075 cpx Na0.06Ca0.72Fe''0.70Mg0.32Fe'''0.11Ti0.03Al0.21Si1.84O6 46.3156 1.11181 4.43911 3.72955 21.1945 0 5.44828 16.9504 0.810756 0 0
7000.00 1353.15 0.168613 0.367626 -1801.955233 0.048144 0.183446 cpx Na0.06Ca0.72Fe''0.75Mg0.28Fe'''0.12Ti0.03Al0.20Si1.84O6 46.1526 1.04723 4.23405 3.85891 22.3296 0 4.72642 16.8287 0.822547 0 0
7000.00 1343.15 0.106024 0.229322 -1121.331118 0.030126 0.114502 cpx Na0.07Ca0.74Fe''0.78Mg0.23Fe'''0.12Ti0.03Al0.20Si1.84O6 45.7786 1.11385 4.12445 4.11444 23.1178 0 3.79213 17.1076 0.851141 0 0

Title: MORB_Gale2013_0

Phase Masses:
Pressure Temperature mass liquid_0 olivine_0 clinopyroxene_0 clinopyroxene_1 feldspar_0 spinel_0 whitlockite 
7000.00 1673.15 99.385338 99.385338 0.000000 0.000000 0.000000 0.000000 0.000000 0.000000 
7000.00 1663.15 99.385414 99.385414 0.000000 0.000000 0.000000 0.000000 0.000000 0.000000 
7000.00 1653.15 99.385506 99.385506 0.000000 0.000000 0.000000 0.000000 0.000000 0.000000 
7000.00 1643.15 99.385613 99.385613 0.000000 0.000000 0.000000 0.000000 0.000000 0.000000 
7000.00 1633.15 99.385736 99.385736 0.000000 0.000000 0.000000 0.000000 0.000000 0.000000 
7000.00 1623.15 99.385875 99.385875 0.000000 0.000000 0.000000 0.000000 0.000000 0.000000 
7000.00 1613.15 99.386031 99.386031 0.000000 0.000000 0.000000 0.000000 0.000000 0.000000 
7000.00 1603.15 99.386203 99.386203 0.000000 0.000000 0.000000 0.000000 0.000000 0.000000 
7000.00 1593.15 99.386394 99.386394 0.000000 0.000000 0.000000 0.000000 0.000000 0.000000 
7000.00 1583.15 99.386602 99.386602 0.000000 0.000000 0.000000 0.000000 0.000000 0.000000 
7000.00 1573.15 99.386717 99.048517 0.000000 0.338200 0.000000 0.000000 0.000000 0.000000 
7000.00 1563.15 99.048947 93.478745 0.000000 5.570201 0.000000 0.000000 0.000000 0.000000 
7000.00 1553.15 93.479655 88.285524 0.000000 5.194132 0.000000 0.000000 0.000000 0.000000 
7000.00 1543.15 88.286819 83.634587 0.000000 4.652232 0.000000 0.000000 0.000000 0.000000 
7000.00 1533.15 83.636193 79.480859 0.000000 4.155334 0.000000 0.000000 0.000000 0.000000 
7000.00 1523.15 79.481438 70.200848 0.000000 4.598918 0.000000 4.681671 0.000000 0.000000 
7000.00 1513.15 70.200960 59.841383 0.000000 2.484190 1.597252 6.278136 0.000000 0.000000 
7000.00 1503.15 59.842306 51.386031 0.000000 3.107961 0.000000 5.348314 0.000000 0.000000 
7000.00 1493.15 51.386244 44.801004 0.000000 2.348261 0.000000 4.236979 0.000000 0.000000 
7000.00 1483.15 44.801435 39.523884 0.000000 1.833982 0.000000 3.443569 0.000000 0.000000 
7000.00 1473.15 39.524473 35.189576 0.000000 1.468352 0.002977 2.863568 0.000000 0.000000 
7000.00 1463.15 35.191328 31.561645 0.000000 1.107900 0.117371 2.404412 0.000000 0.000000 
7000.00 1453.15 31.563475 28.456710 0.000000 0.903199 0.125528 2.078039 0.000000 0.000000 
7000.00 1443.15 28.458519 25.721899 0.000000 0.762482 0.127872 1.831138 0.000000 0.015128 
7000.00 1433.15 25.724669 23.283853 0.000000 0.658584 0.120885 1.634497 0.000000 0.026851 
7000.00 1423.15 23.319372 16.797201 0.000000 2.253228 0.000000 1.856388 2.299023 0.113532 
7000.00 1413.15 16.810940 14.276863 0.000000 0.803088 0.000000 0.984688 0.707889 0.038412 
7000.00 1403.15 14.287633 12.490121 0.000000 0.547670 0.000000 0.744337 0.479642 0.025862 
7000.00 1393.15 12.499111 11.153878 0.000000 0.398697 0.000000 0.584156 0.343873 0.018508 
7000.00 1383.15 11.161720 10.113570 0.000000 0.305224 0.000000 0.471813 0.257261 0.013853 
7000.00 1373.15 10.120625 9.278305 0.000000 0.243053 0.000000 0.389756 0.198794 0.010718 
7000.00 1363.15 9.284794 8.589381 0.000000 0.200098 0.000000 0.328073 0.157715 0.009527 
7000.00 1353.15 8.595445 8.011650 0.000000 0.168613 0.000000 0.279974 0.127345 0.007863 
7000.00 1343.15 8.016602 7.401299 0.101157 0.106024 0.000000 0.303038 0.096764 0.008320 

Title: MORB_Gale2013_0

Phase Volumes:
Pressure Temperature mass V liquid_0 olivine_0 clinopyroxene_0 clinopyroxene_1 feldspar_0 spinel_0 whitlockite 
7000.00 1673.15 99.385338 36.176213 36.176213 0.000000 0.000000 0.000000 0.000000 0.000000 0.000000 
7000.00 1663.15 99.385414 36.151323 36.151323 0.000000 0.000000 0.000000 0.000000 0.000000 0.000000 
7000.00 1653.15 99.385506 36.126445 36.126445 0.000000 0.000000 0.000000 0.000000 0.000000 0.000000 
7000.00 1643.15 99.385613 36.101578 36.101578 0.000000 0.000000 0.000000 0.000000 0.000000 0.000000 
7000.00 1633.15 99.385736 36.076724 36.076724 0.000000 0.000000 0.000000 0.000000 0.000000 0.000000 
7000.00 1623.15 99.385875 36.051882 36.051882 0.000000 0.000000 0.000000 0.000000 0.000000 0.000000 
7000.00 1613.15 99.386031 36.027051 36.027051 0.000000 0.000000 0.000000 0.000000 0.000000 0.000000 
7000.00 1603.15 99.386203 36.002234 36.002234 0.000000 0.000000 0.000000 0.000000 0.000000 0.000000 
7000.00 1593.15 99.386394 35.977428 35.977428 0.000000 0.000000 0.000000 0.000000 0.000000 0.000000 
7000.00 1583.15 99.386602 35.952635 35.952635 0.000000 0.000000 0.000000 0.000000 0.000000 0.000000 
7000.00 1573.15 99.386717 35.912947 35.808171 0.000000 0.104776 0.000000 0.000000 0.000000 0.000000 
7000.00 1563.15 99.048947 35.529534 33.805571 0.000000 1.723962 0.000000 0.000000 0.000000 0.000000 
7000.00 1553.15 93.479655 33.544384 31.940685 0.000000 1.603699 0.000000 0.000000 0.000000 0.000000 
7000.00 1543.15 88.286819 31.705219 30.272598 0.000000 1.432620 0.000000 0.000000 0.000000 0.000000 
7000.00 1533.15 83.636193 30.060960 28.784876 0.000000 1.276084 0.000000 0.000000 0.000000 0.000000 
7000.00 1523.15 79.481438 28.520240 25.354608 0.000000 1.406948 0.000000 1.758683 0.000000 0.000000 
7000.00 1513.15 70.200960 25.109307 21.505853 0.000000 0.754077 0.486204 2.363174 0.000000 0.000000 
7000.00 1503.15 59.842306 21.315491 18.359705 0.000000 0.938834 0.000000 2.016952 0.000000 0.000000 
7000.00 1493.15 51.386244 18.212378 15.905574 0.000000 0.706101 0.000000 1.600703 0.000000 0.000000 
7000.00 1483.15 44.801435 15.788066 13.935918 0.000000 0.548956 0.000000 1.303193 0.000000 0.000000 
7000.00 1473.15 39.524473 13.839725 12.315826 0.000000 0.437504 0.000894 1.085501 0.000000 0.000000 
7000.00 1463.15 35.191328 12.234948 10.958411 0.000000 0.328476 0.035107 0.912953 0.000000 0.000000 
7000.00 1453.15 31.563475 10.889361 9.795205 0.000000 0.266426 0.037407 0.790323 0.000000 0.000000 
7000.00 1443.15 28.458519 9.734224 8.770201 0.000000 0.223736 0.037957 0.697569 0.000000 0.004761 
7000.00 1433.15 25.724669 8.716088 7.856000 0.000000 0.192197 0.035736 0.623704 0.000000 0.008451 
7000.00 1423.15 23.319372 7.746685 5.846569 0.000000 0.663814 0.000000 0.709134 0.491436 0.035731 
7000.00 1413.15 16.810940 5.802784 5.027810 0.000000 0.235651 0.000000 0.376582 0.150651 0.012089 
7000.00 1403.15 14.287633 4.997303 4.442484 0.000000 0.160029 0.000000 0.284963 0.101689 0.008139 
7000.00 1393.15 12.499111 4.419950 4.001622 0.000000 0.115988 0.000000 0.223855 0.072660 0.005825 
7000.00 1383.15 11.161720 3.984236 3.656322 0.000000 0.088392 0.000000 0.180967 0.054195 0.004360 
7000.00 1373.15 10.120625 3.642453 3.377638 0.000000 0.070060 0.000000 0.149619 0.041763 0.003373 
7000.00 1363.15 9.284794 3.366231 3.146738 0.000000 0.057406 0.000000 0.126039 0.033049 0.002998 
7000.00 1353.15 8.595445 3.137199 2.952318 0.000000 0.048144 0.000000 0.107640 0.026623 0.002475 
7000.00 1343.15 8.016602 2.942918 2.748793 0.024626 0.030126 0.000000 0.116568 0.020186 0.002618 

Title: MORB_Gale2013_0

Solid Composition:
Pressure Temperature mass SiO2 TiO2 Al2O3 Fe2O3 FeO MnO MgO CaO Na2O K2O P2O5 
7000.00 1673.15 0.000000 ---
7000.00 1663.15 0.000000 ---
7000.00 1653.15 0.000000 ---
7000.00 1643.15 0.000000 ---
7000.00 1633.15 0.000000 ---
7000.00 1623.15 0.000000 ---
7000.00 1613.15 0.000000 ---
7000.00 1603.15 0.000000 ---
7000.00 1593.15 0.000000 ---
7000.00 1583.15 0.000000 ---
7000.00 1573.15 0.338200 52.704 0.171493 4.0792 0.896438 9.20481 0 22.1745 10.5773 0.192276 0 0
7000.00 1563.15 5.570201 51.6515 0.282202 4.94337 1.1135 7.33757 0 18.5322 15.8518 0.287922 0 0
7000.00 1553.15 5.194132 51.1066 0.353507 5.47499 1.23766 7.2533 0 17.5229 16.7249 0.326186 0 0
7000.00 1543.15 4.652232 50.5959 0.428028 5.98576 1.35683 7.33909 0 16.744 17.1887 0.361704 0 0
7000.00 1533.15 4.155334 50.0914 0.508997 6.4926 1.47655 7.49621 0 16.055 17.482 0.397272 0 0
7000.00 1523.15 9.280590 51.034 0.266182 18.6735 0.751071 4.29836 0 8.09225 14.6081 2.25617 0.0204314 0
7000.00 1513.15 10.359577 51.8502 0.175851 20.59 0.564767 4.68169 0 7.16468 12.1228 2.81893 0.0310492 0
7000.00 1503.15 8.456275 52.3849 0.154628 20.8006 0.527475 5.18235 0 6.89876 10.8846 3.12599 0.0406269 0
7000.00 1493.15 6.585240 52.7903 0.163912 20.7272 0.540525 5.40975 0 6.50679 10.4247 3.38581 0.0510417 0
7000.00 1483.15 5.277551 53.1906 0.172811 20.6112 0.55594 5.62676 0 6.13451 10.0088 3.63621 0.06322 0
7000.00 1473.15 4.334897 53.5916 0.180587 20.4692 0.572031 5.83831 0 5.77796 9.61195 3.88075 0.0775728 0
7000.00 1463.15 3.629683 53.9326 0.208966 20.2057 0.610558 6.02228 0 5.45391 9.37435 4.0978 0.0938266 0
7000.00 1453.15 3.106766 54.3323 0.222763 20.0168 0.631454 6.23227 0 5.12157 8.99345 4.33529 0.114085 0
7000.00 1443.15 2.736620 54.4199 0.237311 19.6524 0.653228 6.4543 0 4.7996 8.8582 4.53419 0.137811 0.252976
7000.00 1433.15 2.440817 54.5252 0.248811 19.2799 0.672082 6.69137 0 4.48151 8.69707 4.73314 0.167484 0.503417
7000.00 1423.15 6.522171 32.9356 9.19896 10.7703 7.8095 22.5877 0 4.38488 9.16425 2.2673 0.0850236 0.796576
7000.00 1413.15 2.534076 37.913 7.24582 12.7094 6.52249 18.978 0 3.56043 9.18092 3.06296 0.133436 0.693656
7000.00 1403.15 1.797511 39.0304 6.81196 12.9632 6.44086 18.5611 0 3.10951 8.94396 3.3199 0.160596 0.658395
7000.00 1393.15 1.345233 40.0069 6.4256 13.1326 6.38766 18.2258 0 2.72636 8.73565 3.54217 0.187696 0.629583
7000.00 1383.15 1.048151 40.8693 6.07702 13.2335 6.35562 17.9665 0 2.39224 8.55126 3.7351 0.214623 0.6048
7000.00 1373.15 0.842321 41.6439 5.7572 13.2807 6.33696 17.7725 0 2.09393 8.38735 3.90376 0.241364 0.582272
7000.00 1363.15 0.695413 42.2842 5.45282 13.2618 6.31687 17.6144 0 1.82053 8.31037 4.0447 0.267486 0.626894
7000.00 1353.15 0.583794 42.9316 5.17102 13.2315 6.30263 17.5171 0 1.56913 8.1912 4.17547 0.293941 0.61636
7000.00 1343.15 0.615303 43.4146 3.699 12.7747 4.47015 20.5569 2.23068 1.34247 6.33128 4.24009 0.321392 0.618747
Title: MORB_Gale2013_0

Bulk Composition:
Pressure Temperature mass SiO2 TiO2 Al2O3 Fe2O3 FeO MnO MgO CaO Na2O K2O P2O5 
7000.00 1673.15 99.385338 50.7218 1.54952 15.0425 1.29892 8.96349 0.17407 7.73756 11.4202 2.77707 0.144891 0.170045
7000.00 1663.15 99.385414 50.7217 1.54952 15.0424 1.29969 8.96279 0.17407 7.73755 11.4202 2.77707 0.14489 0.170045
7000.00 1653.15 99.385506 50.7217 1.54952 15.0424 1.30061 8.96196 0.17407 7.73755 11.4202 2.77706 0.14489 0.170045
7000.00 1643.15 99.385613 50.7216 1.54952 15.0424 1.30169 8.96098 0.174069 7.73754 11.4202 2.77706 0.14489 0.170045
7000.00 1633.15 99.385736 50.7216 1.54952 15.0424 1.30292 8.95986 0.174069 7.73753 11.4202 2.77706 0.14489 0.170045
7000.00 1623.15 99.385875 50.7215 1.54952 15.0424 1.30431 8.95859 0.174069 7.73752 11.4201 2.77705 0.14489 0.170044
7000.00 1613.15 99.386031 50.7214 1.54951 15.0424 1.30587 8.95717 0.174069 7.73751 11.4201 2.77705 0.14489 0.170044
7000.00 1603.15 99.386203 50.7213 1.54951 15.0423 1.30761 8.95559 0.174068 7.73749 11.4201 2.77705 0.144889 0.170044
7000.00 1593.15 99.386394 50.7212 1.54951 15.0423 1.30952 8.95385 0.174068 7.73748 11.4201 2.77704 0.144889 0.170043
7000.00 1583.15 99.386602 50.7211 1.5495 15.0423 1.31161 8.95195 0.174068 7.73746 11.4201 2.77703 0.144889 0.170043
7000.00 1573.15 99.386717 50.7211 1.5495 15.0423 1.31276 8.9509 0.174068 7.73745 11.42 2.77703 0.144889 0.170043
7000.00 1563.15 99.048947 50.7146 1.5542 15.0797 1.30844 8.95526 0.174661 7.68835 11.423 2.78585 0.145383 0.170623
7000.00 1553.15 93.479655 50.6588 1.62999 15.6836 1.31909 9.05251 0.185067 7.04232 11.1591 2.93467 0.154044 0.180788
7000.00 1543.15 88.286819 50.6323 1.70506 16.284 1.32722 9.1553 0.195952 6.42582 10.8317 3.08809 0.163105 0.191422
7000.00 1533.15 83.636193 50.634 1.77607 16.8566 1.33279 9.24974 0.206848 5.85195 10.4781 3.23969 0.172174 0.202066
7000.00 1523.15 79.481438 50.6626 1.84231 17.3984 1.32 9.3462 0.217661 5.31869 10.1121 3.38828 0.181174 0.212628
7000.00 1513.15 70.200960 50.6149 2.05068 17.2303 1.36839 10.0378 0.246435 4.95225 9.5181 3.538 0.202425 0.240737
7000.00 1503.15 59.842306 50.4028 2.37522 16.6491 1.47289 10.9964 0.289093 4.56977 9.06764 3.66251 0.23209 0.282409
7000.00 1493.15 51.386244 50.0785 2.74065 15.9666 1.59379 11.9846 0.336666 4.18685 8.769 3.75089 0.263598 0.328882
7000.00 1483.15 44.801435 49.6817 3.11938 15.2674 1.71366 12.9828 0.386148 3.84621 8.52599 3.80463 0.294841 0.37722
7000.00 1473.15 39.524473 49.2151 3.51279 14.5546 1.83263 13.9972 0.437703 3.54106 8.32835 3.82721 0.325766 0.427583
7000.00 1463.15 35.191328 48.6779 3.92312 13.8264 1.95253 15.0343 0.491598 3.26621 8.17079 3.82061 0.356326 0.480232
7000.00 1453.15 31.563475 48.0757 4.35007 13.0932 2.06988 16.104 0.548102 3.01538 8.03297 3.78873 0.386496 0.535429
7000.00 1443.15 28.458519 47.395 4.80043 12.3379 2.18517 17.2194 0.607902 2.78625 7.92876 3.72908 0.416216 0.593847
7000.00 1433.15 25.724669 46.6486 5.28544 11.56 2.30037 18.407 0.672506 2.57282 7.8324 3.64332 0.445797 0.631824
7000.00 1423.15 23.319372 45.7597 5.80468 10.736 3.81661 18.3928 0.741872 2.37021 7.73365 3.52405 0.474259 0.646264
7000.00 1413.15 16.810940 50.704 4.4846 10.716 2.84387 16.2338 1.02909 1.58738 7.17702 4.00921 0.624902 0.590142
7000.00 1403.15 14.287633 52.9418 3.99329 10.3568 2.66378 15.314 1.21084 1.23705 6.82172 4.17458 0.711622 0.57454
7000.00 1393.15 12.499111 54.9129 3.58708 9.97721 2.51904 14.4828 1.3841 0.967718 6.5179 4.29515 0.790385 0.565729
7000.00 1383.15 11.161720 56.6804 3.24469 9.59287 2.39678 13.7185 1.54994 0.75593 6.25303 4.38363 0.862505 0.561735
7000.00 1373.15 10.120625 58.2889 2.95152 9.21234 2.28897 13.0047 1.70938 0.586773 6.01833 4.44859 0.929049 0.561405
7000.00 1363.15 9.284794 59.7698 2.69753 8.84023 2.19058 12.3299 1.86326 0.45044 5.80753 4.49585 0.990843 0.564048
7000.00 1353.15 8.595445 61.1549 2.47547 8.47988 2.0979 11.6864 2.01269 0.340039 5.60989 4.53021 1.04873 0.56389
7000.00 1343.15 8.016602 62.4576 2.28055 8.13241 1.9124 11.157 2.15802 0.251029 5.42798 4.55437 1.10313 0.565429
