Title: MORB_Gale2013_0

liquid_0 thermodynamic data and composition:
Pressure Temperature mass S H V Cp viscosity SiO2 TiO2 Al2O3 Fe2O3 FeO MnO MgO CaO Na2O K2O P2O5 Mg#
7000.00 1673.15 99.385338 282.340181 -1158858.646469 36.176213 148.764859 1.648 50.7218 1.54952 15.0425 1.29892 8.96349 0.17407 7.73756 11.4202 2.77707 0.144891 0.170045 60.6
7000.00 1663.15 99.385414 281.448570 -1160347.352764 36.151323 148.765253 1.684 50.7217 1.54952 15.0424 1.29969 8.96279 0.17407 7.73755 11.4202 2.77707 0.14489 0.170045 60.6
7000.00 1653.15 99.385506 280.551611 -1161836.274201 36.126445 148.765723 1.720 50.7217 1.54952 15.0424 1.30061 8.96196 0.17407 7.73755 11.4202 2.77706 0.14489 0.170045 60.6
7000.00 1643.15 99.385613 279.649240 -1163325.418439 36.101578 148.766273 1.756 50.7216 1.54952 15.0424 1.30169 8.96098 0.174069 7.73754 11.4202 2.77706 0.14489 0.170045 60.6
7000.00 1633.15 99.385736 278.741389 -1164814.793434 36.076724 148.766903 1.793 50.7216 1.54952 15.0424 1.30292 8.95986 0.174069 7.73753 11.4202 2.77706 0.14489 0.170045 60.6
7000.00 1623.15 99.385875 277.827990 -1166304.407448 36.051882 148.767616 1.830 50.7215 1.54952 15.0424 1.30431 8.95859 0.174069 7.73752 11.4201 2.77705 0.14489 0.170044 60.6
7000.00 1613.15 99.386031 276.908973 -1167794.269070 36.027051 148.768415 1.868 50.7214 1.54951 15.0424 1.30587 8.95717 0.174069 7.73751 11.4201 2.77705 0.14489 0.170044 60.6
7000.00 1603.15 99.386203 275.984267 -1169284.387228 36.002234 148.769301 1.906 50.7213 1.54951 15.0423 1.30761 8.95559 0.174068 7.73749 11.4201 2.77705 0.144889 0.170044 60.6
7000.00 1593.15 99.386394 275.053801 -1170774.771207 35.977428 148.770277 1.945 50.7212 1.54951 15.0423 1.30952 8.95385 0.174068 7.73748 11.4201 2.77704 0.144889 0.170043 60.6
7000.00 1583.15 99.386602 274.117499 -1172265.430666 35.952635 148.771346 1.984 50.7211 1.5495 15.0423 1.31161 8.95195 0.174068 7.73746 11.4201 2.77703 0.144889 0.170043 60.6
7000.00 1573.15 99.048517 272.246342 -1169723.073264 35.808171 148.232199 2.027 50.7143 1.55421 15.0797 1.31418 8.95003 0.174662 7.68816 11.4229 2.78586 0.145383 0.170623 60.5
7000.00 1563.15 93.478745 256.104536 -1104375.960460 33.805571 139.420486 2.118 50.6588 1.63 15.6837 1.32005 9.05166 0.185069 7.04219 11.1591 2.93469 0.154046 0.18079 58.1
7000.00 1553.15 88.285524 241.095502 -1043496.175815 31.940685 131.234855 2.213 50.6325 1.70509 16.2842 1.32388 9.15836 0.195955 6.42571 10.8317 3.08813 0.163107 0.191424 55.6
7000.00 1543.15 83.634587 227.653768 -989112.937183 30.272598 123.927870 2.308 50.6344 1.7761 16.8568 1.32557 9.25633 0.206852 5.85186 10.4781 3.23975 0.172178 0.20207 53.0
7000.00 1533.15 79.480859 215.640828 -940696.498109 28.784876 117.422358 2.406 50.6624 1.84232 17.3984 1.32528 9.34141 0.217662 5.31853 10.1119 3.38829 0.181176 0.21263 50.4
7000.00 1523.15 70.200848 189.754190 -825820.667884 25.354608 103.229832 2.452 50.6135 2.05067 17.2298 1.39521 10.0135 0.246436 4.95202 9.5177 3.53794 0.202425 0.240738 46.9
7000.00 1513.15 59.841383 161.063938 -696819.120855 21.505853 87.482976 2.462 50.401 2.37524 16.6487 1.50751 10.965 0.289098 4.56924 9.06717 3.66248 0.232093 0.282413 42.6
7000.00 1503.15 51.386031 137.674506 -591711.928904 18.359705 74.678566 2.454 50.0767 2.74065 15.966 1.62847 11.9532 0.336667 4.1865 8.76863 3.7508 0.263598 0.328883 38.4
7000.00 1493.15 44.801004 119.458903 -510007.449162 15.905574 64.740954 2.435 49.6799 3.1194 15.2668 1.7486 12.9511 0.386152 3.84584 8.52562 3.80455 0.294842 0.377224 34.6
7000.00 1483.15 39.523884 104.863627 -444651.876339 13.935918 56.803801 2.405 49.2132 3.51283 14.5539 1.86824 13.965 0.43771 3.54066 8.32799 3.82712 0.325769 0.42759 31.1
7000.00 1473.15 35.189576 92.886140 -391060.536950 12.315826 49.021387 2.365 48.676 3.92327 13.8259 1.98792 15.0023 0.491623 3.2655 8.17023 3.82061 0.35634 0.480256 28.0
7000.00 1463.15 31.561645 82.868682 -346292.082584 10.958411 43.757210 2.316 48.0736 4.35026 13.0928 2.10686 16.0707 0.548134 3.01462 8.03238 3.78873 0.386514 0.53546 25.1
7000.00 1453.15 28.456710 74.301981 -308046.270800 9.795205 39.269918 2.255 47.3926 4.80067 12.3374 2.22692 17.1817 0.607941 2.78544 7.92811 3.72906 0.416237 0.593885 22.4
7000.00 1443.15 25.721899 66.771840 -274440.792779 8.770201 35.326866 2.186 46.6476 5.28592 11.5597 2.34816 18.3647 0.672579 2.57205 7.82988 3.64342 0.445837 0.630113 20.0
7000.00 1433.15 23.283853 60.074055 -244554.231794 7.856000 31.820820 2.106 45.8229 5.81342 10.7507 2.47106 19.6351 0.743004 2.37273 7.74176 3.52908 0.474972 0.645285 17.7
7000.00 1423.15 16.797201 43.344834 -182327.659602 5.846569 22.756215 2.699 50.7391 4.48671 10.7226 2.26621 16.764 1.02993 1.58793 7.17816 4.01203 0.625395 0.5879 14.4
7000.00 1413.15 14.276863 36.730604 -156763.915072 5.027810 19.231701 2.975 52.9743 3.9945 10.3622 2.19094 15.7467 1.21175 1.23718 6.82134 4.17717 0.712135 0.571768 12.3
7000.00 1403.15 12.490121 32.025693 -138534.504905 4.442484 16.741804 3.218 54.9439 3.58764 9.98169 2.1202 14.8467 1.38509 0.967577 6.5163 4.29758 0.790922 0.562472 10.4
7000.00 1393.15 11.153878 28.496040 -124839.348989 4.001622 14.885486 3.436 56.7106 3.24474 9.59665 2.05246 14.0314 1.55103 0.755614 6.25042 4.38596 0.863073 0.558027 8.8
7000.00 1383.15 10.113570 25.740100 -114140.942733 3.656322 13.444403 3.634 58.319 2.95116 9.21557 1.9865 13.2782 1.71057 0.586346 6.01485 4.45085 0.92965 0.557272 7.3
7000.00 1373.15 9.278305 23.521291 -105529.773190 3.377638 12.290440 3.816 59.8 2.69681 8.84299 1.92148 12.5719 1.86456 0.449947 5.80326 4.49805 0.99148 0.559511 6.0
7000.00 1363.15 8.589381 21.686930 -98413.636025 3.146738 11.340574 3.986 61.1855 2.47445 8.48225 1.8565 11.902 2.01411 0.339515 5.6049 4.53238 1.04941 0.55896 4.8
7000.00 1353.15 8.011650 20.144813 -92438.300600 2.952318 10.545864 4.144 62.4828 2.27905 8.13364 1.79151 11.2616 2.15936 0.250478 5.42179 4.55606 1.10373 0.560066 3.8
7000.00 1343.15 7.401299 18.534244 -86268.304664 2.748793 9.717490 4.357 64.0408 2.16263 7.74648 1.69976 10.3756 2.15198 0.160293 5.35289 4.5805 1.16812 0.560996 2.7

feldspar_0 thermodynamic data and composition:
Pressure Temperature mass S H V Cp formula SiO2 TiO2 Al2O3 Fe2O3 FeO MnO MgO CaO Na2O K2O P2O5
7000.00 1523.15 4.681671 11.740114 -63025.116900 1.758683 5.796650 K0.00Na0.36Ca0.64Al1.64Si2.36O8 52.0519 0 30.6734 0 0 0 0 13.1603 4.07399 0.0405016 0
7000.00 1513.15 6.278136 15.725899 -84545.475460 2.363174 7.770164 K0.00Na0.39Ca0.61Al1.61Si2.39O8 52.8454 0 30.1365 0 0 0 0 12.5322 4.43474 0.0512344 0
7000.00 1503.15 5.348314 13.379181 -72050.291099 2.016952 6.616433 K0.00Na0.42Ca0.58Al1.58Si2.42O8 53.5905 0 29.6317 0 0 0 0 11.9418 4.77175 0.0642356 0
7000.00 1493.15 4.236979 10.583704 -57100.566571 1.600703 5.239145 K0.00Na0.45Ca0.55Al1.55Si2.45O8 54.3077 0 29.1452 0 0 0 0 11.3731 5.09465 0.0793306 0
7000.00 1483.15 3.443569 8.588319 -46426.045661 1.303193 4.255987 K0.01Na0.47Ca0.52Al1.52Si2.48O8 55.0029 0 28.673 0 0 0 0 10.8213 5.4059 0.0968898 0
7000.00 1473.15 2.863568 7.129868 -38621.587994 1.085501 3.537343 K0.01Na0.50Ca0.50Al1.50Si2.50O8 55.6816 0 28.2112 0 0 0 0 10.282 5.70774 0.117431 0
7000.00 1463.15 2.404412 5.976252 -32441.198232 0.912953 2.968586 K0.01Na0.52Ca0.47Al1.47Si2.53O8 56.3573 0 27.7507 0 0 0 0 9.74439 6.00604 0.14164 0
7000.00 1453.15 2.078039 5.155730 -28047.983379 0.790323 2.564229 K0.01Na0.55Ca0.44Al1.44Si2.56O8 57.0286 0 27.292 0 0 0 0 9.20932 6.29955 0.170563 0
7000.00 1443.15 1.831138 4.534734 -24723.984632 0.697569 2.258276 K0.01Na0.57Ca0.42Al1.42Si2.58O8 57.7031 0 26.8297 0 0 0 0 8.67052 6.59072 0.205957 0
7000.00 1433.15 1.634497 4.040089 -22075.759011 0.623704 2.014865 K0.01Na0.60Ca0.39Al1.39Si2.61O8 58.3859 0 26.3599 0 0 0 0 8.12363 6.88053 0.250106 0
7000.00 1423.15 1.856388 4.577378 -25083.571541 0.709134 2.286746 K0.02Na0.61Ca0.37Al1.37Si2.63O8 58.8518 0 26.0351 0 0 0 0 7.74698 7.06741 0.298719 0
7000.00 1413.15 0.984688 2.422114 -13310.847909 0.376582 1.212129 K0.02Na0.63Ca0.35Al1.35Si2.65O8 59.3481 0 25.6908 0 0 0 0 7.34709 7.27066 0.343394 0
7000.00 1403.15 0.744337 1.826236 -10066.397518 0.284963 0.915609 K0.02Na0.64Ca0.33Al1.33Si2.67O8 59.8075 0 25.3714 0 0 0 0 6.97637 7.45697 0.387825 0
7000.00 1393.15 0.584156 1.429411 -7903.846697 0.223855 0.718040 K0.02Na0.66Ca0.32Al1.32Si2.68O8 60.2362 0 25.0726 0 0 0 0 6.62982 7.62914 0.43224 0
7000.00 1383.15 0.471813 1.151318 -6386.930063 0.180967 0.579510 K0.03Na0.67Ca0.30Al1.30Si2.70O8 60.6389 0 24.7913 0 0 0 0 6.30381 7.78916 0.476794 0
7000.00 1373.15 0.389756 0.948363 -5278.782615 0.149619 0.478352 K0.03Na0.68Ca0.29Al1.29Si2.71O8 61.0192 0 24.5251 0 0 0 0 5.99543 7.93865 0.521623 0
7000.00 1363.15 0.328073 0.795924 -4445.639066 0.126039 0.402328 K0.03Na0.70Ca0.27Al1.27Si2.73O8 61.3804 0 24.2716 0 0 0 0 5.702 8.079 0.566987 0
7000.00 1353.15 0.279974 0.677176 -3795.829450 0.107640 0.343063 K0.03Na0.71Ca0.26Al1.26Si2.74O8 61.7248 0 24.0293 0 0 0 0 5.42178 8.21122 0.612918 0
7000.00 1343.15 0.303038 0.730599 -4110.960643 0.116568 0.371008 K0.04Na0.72Ca0.25Al1.25Si2.75O8 61.9921 0 23.8403 0 0 0 0 5.20351 8.3115 0.652571 0

spinel_0 thermodynamic data and composition:
Pressure Temperature mass S H V Cp formula SiO2 TiO2 Al2O3 Fe2O3 FeO MnO MgO CaO Na2O K2O P2O5
7000.00 1423.15 2.299023 4.902548 -13029.370571 0.491436 2.127459 Fe''1.51Mg0.15Fe'''0.52Al0.15Cr0.00Ti0.66O4 0 24.3828 3.61011 19.2068 49.9437 0 2.85667 0 0 0 0
7000.00 1413.15 0.707889 1.500937 -3952.867374 0.150651 0.651816 Fe''1.53Mg0.13Fe'''0.54Al0.14Cr0.00Ti0.66O4 0 24.1359 3.30296 19.8202 50.2999 0 2.44112 0 0 0 0
7000.00 1403.15 0.479642 1.011508 -2644.249500 0.101689 0.439786 Fe''1.54Mg0.11Fe'''0.56Al0.13Cr0.00Ti0.65O4 0 23.8606 3.053 20.4581 50.5338 0 2.0944 0 0 0 0
7000.00 1393.15 0.343873 0.721437 -1874.376090 0.072660 0.314141 Fe''1.55Mg0.10Fe'''0.58Al0.12Cr0.00Ti0.65O4 0 23.5669 2.84231 21.1131 50.6793 0 1.79845 0 0 0 0
7000.00 1383.15 0.257261 0.537020 -1388.012764 0.054195 0.234254 Fe''1.56Mg0.08Fe'''0.60Al0.12Cr0.00Ti0.64O4 0 23.2609 2.66001 21.7793 50.7583 0 1.54151 0 0 0 0
7000.00 1373.15 0.198794 0.412935 -1062.605706 0.041763 0.180489 Fe''1.56Mg0.07Fe'''0.62Al0.11Cr0.00Ti0.63O4 0 22.9477 2.49903 22.4512 50.7866 0 1.31558 0 0 0 0
7000.00 1363.15 0.157715 0.326023 -835.829327 0.033049 0.142815 Fe''1.57Mg0.06Fe'''0.64Al0.10Cr0.00Ti0.63O4 0 22.6326 2.3542 23.1212 50.7771 0 1.11485 0 0 0 0
7000.00 1353.15 0.127345 0.261988 -669.561248 0.026623 0.115039 Fe''1.57Mg0.05Fe'''0.66Al0.10Cr0.00Ti0.62O4 0 22.3192 2.22236 23.7841 50.7389 0 0.935358 0 0 0 0
7000.00 1343.15 0.096764 0.198110 -505.712954 0.020186 0.087194 Fe''1.58Mg0.04Fe'''0.67Al0.09Cr0.00Ti0.62O4 0 22.3007 2.05151 23.9165 50.9893 0 0.742056 0 0 0 0

whitlockite thermodynamic data and composition:
Pressure Temperature mass S H V Cp formula
7000.00 1443.15 0.015128 0.036159 -177.029050 0.004761 0.016044 Ca3(PO4)2
7000.00 1433.15 0.026851 0.063981 -314.490170 0.008451 0.028454 Ca3(PO4)2
7000.00 1423.15 0.113532 0.269681 -1330.933215 0.035731 0.120215 Ca3(PO4)2
7000.00 1413.15 0.038412 0.090955 -450.705595 0.012089 0.040640 Ca3(PO4)2
7000.00 1403.15 0.025862 0.061044 -303.723529 0.008139 0.027339 Ca3(PO4)2
7000.00 1393.15 0.018508 0.043545 -217.551258 0.005825 0.019549 Ca3(PO4)2
7000.00 1383.15 0.013853 0.032488 -162.980731 0.004360 0.014620 Ca3(PO4)2
7000.00 1373.15 0.010718 0.025054 -126.209769 0.003373 0.011302 Ca3(PO4)2
7000.00 1363.15 0.009527 0.021856 -112.749724 0.002998 0.013507 Ca3(PO4)2
7000.00 1353.15 0.007863 0.017958 -93.173177 0.002475 0.011083 Ca3(PO4)2
7000.00 1343.15 0.008320 0.018914 -98.699324 0.002618 0.011657 Ca3(PO4)2

clinopyroxene_1 thermodynamic data and composition:
Pressure Temperature mass S H V Cp structure formula SiO2 TiO2 Al2O3 Fe2O3 FeO MnO MgO CaO Na2O K2O P2O5
7000.00 1513.15 1.597252 3.845430 -19390.944286 0.486204 1.910859 cpx Na0.03Ca0.55Fe''0.32Mg0.93Fe'''0.04Ti0.01Al0.27Si1.84O6 50.0201 0.532521 6.19802 1.5297 10.5174 0 16.9284 13.8835 0.39037 0 0
7000.00 1473.15 0.002977 0.007009 -35.464188 0.000894 0.003485 cpx Na0.04Ca0.62Fe''0.38Mg0.77Fe'''0.06Ti0.03Al0.28Si1.82O6 48.514 1.098 6.42489 2.12296 12.0203 0 13.8207 15.4496 0.549531 0 0
7000.00 1463.15 0.117371 0.274805 -1391.758053 0.035107 0.136679 cpx Na0.04Ca0.64Fe''0.39Mg0.73Fe'''0.06Ti0.04Al0.29Si1.81O6 48.0993 1.28945 6.47549 2.29431 12.3592 0 13.069 15.8199 0.593309 0 0
7000.00 1453.15 0.125528 0.292219 -1481.160895 0.037407 0.145377 cpx Na0.05Ca0.65Fe''0.40Mg0.69Fe'''0.07Ti0.04Al0.29Si1.80O6 47.6647 1.50463 6.51922 2.47606 12.7011 0 12.323 16.1727 0.638534 0 0
7000.00 1443.15 0.127872 0.295939 -1500.949226 0.037957 0.147265 cpx Na0.05Ca0.67Fe''0.41Mg0.65Fe'''0.08Ti0.05Al0.29Si1.79O6 47.204 1.74777 6.55489 2.66994 13.0544 0 11.5753 16.5084 0.685383 0 0
7000.00 1433.15 0.120885 0.278103 -1410.972587 0.035736 0.138426 cpx Na0.05Ca0.69Fe''0.43Mg0.62Fe'''0.08Ti0.06Al0.30Si1.78O6 46.7222 2.01563 6.57618 2.87477 13.4321 0 10.8268 16.8188 0.733616 0 0

olivine_0 thermodynamic data and composition:
Pressure Temperature mass S H V Cp formula SiO2 TiO2 Al2O3 Fe2O3 FeO MnO MgO CaO Na2O K2O P2O5
7000.00 1343.15 0.101157 0.209503 -705.506854 0.024626 0.098696 (Ca0.01Mg0.09Fe''0.72Mn0.19Co0.00Ni0.00)2SiO4 30.3839 0 0 0 52.0351 13.5685 3.48134 0.531152 0 0 0

clinopyroxene_0 thermodynamic data and composition:
Pressure Temperature mass S H V Cp structure formula SiO2 TiO2 Al2O3 Fe2O3 FeO MnO MgO CaO Na2O K2O P2O5
7000.00 1573.15 0.338200 0.839996 -4171.235777 0.104776 0.416665 cpx Na0.01Ca0.41Fe''0.28Mg1.19Fe'''0.02Ti0.00Al0.17Si1.90O6 52.704 0.171493 4.0792 0.896438 9.20481 0 22.1745 10.5773 0.192276 0 0
7000.00 1563.15 5.570201 13.632618 -69287.412080 1.723962 6.747836 cpx Na0.02Ca0.62Fe''0.22Mg1.01Fe'''0.03Ti0.01Al0.21Si1.88O6 51.6515 0.282202 4.94337 1.1135 7.33757 0 18.5322 15.8518 0.287922 0 0
7000.00 1553.15 5.194132 12.639654 -64586.160291 1.603699 6.259890 cpx Na0.02Ca0.65Fe''0.22Mg0.95Fe'''0.03Ti0.01Al0.24Si1.87O6 51.1066 0.353507 5.47499 1.23766 7.2533 0 17.5229 16.7249 0.326186 0 0
7000.00 1543.15 4.652232 11.266177 -57772.834175 1.432620 5.583703 cpx Na0.03Ca0.67Fe''0.22Mg0.91Fe'''0.04Ti0.01Al0.26Si1.85O6 50.5959 0.428028 5.98576 1.35683 7.33909 0 16.744 17.1887 0.361704 0 0
7000.00 1533.15 4.155334 10.017536 -51512.727748 1.276084 4.968678 cpx Na0.03Ca0.69Fe''0.23Mg0.88Fe'''0.04Ti0.01Al0.28Si1.84O6 50.0914 0.508997 6.4926 1.47655 7.49621 0 16.055 17.482 0.397272 0 0
7000.00 1523.15 4.598918 11.074788 -56551.635911 1.406948 5.498485 cpx Na0.03Ca0.63Fe''0.27Mg0.90Fe'''0.04Ti0.01Al0.28Si1.84O6 49.9978 0.537155 6.45762 1.51566 8.67406 0 16.3301 16.082 0.405632 0 0
7000.00 1513.15 2.484190 6.020852 -29767.532395 0.754077 2.996530 cpx Na0.02Ca0.39Fe''0.39Mg1.04Fe'''0.04Ti0.01Al0.25Si1.86O6 50.5119 0.39094 5.71731 1.37164 12.7613 0 18.9938 9.95631 0.296893 0 0
7000.00 1503.15 3.107961 7.504260 -36847.765271 0.938834 3.736386 cpx Na0.02Ca0.36Fe''0.44Mg1.03Fe'''0.04Ti0.01Al0.24Si1.86O6 50.3103 0.420719 5.60375 1.43518 14.1004 0 18.7705 9.06538 0.29389 0 0
7000.00 1493.15 2.348261 5.643080 -27584.176085 0.706101 2.810050 cpx Na0.02Ca0.35Fe''0.47Mg1.01Fe'''0.04Ti0.01Al0.24Si1.86O6 50.0523 0.459658 5.53852 1.5158 15.1706 0 18.247 8.71358 0.302527 0 0
7000.00 1483.15 1.833982 4.385070 -21347.597898 0.548956 2.183740 cpx Na0.02Ca0.34Fe''0.50Mg0.98Fe'''0.04Ti0.01Al0.24Si1.85O6 49.7876 0.49729 5.47395 1.5998 16.1918 0 17.6529 8.48323 0.313361 0 0
7000.00 1473.15 1.468352 3.492586 -16934.046320 0.437504 1.739356 cpx Na0.02Ca0.33Fe''0.54Mg0.95Fe'''0.05Ti0.01Al0.24Si1.85O6 49.526 0.530906 5.39937 1.68446 17.2116 0 17.0298 8.29336 0.32452 0 0
7000.00 1463.15 1.107900 2.621717 -12641.375320 0.328476 1.305786 cpx Na0.02Ca0.32Fe''0.58Mg0.92Fe'''0.05Ti0.02Al0.23Si1.85O6 49.2886 0.548007 5.28578 1.75724 18.4207 0 16.4835 7.88845 0.327729 0 0
7000.00 1453.15 0.903199 2.125882 -10190.899340 0.266426 1.058895 cpx Na0.02Ca0.30Fe''0.62Mg0.90Fe'''0.05Ti0.02Al0.23Si1.86O6 49.0554 0.55713 5.15447 1.82791 19.6722 0 15.9042 7.49901 0.329791 0 0
7000.00 1443.15 0.762482 1.784614 -8501.849152 0.223736 0.888913 cpx Na0.02Ca0.29Fe''0.67Mg0.87Fe'''0.05Ti0.02Al0.22Si1.86O6 48.8251 0.558621 5.00243 1.89674 20.9758 0 15.285 7.12557 0.330767 0 0
7000.00 1433.15 0.658584 1.532361 -7251.830226 0.192197 0.763222 cpx Na0.02Ca0.28Fe''0.71Mg0.83Fe'''0.06Ti0.02Al0.22Si1.86O6 48.5991 0.552158 4.82639 1.96317 22.3338 0 14.6219 6.77272 0.330782 0 0
7000.00 1423.15 2.253228 5.142725 -26034.204936 0.663814 2.559835 cpx Na0.06Ca0.72Fe''0.46Mg0.56Fe'''0.09Ti0.05Al0.27Si1.80O6 46.8482 1.74886 6.04231 3.00816 14.4233 0 9.77771 17.4113 0.740201 0 0
7000.00 1413.15 0.803088 1.821660 -9182.188539 0.235651 0.906976 cpx Na0.06Ca0.72Fe''0.50Mg0.52Fe'''0.09Ti0.05Al0.26Si1.81O6 46.8628 1.5888 5.69173 3.11051 15.5461 0 9.08289 17.3669 0.75017 0 0
7000.00 1403.15 0.547670 1.234495 -6195.359678 0.160029 0.614791 cpx Na0.06Ca0.72Fe''0.54Mg0.48Fe'''0.09Ti0.04Al0.25Si1.82O6 46.8178 1.46078 5.39079 3.22264 16.6628 0 8.37149 17.3122 0.76151 0 0
7000.00 1393.15 0.398697 0.892952 -4461.104336 0.115988 0.444817 cpx Na0.06Ca0.72Fe''0.58Mg0.44Fe'''0.10Ti0.04Al0.24Si1.82O6 46.7303 1.35423 5.12351 3.34257 17.7848 0 7.64779 17.2432 0.77361 0 0
7000.00 1383.15 0.305224 0.679147 -3377.157091 0.088392 0.338414 cpx Na0.06Ca0.72Fe''0.62Mg0.40Fe'''0.10Ti0.04Al0.23Si1.83O6 46.6117 1.26301 4.87998 3.46855 18.9156 0 6.91576 17.1593 0.786057 0 0
7000.00 1373.15 0.243053 0.537221 -2658.670029 0.070060 0.267791 cpx Na0.06Ca0.72Fe''0.66Mg0.36Fe'''0.11Ti0.04Al0.22Si1.83O6 46.471 1.18308 4.65345 3.59838 20.0537 0 6.18068 17.0612 0.798527 0 0
7000.00 1363.15 0.200098 0.439289 -2163.536073 0.057406 0.219075 cpx Na0.06Ca0.72Fe''0.70Mg0.32Fe'''0.11Ti0.03Al0.21Si1.84O6 46.3156 1.11181 4.43911 3.72955 21.1945 0 5.44828 16.9504 0.810756 0 0
7000.00 1353.15 0.168613 0.367626 -1801.955233 0.048144 0.183446 cpx Na0.06Ca0.72Fe''0.75Mg0.28Fe'''0.12Ti0.03Al0.20Si1.84O6 46.1526 1.04723 4.23405 3.85891 22.3296 0 4.72642 16.8287 0.822547 0 0
7000.00 1343.15 0.106024 0.229322 -1121.331118 0.030126 0.114502 cpx Na0.07Ca0.74Fe''0.78Mg0.23Fe'''0.12Ti0.03Al0.20Si1.84O6 45.7786 1.11385 4.12445 4.11444 23.1178 0 3.79213 17.1076 0.851141 0 0
