Title: MORB_Gale2013_0

Solid Composition:
Pressure Temperature mass SiO2 TiO2 Al2O3 Fe2O3 FeO MnO MgO CaO Na2O K2O P2O5 
7000.00 1673.15 0.000000 ---
7000.00 1663.15 0.000000 ---
7000.00 1653.15 0.000000 ---
7000.00 1643.15 0.000000 ---
7000.00 1633.15 0.000000 ---
7000.00 1623.15 0.000000 ---
7000.00 1613.15 0.000000 ---
7000.00 1603.15 0.000000 ---
7000.00 1593.15 0.000000 ---
7000.00 1583.15 0.000000 ---
7000.00 1573.15 0.338200 52.704 0.171493 4.0792 0.896438 9.20481 0 22.1745 10.5773 0.192276 0 0
7000.00 1563.15 5.570201 51.6515 0.282202 4.94337 1.1135 7.33757 0 18.5322 15.8518 0.287922 0 0
7000.00 1553.15 5.194132 51.1066 0.353507 5.47499 1.23766 7.2533 0 17.5229 16.7249 0.326186 0 0
7000.00 1543.15 4.652232 50.5959 0.428028 5.98576 1.35683 7.33909 0 16.744 17.1887 0.361704 0 0
7000.00 1533.15 4.155334 50.0914 0.508997 6.4926 1.47655 7.49621 0 16.055 17.482 0.397272 0 0
7000.00 1523.15 9.280590 51.034 0.266182 18.6735 0.751071 4.29836 0 8.09225 14.6081 2.25617 0.0204314 0
7000.00 1513.15 10.359577 51.8502 0.175851 20.59 0.564767 4.68169 0 7.16468 12.1228 2.81893 0.0310492 0
7000.00 1503.15 8.456275 52.3849 0.154628 20.8006 0.527475 5.18235 0 6.89876 10.8846 3.12599 0.0406269 0
7000.00 1493.15 6.585240 52.7903 0.163912 20.7272 0.540525 5.40975 0 6.50679 10.4247 3.38581 0.0510417 0
7000.00 1483.15 5.277551 53.1906 0.172811 20.6112 0.55594 5.62676 0 6.13451 10.0088 3.63621 0.06322 0
7000.00 1473.15 4.334897 53.5916 0.180587 20.4692 0.572031 5.83831 0 5.77796 9.61195 3.88075 0.0775728 0
7000.00 1463.15 3.629683 53.9326 0.208966 20.2057 0.610558 6.02228 0 5.45391 9.37435 4.0978 0.0938266 0
7000.00 1453.15 3.106766 54.3323 0.222763 20.0168 0.631454 6.23227 0 5.12157 8.99345 4.33529 0.114085 0
7000.00 1443.15 2.736620 54.4199 0.237311 19.6524 0.653228 6.4543 0 4.7996 8.8582 4.53419 0.137811 0.252976
7000.00 1433.15 2.440817 54.5252 0.248811 19.2799 0.672082 6.69137 0 4.48151 8.69707 4.73314 0.167484 0.503417
7000.00 1423.15 6.522171 32.9356 9.19896 10.7703 7.8095 22.5877 0 4.38488 9.16425 2.2673 0.0850236 0.796576
7000.00 1413.15 2.534076 37.913 7.24582 12.7094 6.52249 18.978 0 3.56043 9.18092 3.06296 0.133436 0.693656
7000.00 1403.15 1.797511 39.0304 6.81196 12.9632 6.44086 18.5611 0 3.10951 8.94396 3.3199 0.160596 0.658395
7000.00 1393.15 1.345233 40.0069 6.4256 13.1326 6.38766 18.2258 0 2.72636 8.73565 3.54217 0.187696 0.629583
7000.00 1383.15 1.048151 40.8693 6.07702 13.2335 6.35562 17.9665 0 2.39224 8.55126 3.7351 0.214623 0.6048
7000.00 1373.15 0.842321 41.6439 5.7572 13.2807 6.33696 17.7725 0 2.09393 8.38735 3.90376 0.241364 0.582272
7000.00 1363.15 0.695413 42.2842 5.45282 13.2618 6.31687 17.6144 0 1.82053 8.31037 4.0447 0.267486 0.626894
7000.00 1353.15 0.583794 42.9316 5.17102 13.2315 6.30263 17.5171 0 1.56913 8.1912 4.17547 0.293941 0.61636
7000.00 1343.15 0.615303 43.4146 3.699 12.7747 4.47015 20.5569 2.23068 1.34247 6.33128 4.24009 0.321392 0.618747