Title: MORB_Gale2013-1

liquid_0 thermodynamic data and composition:
Pressure Temperature mass S H V Cp viscosity SiO2 TiO2 Al2O3 Fe2O3 FeO MnO MgO CaO Na2O K2O P2O5 Mg#
5000.00 1573.15 100.132850 275.056512 -1198127.624583 36.937329 148.873886 2.309 53.1214 1.52546 14.3233 1.32423 8.02728 0.178973 6.6016 11.9504 2.65097 0.126984 0.169391 59.4
5000.00 1568.15 100.132990 274.582881 -1198873.972219 36.925416 148.874601 2.330 53.1214 1.52546 14.3233 1.32562 8.02602 0.178973 6.60159 11.9504 2.65097 0.126983 0.169391 59.5
5000.00 1563.15 100.133134 274.107743 -1199620.397994 36.913506 148.875341 2.352 53.1213 1.52545 14.3233 1.32705 8.02471 0.178973 6.60158 11.9503 2.65097 0.126983 0.169391 59.5
5000.00 1558.15 100.133283 273.631088 -1200366.903333 36.901601 148.876107 2.373 53.1212 1.52545 14.3232 1.32854 8.02336 0.178973 6.60157 11.9503 2.65096 0.126983 0.16939 59.5
5000.00 1553.15 100.133438 273.152905 -1201113.489690 36.889698 148.876900 2.395 53.1211 1.52545 14.3232 1.33008 8.02196 0.178972 6.60156 11.9503 2.65096 0.126983 0.16939 59.5
5000.00 1548.15 100.133598 272.673185 -1201860.158550 36.877800 148.877719 2.417 53.121 1.52545 14.3232 1.33167 8.02052 0.178972 6.60155 11.9503 2.65095 0.126983 0.16939 59.5
5000.00 1543.15 100.133763 272.191917 -1202606.911429 36.865905 148.878566 2.439 53.1209 1.52544 14.3232 1.33331 8.01903 0.178972 6.60154 11.9503 2.65095 0.126982 0.169389 59.5
5000.00 1538.15 100.133933 271.709091 -1203353.749874 36.854014 148.879440 2.461 53.1209 1.52544 14.3232 1.33501 8.01748 0.178972 6.60153 11.9502 2.65094 0.126982 0.169389 59.5
5000.00 1533.15 97.425740 263.916341 -1171228.460218 35.872652 144.610623 2.516 53.1612 1.55971 14.5998 1.33638 8.06652 0.183947 6.30998 11.7601 2.71772 0.130512 0.174098 58.2
5000.00 1528.15 94.791133 256.348988 -1140057.767360 34.919828 140.468934 2.573 53.2134 1.59344 14.8737 1.33649 8.10874 0.189059 6.02459 11.5617 2.78572 0.134139 0.178937 57.0
5000.00 1523.15 92.278252 249.135168 -1110424.893735 34.012699 136.529389 2.631 53.277 1.62577 15.139 1.33534 8.14245 0.194207 5.75091 11.3601 2.85355 0.137792 0.183809 55.7
5000.00 1518.15 89.877162 242.246249 -1082207.218612 33.147612 132.775486 2.690 53.352 1.65662 15.396 1.33294 8.16724 0.199396 5.48829 11.1561 2.92123 0.141473 0.18872 54.5
5000.00 1513.15 87.578993 235.656697 -1055294.913552 32.321294 129.192521 2.751 53.4386 1.68588 15.6446 1.32929 8.18274 0.204628 5.23624 10.9503 2.98879 0.145186 0.193672 53.3
5000.00 1508.15 82.667453 222.020966 -994587.319500 30.502812 121.673070 2.799 53.5894 1.76819 15.5844 1.35294 8.3841 0.216786 5.02525 10.6663 3.05441 0.153081 0.205179 51.7
5000.00 1503.15 76.762176 205.735468 -921053.351285 28.303607 112.682458 2.841 53.7571 1.88404 15.3618 1.39012 8.67461 0.233463 4.83041 10.3754 3.10859 0.163513 0.220963 49.8
5000.00 1498.15 71.265862 190.594993 -852840.205570 26.256269 104.342027 2.881 53.9117 2.00763 15.131 1.42609 8.95228 0.251469 4.63501 10.1224 3.14994 0.174465 0.238005 48.0
5000.00 1493.15 66.151766 176.525578 -789606.566706 24.351423 96.608406 2.920 54.0543 2.13939 14.8941 1.46045 9.2142 0.270909 4.44079 9.90513 3.17835 0.185935 0.256404 46.2
5000.00 1488.15 61.401534 163.475648 -731112.190198 22.582725 89.450762 2.957 54.1867 2.27942 14.6538 1.4927 9.45724 0.291868 4.24971 9.72053 3.19391 0.197904 0.276241 44.5
5000.00 1483.15 56.998059 151.396695 -677128.769376 20.944197 82.840001 2.995 54.3105 2.42772 14.4133 1.52234 9.67824 0.314416 4.06358 9.56506 3.19693 0.210344 0.297582 42.8
5000.00 1478.15 52.922246 140.237622 -627395.968969 19.429017 74.341572 3.032 54.428 2.58424 14.1754 1.54887 9.87412 0.338631 3.88379 9.4353 3.18786 0.223232 0.3205 41.2
5000.00 1473.15 49.151657 129.936670 -581612.413184 18.029011 68.871605 3.069 54.5414 2.74906 13.9428 1.57183 10.042 0.364609 3.71122 9.32824 3.16721 0.236555 0.345087 39.7
5000.00 1468.15 45.664903 120.428090 -539498.939209 16.736311 63.834593 3.106 54.653 2.92222 13.7175 1.5908 10.179 0.392449 3.54635 9.24136 3.13556 0.250306 0.371436 38.3
5000.00 1463.15 42.441989 111.655333 -500784.809524 15.543492 59.197760 3.144 54.7653 3.10377 13.5012 1.6054 10.2825 0.42225 3.38941 9.17254 3.09359 0.264481 0.399642 37.0
5000.00 1458.15 39.464738 103.566765 -465221.065626 14.443727 54.931315 3.184 54.8805 3.29366 13.2953 1.61528 10.3499 0.454105 3.24041 9.11997 3.04198 0.279079 0.429791 35.8
5000.00 1453.15 36.668156 95.987927 -432029.721514 13.414045 50.939008 3.226 55.0147 3.49007 13.0893 1.62013 10.3691 0.488738 3.09187 9.09637 2.98272 0.294389 0.46257 34.7
5000.00 1448.15 34.093439 89.024411 -401653.915158 12.468503 47.276748 3.272 55.161 3.69216 12.8968 1.61936 10.346 0.525647 2.9513 9.0842 2.91585 0.310149 0.497504 33.7
5000.00 1443.15 31.728832 82.641696 -373919.966052 11.602432 43.924759 3.320 55.3216 3.89895 12.7184 1.61282 10.2802 0.564821 2.81857 9.08138 2.84232 0.326338 0.53458 32.8
5000.00 1438.15 29.562246 76.804554 -348652.874629 10.811068 40.863094 3.371 55.4987 4.10902 12.5543 1.60049 10.1717 0.606217 2.69324 9.08641 2.76321 0.342937 0.573759 32.1
5000.00 1433.15 27.582994 71.481598 -325696.173494 10.090145 38.074092 3.426 55.6941 4.32056 12.4042 1.5825 10.022 0.649716 2.57488 9.09755 2.67971 0.359907 0.61493 31.4
5000.00 1428.15 25.780925 66.643036 -304902.297506 9.435595 35.541170 3.485 55.9092 4.53137 12.2675 1.5591 9.83348 0.695131 2.46309 9.11288 2.5931 0.377192 0.657913 30.9
5000.00 1423.15 24.145777 62.258982 -286125.474096 8.843325 33.247901 3.547 56.1449 4.73902 12.1435 1.53066 9.60998 0.742205 2.35745 9.13036 2.50467 0.394722 0.702467 30.4
5000.00 1418.15 22.666783 58.298478 -269217.616310 8.309087 31.177476 3.613 56.4014 4.94094 12.0314 1.49771 9.35602 0.790634 2.25759 9.14791 2.41569 0.412416 0.748302 30.1
5000.00 1413.15 21.332575 54.729267 -254027.414376 7.828452 29.312557 3.683 56.6786 5.13457 11.9298 1.46082 9.07675 0.840083 2.16312 9.16358 2.32735 0.430186 0.795104 29.8
5000.00 1408.15 20.131313 51.518152 -240401.835034 7.396862 27.635437 3.756 56.9759 5.3175 11.8378 1.42065 8.77754 0.890211 2.07366 9.17558 2.24066 0.447944 0.842548 29.6
5000.00 1403.15 19.050961 48.631737 -228189.116510 7.009732 26.128407 3.832 57.2925 5.48756 11.754 1.37783 8.46366 0.940694 1.98886 9.18243 2.15648 0.465608 0.890328 29.5
5000.00 1398.15 18.050923 45.967080 -216914.952961 6.652817 24.726399 3.921 57.6874 5.64655 11.6898 1.3313 8.14237 0.992809 1.90533 9.14131 2.0781 0.483711 0.90125 29.4
5000.00 1393.15 17.154789 43.579200 -206840.240045 6.333806 23.470717 4.013 58.098 5.78824 11.6309 1.2835 7.81519 1.04467 1.82625 9.09468 2.00321 0.501542 0.913866 29.4
5000.00 1388.15 16.349262 41.432472 -197806.502461 6.047804 22.341928 4.107 58.526 5.91169 11.5766 1.23489 7.48618 1.09614 1.75115 9.0399 1.93224 0.519076 0.926108 29.4
5000.00 1383.15 15.623723 39.498240 -189687.705780 5.790878 21.324903 4.204 58.9702 6.01619 11.5261 1.18596 7.1586 1.14705 1.67976 8.97679 1.86527 0.536268 0.937876 29.5
5000.00 1378.15 14.765888 37.242449 -180222.762797 5.495551 20.118650 4.353 59.8035 5.90164 11.4985 1.11904 6.72171 1.20282 1.59466 8.83868 1.82195 0.558343 0.939187 29.7
5000.00 1373.15 13.911457 35.005338 -170803.199721 5.203547 18.916155 4.525 60.8094 5.67473 11.4752 1.0466 6.25674 1.25796 1.50824 8.66488 1.7887 0.582165 0.935358 30.1
5000.00 1368.15 13.174777 33.072500 -162635.600569 4.950504 17.879096 4.691 61.7505 5.46645 11.4447 0.980498 5.83829 1.30867 1.43075 8.49442 1.75298 0.604375 0.928404 30.4
5000.00 1363.15 12.534037 31.387584 -155495.192521 4.729382 16.977252 4.850 62.6295 5.27367 11.4077 0.920122 5.45977 1.35515 1.3608 8.33057 1.71544 0.625094 0.922158 30.8
5000.00 1358.15 11.970781 29.903173 -149188.680416 4.534172 16.184552 5.003 63.4553 5.09357 11.3658 0.864769 5.11561 1.39774 1.29714 8.1723 1.67678 0.644495 0.916553 31.1
5000.00 1353.15 11.471038 28.583332 -143568.962328 4.360297 15.481273 5.152 64.2347 4.9241 11.3201 0.813848 4.80125 1.43675 1.23877 8.01876 1.6375 0.662725 0.911457 31.5
5000.00 1348.15 11.024081 27.400430 -138522.558130 4.204228 14.852281 5.296 64.9734 4.76372 11.2717 0.766862 4.51296 1.47245 1.18492 7.86936 1.59795 0.679907 0.906777 31.9
5000.00 1343.15 10.621526 26.332853 -133960.436108 4.063192 14.285762 5.437 65.6761 4.61123 11.221 0.723391 4.24762 1.50506 1.135 7.72366 1.55839 0.696146 0.902449 32.3
5000.00 1338.15 10.256724 25.363432 -129811.694712 3.934983 13.772348 5.575 66.3463 4.46574 11.1687 0.683075 4.00263 1.53479 1.08851 7.58132 1.51901 0.711529 0.898429 32.6
5000.00 1333.15 9.924328 24.478348 -126019.114278 3.817819 13.304511 5.711 66.9873 4.3265 11.1151 0.645604 3.77579 1.56183 1.04505 7.44211 1.47994 0.726134 0.894686 33.0
5000.00 1328.15 9.619985 23.666341 -122535.963152 3.710247 12.876125 5.844 67.6016 4.19293 11.0606 0.610707 3.5652 1.58636 1.00428 7.30582 1.44127 0.740027 0.891198 33.4
5000.00 1323.15 9.340113 22.918137 -119323.663603 3.611064 12.482149 5.975 68.1916 4.06454 11.0054 0.578149 3.36926 1.60851 0.965938 7.17231 1.40309 0.753266 0.88795 33.8
5000.00 1318.15 9.081738 22.226020 -116350.058584 3.519272 12.118398 6.104 68.7591 3.94093 10.9497 0.547724 3.18656 1.62842 0.929776 7.04147 1.36545 0.765902 0.884934 34.2
5000.00 1313.15 8.842363 21.583517 -113588.105864 3.434027 11.781360 6.232 69.3058 3.82175 10.8937 0.519249 3.01588 1.64624 0.895594 6.91319 1.32838 0.777981 0.882144 34.6
5000.00 1308.15 7.648886 18.624043 -98363.463174 2.972770 10.179520 6.287 69.5226 3.72692 10.9038 0.496136 2.87729 1.81129 0.868352 6.79545 1.27375 0.833642 0.890705 35.0
5000.00 1303.15 5.527712 13.428630 -70979.754750 2.145003 7.352218 6.218 69.2183 3.66606 11.0108 0.48051 2.78284 2.22981 0.851326 6.69796 1.19492 0.948672 0.91879 35.3
5000.00 1298.15 4.012715 9.725537 -51438.395505 1.554333 5.334291 6.140 68.8895 3.6063 11.1056 0.466537 2.69797 2.66861 0.836301 6.61076 1.12187 1.04716 0.949353 35.6
5000.00 1293.15 2.879576 6.962600 -36841.820106 1.113153 3.826107 6.051 68.5327 3.54857 11.1897 0.454129 2.62227 3.12906 0.823239 6.53465 1.05346 1.1294 0.982804 35.9
5000.00 1288.15 2.004307 4.834515 -25588.123650 0.773037 2.662016 5.953 68.1443 3.49369 11.2641 0.443215 2.55532 3.61288 0.812116 6.47024 0.988887 1.19571 1.01963 36.2
5000.00 1283.15 1.312989 3.159173 -16722.024434 0.505113 1.743235 5.845 67.7201 3.44252 11.3293 0.433735 2.49674 4.12208 0.802922 6.41812 0.92753 1.24649 1.0604 36.4
5000.00 1148.15 0.391063 0.734006 -4823.188130 0.134198 0.716700 -2.550 1.75128 0.248994 0.00717375 0.0136405 0.00814932 2.1116 1.05294 51.4274 6.75346e-006 0.00569404 43.3731 99.6
5000.00 1143.15 0.390601 0.729824 -4822.392983 0.134066 0.716056 -2.553 1.7163 0.237962 0.00695143 0.0133095 0.00786504 2.06201 1.03847 51.4872 6.45438e-006 0.00556324 43.4244 99.6
5000.00 1138.15 0.390158 0.725678 -4821.783533 0.133939 0.715439 -2.556 1.68271 0.227506 0.00673773 0.0129887 0.00759194 2.01402 1.02473 51.5446 6.16508e-006 0.0054341 43.4737 99.6
5000.00 1133.15 0.389742 0.721582 -4821.435522 0.133820 0.714861 -2.559 1.65125 0.217312 0.00653409 0.012668 0.00732426 1.96844 1.01229 51.5987 5.85477e-006 0.00530676 43.5201 99.6
5000.00 1128.15 0.389398 0.717638 -4821.841043 0.133722 0.714394 -2.561 1.62657 0.205752 0.00635228 0.0122904 0.00703195 1.93029 1.0045 51.6434 5.35537e-006 0.0051827 43.5586 99.6
5000.00 1123.15 0.389064 0.713708 -4822.340728 0.133628 0.713941 -2.563 1.60254 0.194786 0.00617727 0.011931 0.00675475 1.89298 0.996922 51.6869 4.89646e-006 0.00506213 43.596 99.6
5000.00 1118.15 0.388740 0.709789 -4822.930792 0.133536 0.713502 -2.565 1.57912 0.184384 0.00600868 0.0115888 0.00649174 1.8565 0.989552 51.7291 4.47484e-006 0.00494488 43.6323 99.6
5000.00 1113.15 0.388426 0.705882 -4823.607704 0.133447 0.713076 -2.567 1.5563 0.174514 0.00584614 0.0112629 0.00624205 1.8208 0.982386 51.7702 4.08761e-006 0.0048308 43.6676 99.6
5000.00 1108.15 0.388120 0.701985 -4824.368158 0.133361 0.712662 -2.568 1.53405 0.16515 0.00568933 0.0109526 0.0060049 1.78586 0.975421 51.8102 3.73206e-006 0.00471977 43.7019 99.7
5000.00 1103.15 0.387824 0.698096 -4825.209063 0.133277 0.712260 -2.570 1.51237 0.156264 0.00553793 0.0106569 0.00577955 1.75166 0.968656 51.8491 3.4057e-006 0.00461164 43.7353 99.7
5000.00 1098.15 0.387536 0.694215 -4826.127524 0.133195 0.711870 -2.572 1.49123 0.147831 0.00539166 0.0103751 0.00556533 1.71816 0.962089 51.887 3.10625e-006 0.0045063 43.7678 99.7
5000.00 1093.15 0.387256 0.690341 -4827.120824 0.133116 0.711492 -2.574 1.47061 0.13983 0.00525025 0.0101066 0.00536159 1.68536 0.955718 51.9239 2.83159e-006 0.00440364 43.7994 99.7
5000.00 1088.15 0.386984 0.686472 -4828.186418 0.133039 0.711124 -2.575 1.45051 0.132236 0.00511346 0.00985077 0.00516776 1.65322 0.949541 51.9598 2.57976e-006 0.00430355 43.8302 99.7
5000.00 1083.15 0.386720 0.682609 -4829.321918 0.132965 0.710767 -2.577 1.43091 0.125031 0.00498106 0.00960694 0.00498327 1.62173 0.943557 51.9948 2.34896e-006 0.00420592 43.8602 99.7
5000.00 1078.15 0.386463 0.678750 -4830.525080 0.132892 0.710420 -2.578 1.41179 0.118194 0.00485284 0.00937459 0.00480763 1.59086 0.937765 52.0289 2.13753e-006 0.00411067 43.8894 99.7
5000.00 1073.15 0.386213 0.674895 -4831.793798 0.132821 0.710083 -2.580 1.39315 0.111706 0.00472859 0.0091532 0.00464035 1.5606 0.932163 52.062 1.94393e-006 0.00401771 43.9178 99.7
5000.00 1068.15 0.385969 0.671042 -4833.126093 0.132753 0.709756 -2.581 1.37497 0.10555 0.00460814 0.0089423 0.00448099 1.53093 0.92675 52.0944 1.76674e-006 0.00392695 43.9455 99.7
5000.00 1063.15 0.385733 0.667191 -4834.520107 0.132686 0.709437 -2.582 1.35723 0.0997106 0.0044913 0.00874142 0.00432913 1.50183 0.921527 52.1259 1.60466e-006 0.00383832 43.9724 99.7
5000.00 1058.15 0.385503 0.663342 -4835.974092 0.132621 0.709128 -2.584 1.33994 0.0941707 0.00437791 0.00855016 0.00418438 1.47329 0.916492 52.1566 1.45646e-006 0.00375173 43.9987 99.7
5000.00 1053.15 0.385279 0.659493 -4837.486409 0.132558 0.708828 -2.585 1.32308 0.088916 0.00426782 0.00836811 0.00404637 1.44529 0.911644 52.1865 1.32104e-006 0.00366713 44.0242 99.8
5000.00 1048.15 0.385061 0.655644 -4839.055516 0.132497 0.708536 -2.586 1.30664 0.0839323 0.00416089 0.00819492 0.00391476 1.41782 0.906984 52.2156 1.19736e-006 0.00358444 44.0492 99.8
5000.00 1043.15 0.384849 0.651794 -4840.679967 0.132437 0.708252 -2.588 1.29061 0.0792062 0.00405697 0.00803023 0.00378924 1.39085 0.902512 52.244 1.08446e-006 0.0035036 44.0734 99.8
5000.00 1038.15 0.384643 0.647943 -4842.358406 0.132379 0.707977 -2.589 1.27499 0.0747253 0.00395596 0.00787374 0.00366949 1.36439 0.898227 52.2717 9.81471e-007 0.00342456 44.0971 99.8
5000.00 1033.15 0.384442 0.644090 -4844.089558 0.132322 0.707709 -2.590 1.25976 0.0704773 0.00385771 0.00772515 0.00355524 1.33841 0.894129 52.2986 8.87576e-007 0.00334725 44.1201 99.8
5000.00 1028.15 0.384246 0.640235 -4845.872232 0.132267 0.707449 -2.591 1.24492 0.066451 0.00376213 0.00758417 0.00344621 1.31291 0.89022 52.3249 8.02027e-007 0.00327162 44.1425 99.8

clinopyroxene_2 thermodynamic data and composition:
Pressure Temperature mass S H V Cp structure formula SiO2 TiO2 Al2O3 Fe2O3 FeO MnO MgO CaO Na2O K2O P2O5
5000.00 1148.15 1.863927 3.684721 -23354.595696 0.526093 2.034358 cpx Na0.03Ca0.94Fe''0.25Mg0.36Fe'''0.04Ti0.39Al0.76Si1.23O6 31.6907 13.3456 16.6686 1.26483 7.73254 0 6.2565 22.5971 0.444134 0 0
5000.00 1143.15 4.283178 8.445257 -53676.719917 1.208409 4.671604 cpx Na0.03Ca0.94Fe''0.25Mg0.36Fe'''0.04Ti0.39Al0.76Si1.23O6 31.6576 13.3783 16.688 1.25382 7.76417 0 6.21418 22.5908 0.453133 0 0
5000.00 1138.15 6.579251 12.938670 -82467.850668 1.855422 7.171035 cpx Na0.03Ca0.94Fe''0.25Mg0.36Fe'''0.04Ti0.39Al0.76Si1.23O6 31.6253 13.4114 16.7076 1.24222 7.79312 0 6.17379 22.5843 0.462267 0 0
5000.00 1133.15 8.499165 16.670454 -106563.425346 2.395900 9.257539 cpx Na0.04Ca0.94Fe''0.25Mg0.35Fe'''0.04Ti0.39Al0.76Si1.23O6 31.5884 13.447 16.7334 1.22876 7.81451 0 6.13714 22.5806 0.4702 0 0
5000.00 1128.15 8.525105 16.676221 -106962.480955 2.402398 9.280420 cpx Na0.04Ca0.94Fe''0.25Mg0.35Fe'''0.04Ti0.39Al0.77Si1.22O6 31.5155 13.4982 16.8011 1.20593 7.7988 0 6.1152 22.5966 0.46871 0 0
5000.00 1123.15 8.550146 16.679830 -107350.296651 2.408642 9.302255 cpx Na0.04Ca0.94Fe''0.25Mg0.35Fe'''0.03Ti0.40Al0.77Si1.22O6 31.4433 13.5488 16.8681 1.18334 7.78336 0 6.09355 22.6124 0.467203 0 0
5000.00 1118.15 8.574322 16.681359 -107727.279618 2.414644 9.323081 cpx Na0.04Ca0.94Fe''0.25Mg0.35Fe'''0.03Ti0.40Al0.77Si1.22O6 31.3719 13.5989 16.9343 1.161 7.76819 0 6.07217 22.6279 0.46568 0 0
5000.00 1113.15 8.597665 16.680882 -108093.815951 2.420412 9.342933 cpx Na0.03Ca0.94Fe''0.25Mg0.35Fe'''0.03Ti0.40Al0.78Si1.21O6 31.3012 13.6483 16.9998 1.13891 7.75329 0 6.05105 22.6433 0.46414 0 0
5000.00 1108.15 8.620206 16.678472 -108450.272122 2.425956 9.361846 cpx Na0.03Ca0.94Fe''0.25Mg0.35Fe'''0.03Ti0.40Al0.78Si1.21O6 31.2312 13.6973 17.0646 1.11707 7.73865 0 6.0302 22.6584 0.462583 0 0
5000.00 1103.15 8.641976 16.674193 -108796.996322 2.431283 9.379853 cpx Na0.03Ca0.94Fe''0.25Mg0.35Fe'''0.03Ti0.40Al0.78Si1.21O6 31.162 13.7457 17.1287 1.09549 7.72426 0 6.00961 22.6733 0.461011 0 0
5000.00 1098.15 8.663001 16.668111 -109134.319695 2.436401 9.396983 cpx Na0.03Ca0.94Fe''0.25Mg0.35Fe'''0.03Ti0.40Al0.79Si1.21O6 31.0934 13.7935 17.1921 1.07415 7.71012 0 5.98927 22.688 0.459422 0 0
5000.00 1093.15 8.683309 16.660285 -109462.557474 2.441320 9.413265 cpx Na0.03Ca0.94Fe''0.25Mg0.35Fe'''0.03Ti0.40Al0.79Si1.20O6 31.0256 13.8409 17.2548 1.05307 7.69622 0 5.96917 22.7025 0.457817 0 0
5000.00 1088.15 8.702924 16.650773 -109782.010034 2.446044 9.428728 cpx Na0.03Ca0.94Fe''0.25Mg0.34Fe'''0.03Ti0.41Al0.79Si1.20O6 30.9584 13.8877 17.3168 1.03225 7.68256 0 5.94932 22.7168 0.456196 0 0
5000.00 1083.15 8.721872 16.639630 -110092.963859 2.450583 9.443398 cpx Na0.03Ca0.94Fe''0.25Mg0.34Fe'''0.03Ti0.41Al0.79Si1.20O6 30.8919 13.934 17.3782 1.01168 7.66914 0 5.9297 22.7309 0.454559 0 0
5000.00 1078.15 8.740175 16.626908 -110395.692440 2.454941 9.457300 cpx Na0.03Ca0.95Fe''0.25Mg0.34Fe'''0.03Ti0.41Al0.80Si1.20O6 30.826 13.9798 17.4389 0.991366 7.65595 0 5.91032 22.7448 0.452906 0 0
5000.00 1073.15 8.757855 16.612656 -110690.457109 2.459126 9.470457 cpx Na0.03Ca0.95Fe''0.25Mg0.34Fe'''0.03Ti0.41Al0.80Si1.19O6 30.7607 14.0251 17.4989 0.97131 7.64299 0 5.89117 22.7585 0.451236 0 0
5000.00 1068.15 8.774933 16.596922 -110977.507816 2.463143 9.482893 cpx Na0.03Ca0.95Fe''0.25Mg0.34Fe'''0.03Ti0.41Al0.80Si1.19O6 30.6961 14.07 17.5583 0.951511 7.63025 0 5.87224 22.7721 0.449549 0 0
5000.00 1063.15 8.791429 16.579751 -111257.083847 2.466998 9.494629 cpx Na0.03Ca0.95Fe''0.25Mg0.34Fe'''0.03Ti0.41Al0.81Si1.19O6 30.6321 14.1143 17.6171 0.931969 7.61773 0 5.85354 22.7854 0.447846 0 0
5000.00 1058.15 8.807363 16.561186 -111529.414504 2.470697 9.505686 cpx Na0.03Ca0.95Fe''0.25Mg0.34Fe'''0.03Ti0.41Al0.81Si1.19O6 30.5687 14.1582 17.6752 0.912685 7.60543 0 5.83505 22.7986 0.446126 0 0
5000.00 1053.15 8.822753 16.541269 -111794.719737 2.474245 9.516083 cpx Na0.03Ca0.95Fe''0.25Mg0.34Fe'''0.03Ti0.41Al0.81Si1.18O6 30.5059 14.2017 17.7327 0.893659 7.59334 0 5.81678 22.8116 0.444388 0 0
5000.00 1048.15 8.837616 16.520039 -112053.210744 2.477647 9.525841 cpx Na0.03Ca0.95Fe''0.25Mg0.34Fe'''0.03Ti0.42Al0.81Si1.18O6 30.4436 14.2446 17.7896 0.874891 7.58145 0 5.79872 22.8245 0.442633 0 0
5000.00 1043.15 8.851970 16.497534 -112305.090535 2.480907 9.534976 cpx Na0.03Ca0.95Fe''0.25Mg0.33Fe'''0.03Ti0.42Al0.82Si1.18O6 30.382 14.2872 17.8459 0.856379 7.56977 0 5.78087 22.8371 0.440859 0 0
5000.00 1038.15 8.865831 16.473790 -112550.554476 2.484031 9.543507 cpx Na0.03Ca0.95Fe''0.25Mg0.33Fe'''0.02Ti0.42Al0.82Si1.18O6 30.3208 14.3293 17.9016 0.838125 7.55828 0 5.76322 22.8496 0.439067 0 0
5000.00 1033.15 8.879214 16.448842 -112789.790803 2.487023 9.551449 cpx Na0.03Ca0.95Fe''0.24Mg0.33Fe'''0.02Ti0.42Al0.82Si1.17O6 30.2603 14.3709 17.9567 0.820127 7.547 0 5.74577 22.862 0.437255 0 0
5000.00 1028.15 8.892135 16.422723 -113022.981129 2.489888 9.558820 cpx Na0.03Ca0.95Fe''0.24Mg0.33Fe'''0.02Ti0.42Al0.82Si1.17O6 30.2002 14.4122 18.0112 0.802385 7.5359 0 5.72852 22.8742 0.435422 0 0

clinopyroxene_0 thermodynamic data and composition:
Pressure Temperature mass S H V Cp structure formula SiO2 TiO2 Al2O3 Fe2O3 FeO MnO MgO CaO Na2O K2O P2O5
5000.00 1533.15 2.707869 6.519548 -34074.464069 0.839623 3.249532 cpx Na0.02Ca0.74Fe''0.19Mg0.93Fe'''0.03Ti0.01Al0.19Si1.89O6 51.6772 0.292633 4.37041 1.16644 6.36161 0 17.0919 18.7912 0.24862 0 0
5000.00 1528.15 5.342298 12.836368 -67155.953931 1.654404 6.401203 cpx Na0.02Ca0.74Fe''0.20Mg0.92Fe'''0.03Ti0.01Al0.20Si1.89O6 51.4832 0.31914 4.55533 1.21496 6.48355 0 16.839 18.8451 0.25973 0 0
5000.00 1523.15 7.855147 18.836695 -98639.522603 2.429518 9.398162 cpx Na0.02Ca0.74Fe''0.20Mg0.91Fe'''0.03Ti0.01Al0.20Si1.88O6 51.2899 0.346903 4.73946 1.2633 6.61106 0 16.5946 18.8838 0.271028 0 0
5000.00 1518.15 10.256342 24.546419 -128652.145893 3.168155 12.253144 cpx Na0.02Ca0.74Fe''0.21Mg0.89Fe'''0.04Ti0.01Al0.21Si1.88O6 51.0971 0.375942 4.92273 1.31144 6.74308 0 16.3572 18.91 0.28253 0 0
5000.00 1513.15 12.554744 29.988540 -157307.666621 3.873169 14.977465 cpx Na0.02Ca0.74Fe''0.21Mg0.88Fe'''0.04Ti0.01Al0.22Si1.87O6 50.9049 0.406261 5.10504 1.35933 6.8788 0 16.1256 18.9258 0.294248 0 0
5000.00 1508.15 15.288524 36.466938 -191095.960376 4.709681 18.222517 cpx Na0.02Ca0.74Fe''0.22Mg0.88Fe'''0.04Ti0.01Al0.22Si1.87O6 50.8208 0.430166 5.12199 1.38818 7.21333 0 16.0652 18.6581 0.302221 0 0
5000.00 1503.15 18.052860 43.008767 -224918.871437 5.552314 21.502088 cpx Na0.02Ca0.72Fe''0.24Mg0.88Fe'''0.04Ti0.01Al0.22Si1.87O6 50.785 0.450105 5.05765 1.40809 7.66282 0 16.0775 18.2512 0.307615 0 0
5000.00 1498.15 20.579628 48.964904 -255535.651529 6.318862 24.491141 cpx Na0.02Ca0.70Fe''0.25Mg0.88Fe'''0.04Ti0.01Al0.22Si1.87O6 50.7407 0.470011 4.99685 1.429 8.12482 0 16.0702 17.8561 0.312372 0 0
5000.00 1493.15 22.897219 54.402472 -283328.428619 7.018348 27.222665 cpx Na0.02Ca0.69Fe''0.27Mg0.88Fe'''0.04Ti0.01Al0.21Si1.87O6 50.6875 0.490205 4.93999 1.45096 8.59262 0 16.04 17.4822 0.316602 0 0
5000.00 1488.15 25.028804 59.376350 -308617.544978 7.658212 29.723735 cpx Na0.02Ca0.68Fe''0.28Mg0.88Fe'''0.04Ti0.01Al0.21Si1.87O6 50.6257 0.510954 4.88734 1.47386 9.05976 0 15.9855 17.1365 0.320422 0 0
5000.00 1483.15 26.994679 63.935042 -331687.991292 8.245024 32.018421 cpx Na0.02Ca0.67Fe''0.29Mg0.88Fe'''0.04Ti0.01Al0.21Si1.87O6 50.5562 0.532443 4.83891 1.49745 9.52103 0 15.9076 16.8224 0.323927 0 0
5000.00 1478.15 28.813178 68.122905 -352798.331331 8.784738 34.128862 cpx Na0.02Ca0.66Fe''0.31Mg0.87Fe'''0.04Ti0.02Al0.21Si1.87O6 50.4803 0.554767 4.79453 1.52137 9.97277 0 15.8087 16.5404 0.32718 0 0
5000.00 1473.15 30.501025 71.980870 -372183.413566 9.282789 36.075589 cpx Na0.02Ca0.65Fe''0.32Mg0.87Fe'''0.04Ti0.02Al0.21Si1.87O6 50.3992 0.57794 4.75378 1.54517 10.4128 0 15.6921 16.2888 0.33021 0 0
5000.00 1468.15 32.072234 75.543675 -390042.026089 9.743760 37.876121 cpx Na0.02Ca0.64Fe''0.34Mg0.86Fe'''0.04Ti0.02Al0.21Si1.87O6 50.3144 0.601934 4.71623 1.56839 10.8398 0 15.5615 16.0647 0.333023 0 0
5000.00 1463.15 33.538256 78.840105 -406539.338352 10.171434 39.545065 cpx Na0.02Ca0.63Fe''0.35Mg0.86Fe'''0.04Ti0.02Al0.21Si1.87O6 50.2273 0.626693 4.68146 1.59056 11.2525 0 15.4207 15.8651 0.335609 0 0
5000.00 1458.15 34.908139 81.893320 -421809.634127 10.568849 41.094261 cpx Na0.02Ca0.63Fe''0.36Mg0.85Fe'''0.05Ti0.02Al0.20Si1.87O6 50.1391 0.652139 4.64907 1.61123 11.6501 0 15.2731 15.6873 0.33795 0 0
5000.00 1453.15 34.688641 81.165982 -418392.516751 10.487911 40.747661 cpx Na0.03Ca0.63Fe''0.37Mg0.83Fe'''0.05Ti0.02Al0.20Si1.87O6 50.0097 0.699547 4.65152 1.64703 11.8328 0 14.99 15.8239 0.345431 0 0
5000.00 1448.15 34.433076 80.356391 -414639.191124 10.396978 40.361386 cpx Na0.03Ca0.64Fe''0.37Mg0.82Fe'''0.05Ti0.02Al0.21Si1.87O6 49.8796 0.750649 4.65728 1.6814 11.99 0 14.7105 15.9777 0.352866 0 0
5000.00 1443.15 34.215146 79.639354 -411415.138761 10.318200 40.023392 cpx Na0.03Ca0.65Fe''0.38Mg0.81Fe'''0.05Ti0.02Al0.21Si1.86O6 49.7514 0.804391 4.66464 1.71306 12.1312 0 14.4428 16.1326 0.35994 0 0
5000.00 1438.15 34.029050 79.000958 -408651.298348 10.249820 39.726872 cpx Na0.03Ca0.65Fe''0.38Mg0.79Fe'''0.05Ti0.02Al0.21Si1.86O6 49.6257 0.860709 4.67358 1.74169 12.2558 0 14.188 16.2879 0.366621 0 0
5000.00 1433.15 33.869292 78.428095 -406282.044156 10.190173 39.465382 cpx Na0.03Ca0.66Fe''0.39Mg0.78Fe'''0.05Ti0.03Al0.21Si1.86O6 49.5029 0.919496 4.68414 1.76698 12.3634 0 13.947 16.4432 0.372889 0 0
5000.00 1428.15 33.730943 77.909042 -404247.852648 10.137761 39.233121 cpx Na0.03Ca0.67Fe''0.39Mg0.77Fe'''0.05Ti0.03Al0.21Si1.86O6 49.3833 0.980611 4.69638 1.78877 12.454 0 13.7203 16.5979 0.37873 0 0
5000.00 1423.15 33.609779 77.433757 -402496.646215 10.091292 39.025082 cpx Na0.03Ca0.68Fe''0.39Mg0.76Fe'''0.05Ti0.03Al0.21Si1.85O6 49.267 1.04389 4.71037 1.80697 12.5276 0 13.5082 16.7518 0.384149 0 0
5000.00 1418.15 33.502329 76.993966 -400984.181902 10.049689 38.837084 cpx Na0.03Ca0.68Fe''0.40Mg0.75Fe'''0.05Ti0.03Al0.21Si1.85O6 49.1541 1.10917 4.72621 1.82161 12.5847 0 13.3106 16.9045 0.38916 0 0
5000.00 1413.15 33.405850 76.583079 -399673.795261 10.012087 38.665746 cpx Na0.03Ca0.69Fe''0.40Mg0.74Fe'''0.05Ti0.03Al0.21Si1.85O6 49.0444 1.17627 4.74399 1.83282 12.6262 0 13.1269 17.0556 0.393789 0 0
5000.00 1408.15 33.318251 76.196010 -398535.677085 9.977805 38.508401 cpx Na0.03Ca0.70Fe''0.40Mg0.73Fe'''0.05Ti0.04Al0.21Si1.85O6 48.9377 1.24507 4.76382 1.84082 12.653 0 12.9566 17.2049 0.398069 0 0
5000.00 1403.15 33.237988 75.828925 -397545.894806 9.946321 38.362983 cpx Na0.03Ca0.70Fe''0.40Mg0.72Fe'''0.05Ti0.04Al0.21Si1.84O6 48.8337 1.31541 4.78577 1.84586 12.6663 0 12.7988 17.3521 0.402041 0 0
5000.00 1398.15 33.166866 75.484897 -396719.953963 9.918005 38.230690 cpx Na0.03Ca0.71Fe''0.40Mg0.71Fe'''0.05Ti0.04Al0.21Si1.84O6 48.7288 1.38974 4.81115 1.84852 12.6661 0 12.65 17.4999 0.405786 0 0
5000.00 1393.15 33.100617 75.154701 -396002.622565 9.891641 38.106980 cpx Na0.03Ca0.72Fe''0.40Mg0.71Fe'''0.05Ti0.04Al0.22Si1.84O6 48.6259 1.4654 4.83883 1.84876 12.6546 0 12.5121 17.6451 0.409302 0 0
5000.00 1388.15 33.038936 74.837311 -395384.158932 9.867068 37.991167 cpx Na0.03Ca0.72Fe''0.40Mg0.70Fe'''0.05Ti0.04Al0.22Si1.84O6 48.5245 1.54241 4.86886 1.8469 12.6332 0 12.3838 17.7878 0.412629 0 0
5000.00 1383.15 32.981487 74.531695 -394854.910705 9.844131 37.882584 cpx Na0.03Ca0.73Fe''0.40Mg0.69Fe'''0.05Ti0.05Al0.22Si1.83O6 48.4243 1.62065 4.90118 1.84319 12.603 0 12.2641 17.9277 0.415799 0 0
5000.00 1378.15 33.118142 74.678198 -396627.604105 9.882380 38.011501 cpx Na0.03Ca0.73Fe''0.40Mg0.69Fe'''0.05Ti0.05Al0.22Si1.83O6 48.4384 1.62461 4.86563 1.81235 12.6319 0 12.2138 18 0.413341 0 0
5000.00 1373.15 33.323791 74.987455 -399237.515256 9.943352 38.228830 cpx Na0.03Ca0.73Fe''0.40Mg0.69Fe'''0.05Ti0.05Al0.21Si1.84O6 48.5211 1.5844 4.79075 1.76611 12.6888 0 12.2071 18.034 0.407813 0 0
5000.00 1368.15 33.478241 75.180269 -401275.149201 9.989232 38.388150 cpx Na0.03Ca0.73Fe''0.40Mg0.69Fe'''0.05Ti0.04Al0.21Si1.84O6 48.5994 1.54822 4.72138 1.72141 12.732 0 12.2029 18.0719 0.402778 0 0
5000.00 1363.15 33.592449 75.281730 -402863.122884 10.023232 38.501841 cpx Na0.03Ca0.74Fe''0.40Mg0.69Fe'''0.05Ti0.04Al0.21Si1.84O6 48.6733 1.51552 4.65702 1.67838 12.7641 0 12.2004 18.1131 0.398186 0 0
5000.00 1358.15 33.675153 75.311804 -404099.432091 10.047924 38.579802 cpx Na0.03Ca0.74Fe''0.41Mg0.69Fe'''0.05Ti0.04Al0.21Si1.85O6 48.7434 1.48575 4.59706 1.63698 12.7869 0 12.1989 18.157 0.39398 0 0
5000.00 1353.15 33.732812 75.285250 -405056.340438 10.065209 38.629355 cpx Na0.03Ca0.74Fe''0.41Mg0.69Fe'''0.05Ti0.04Al0.20Si1.85O6 48.8099 1.45847 4.54099 1.59715 12.8021 0 12.1983 18.203 0.39011 0 0
5000.00 1348.15 33.770299 75.213190 -405788.214426 10.076521 38.656018 cpx Na0.03Ca0.74Fe''0.41Mg0.69Fe'''0.04Ti0.04Al0.20Si1.85O6 48.8732 1.43334 4.48838 1.55881 12.8108 0 12.1981 18.2508 0.386539 0 0
5000.00 1343.15 33.791362 75.104174 -406336.805277 10.082966 38.664040 cpx Na0.03Ca0.74Fe''0.41Mg0.69Fe'''0.04Ti0.04Al0.20Si1.85O6 48.9336 1.41008 4.43886 1.52189 12.8139 0 12.1983 18.3 0.383235 0 0
5000.00 1338.15 33.798934 74.964887 -406734.744861 10.085408 38.656747 cpx Na0.03Ca0.74Fe''0.41Mg0.69Fe'''0.04Ti0.04Al0.20Si1.86O6 48.9914 1.38846 4.39212 1.4863 12.8123 0 12.1988 18.3505 0.38017 0 0
5000.00 1333.15 33.795346 74.800636 -407007.926472 10.084534 38.636780 cpx Na0.03Ca0.75Fe''0.41Mg0.69Fe'''0.04Ti0.04Al0.19Si1.86O6 49.0467 1.36828 4.34789 1.45196 12.8065 0 12.1994 18.402 0.377322 0 0
5000.00 1328.15 33.782470 74.615682 -407177.167292 10.080897 38.606265 cpx Na0.03Ca0.75Fe''0.41Mg0.69Fe'''0.04Ti0.04Al0.19Si1.86O6 49.0998 1.3494 4.30595 1.41879 12.7971 0 12.2001 18.4543 0.37467 0 0
5000.00 1323.15 33.761832 74.413488 -407259.395286 10.074947 38.566930 cpx Na0.03Ca0.75Fe''0.40Mg0.69Fe'''0.04Ti0.04Al0.19Si1.86O6 49.1508 1.33167 4.26608 1.38674 12.7844 0 12.2008 18.5072 0.372199 0 0
5000.00 1318.15 33.734682 74.196894 -407268.513479 10.067055 38.520196 cpx Na0.03Ca0.75Fe''0.40Mg0.69Fe'''0.04Ti0.04Al0.19Si1.86O6 49.2 1.31498 4.22812 1.35574 12.769 0 12.2016 18.5607 0.369892 0 0
5000.00 1313.15 33.702058 73.968248 -407216.040541 10.057527 38.467241 cpx Na0.03Ca0.75Fe''0.40Mg0.69Fe'''0.04Ti0.04Al0.19Si1.86O6 49.2474 1.29923 4.19192 1.32572 12.751 0 12.2025 18.6146 0.367739 0 0
5000.00 1308.15 33.796435 74.019592 -408714.645959 10.085887 38.559558 cpx Na0.03Ca0.76Fe''0.40Mg0.69Fe'''0.04Ti0.04Al0.19Si1.87O6 49.2862 1.28293 4.16954 1.30166 12.7245 0 12.2017 18.6675 0.365977 0 0
5000.00 1303.15 33.994746 74.300097 -411492.434612 10.145328 38.771187 cpx Na0.03Ca0.76Fe''0.40Mg0.69Fe'''0.04Ti0.04Al0.19Si1.87O6 49.3164 1.26324 4.16493 1.28571 12.6881 0 12.2 18.7167 0.364862 0 0
5000.00 1298.15 34.093415 74.361280 -413064.732314 10.175099 38.869258 cpx Na0.03Ca0.76Fe''0.40Mg0.69Fe'''0.04Ti0.04Al0.19Si1.87O6 49.3499 1.24199 4.15783 1.26954 12.6532 0 12.1998 18.7638 0.363969 0 0
5000.00 1293.15 34.132019 74.290497 -413907.226024 10.186976 38.898845 cpx Na0.03Ca0.76Fe''0.40Mg0.69Fe'''0.04Ti0.03Al0.18Si1.87O6 49.3855 1.21961 4.14903 1.25332 12.6196 0 12.2003 18.8094 0.363251 0 0
5000.00 1288.15 34.132261 74.135621 -414281.126247 10.187411 38.884652 cpx Na0.03Ca0.76Fe''0.40Mg0.69Fe'''0.04Ti0.03Al0.18Si1.87O6 49.4225 1.19643 4.13907 1.23714 12.5872 0 12.2012 18.8538 0.362689 0 0
5000.00 1283.15 34.107031 73.925056 -414341.886480 10.180239 38.841347 cpx Na0.03Ca0.77Fe''0.40Mg0.69Fe'''0.03Ti0.03Al0.18Si1.87O6 49.4604 1.17272 4.12834 1.22108 12.5559 0 12.2021 18.8972 0.362273 0 0
5000.00 1278.15 34.097848 73.747597 -414836.630599 10.178013 38.817561 cpx Na0.03Ca0.77Fe''0.39Mg0.69Fe'''0.03Ti0.03Al0.19Si1.87O6 49.4419 1.19703 4.16181 1.209 12.4403 0 12.2015 18.9856 0.362958 0 0
5000.00 1273.15 34.014040 73.406633 -414229.613494 10.152342 38.703939 cpx Na0.03Ca0.77Fe''0.39Mg0.69Fe'''0.03Ti0.03Al0.19Si1.87O6 49.4373 1.20618 4.17785 1.19959 12.3788 0 12.1837 19.051 0.365548 0 0
5000.00 1268.15 33.933060 73.072128 -413654.421560 10.127515 38.593601 cpx Na0.03Ca0.77Fe''0.39Mg0.69Fe'''0.03Ti0.03Al0.19Si1.87O6 49.4326 1.21543 4.19401 1.19015 12.3176 0 12.1663 19.1157 0.368154 0 0
5000.00 1263.15 33.854781 72.743763 -413109.641499 10.103492 38.486393 cpx Na0.03Ca0.78Fe''0.39Mg0.68Fe'''0.03Ti0.03Al0.19Si1.87O6 49.4279 1.22477 4.21029 1.18068 12.2567 0 12.1493 19.1796 0.370777 0 0
5000.00 1258.15 33.779083 72.421240 -412593.959610 10.080238 38.382172 cpx Na0.03Ca0.78Fe''0.39Mg0.68Fe'''0.03Ti0.04Al0.19Si1.87O6 49.4231 1.23423 4.2267 1.17117 12.1961 0 12.1326 19.2427 0.373419 0 0
5000.00 1253.15 33.705853 72.104279 -412106.153627 10.057720 38.280805 cpx Na0.03Ca0.78Fe''0.38Mg0.68Fe'''0.03Ti0.04Al0.19Si1.87O6 49.4182 1.24379 4.24325 1.16164 12.1357 0 12.1163 19.3051 0.37608 0 0
5000.00 1248.15 33.634989 71.792621 -411645.085410 10.035906 38.182166 cpx Na0.03Ca0.78Fe''0.38Mg0.68Fe'''0.03Ti0.04Al0.19Si1.87O6 49.4132 1.25347 4.25995 1.15207 12.0755 0 12.1003 19.3668 0.37876 0 0
5000.00 1243.15 33.566394 71.486021 -411209.694351 10.014768 38.086141 cpx Na0.03Ca0.79Fe''0.38Mg0.68Fe'''0.03Ti0.04Al0.19Si1.87O6 49.4081 1.26328 4.27679 1.14248 12.0155 0 12.0846 19.4278 0.381461 0 0
5000.00 1238.15 33.499976 71.184250 -410798.991456 9.994279 37.992618 cpx Na0.03Ca0.79Fe''0.38Mg0.68Fe'''0.03Ti0.04Al0.19Si1.87O6 49.4029 1.27321 4.29379 1.13286 11.9557 0 12.0693 19.4881 0.384184 0 0
5000.00 1233.15 33.435651 70.887095 -410412.053995 9.974413 37.901498 cpx Na0.03Ca0.79Fe''0.38Mg0.68Fe'''0.03Ti0.04Al0.19Si1.87O6 49.3976 1.28329 4.31095 1.12323 11.896 0 12.0543 19.5477 0.386929 0 0
5000.00 1228.15 33.373341 70.594353 -410048.020679 9.955146 37.812682 cpx Na0.03Ca0.79Fe''0.37Mg0.68Fe'''0.03Ti0.04Al0.19Si1.87O6 49.3922 1.29351 4.32828 1.11357 11.8365 0 12.0395 19.6067 0.389698 0 0
5000.00 1223.15 33.312971 70.305835 -409706.087301 9.936457 37.726083 cpx Na0.03Ca0.80Fe''0.37Mg0.68Fe'''0.03Ti0.04Al0.19Si1.86O6 49.3866 1.30389 4.34579 1.10389 11.7772 0 12.0251 19.6651 0.39249 0 0
5000.00 1218.15 33.254472 70.021363 -409385.502790 9.918325 37.641615 cpx Na0.03Ca0.80Fe''0.37Mg0.68Fe'''0.03Ti0.04Al0.19Si1.86O6 49.3809 1.31442 4.36348 1.09419 11.7179 0 12.011 19.7228 0.395308 0 0
5000.00 1213.15 33.197778 69.740770 -409085.565646 9.900729 37.559198 cpx Na0.03Ca0.80Fe''0.37Mg0.68Fe'''0.03Ti0.04Al0.19Si1.86O6 49.375 1.32513 4.38137 1.08448 11.6588 0 11.9972 19.7799 0.398151 0 0
5000.00 1208.15 33.142830 69.463898 -408805.620707 9.883652 37.478760 cpx Na0.03Ca0.80Fe''0.37Mg0.67Fe'''0.03Ti0.04Al0.20Si1.86O6 49.3689 1.33601 4.39946 1.07476 11.5998 0 11.9836 19.8364 0.40102 0 0
5000.00 1203.15 33.089570 69.190599 -408545.056231 9.867077 37.400228 cpx Na0.03Ca0.80Fe''0.36Mg0.67Fe'''0.03Ti0.04Al0.20Si1.86O6 49.3627 1.34709 4.41776 1.06502 11.5408 0 11.9703 19.8924 0.403918 0 0
5000.00 1198.15 33.037945 68.920731 -408303.301251 9.850987 37.323538 cpx Na0.03Ca0.81Fe''0.36Mg0.67Fe'''0.03Ti0.04Al0.20Si1.86O6 49.3562 1.35836 4.43628 1.05527 11.482 0 11.9573 19.9478 0.406843 0 0
5000.00 1193.15 32.987906 68.654165 -408079.823185 9.835368 37.248628 cpx Na0.03Ca0.81Fe''0.36Mg0.67Fe'''0.03Ti0.04Al0.20Si1.86O6 49.3495 1.36984 4.45502 1.04552 11.4232 0 11.9445 20.0026 0.409798 0 0
5000.00 1188.15 32.939405 68.390774 -407874.125691 9.820204 37.175439 cpx Na0.03Ca0.81Fe''0.36Mg0.67Fe'''0.03Ti0.04Al0.20Si1.86O6 49.3427 1.38153 4.47401 1.03576 11.3644 0 11.932 20.0569 0.412783 0 0
5000.00 1183.15 32.892399 68.130441 -407685.746720 9.805483 37.103916 cpx Na0.03Ca0.81Fe''0.36Mg0.67Fe'''0.03Ti0.04Al0.20Si1.86O6 49.3355 1.39346 4.49324 1.02599 11.3056 0 11.9197 20.1106 0.415799 0 0
5000.00 1178.15 32.846848 67.873056 -407514.256793 9.791193 37.034008 cpx Na0.03Ca0.81Fe''0.35Mg0.67Fe'''0.03Ti0.04Al0.20Si1.86O6 49.3281 1.40563 4.51273 1.01622 11.2469 0 11.9077 20.1638 0.418846 0 0
5000.00 1173.15 32.802713 67.618514 -407359.257449 9.777321 36.965667 cpx Na0.03Ca0.82Fe''0.35Mg0.67Fe'''0.03Ti0.04Al0.20Si1.86O6 49.3205 1.41806 4.53249 1.00645 11.1882 0 11.8958 20.2165 0.421927 0 0
5000.00 1168.15 32.759960 67.366717 -407220.379880 9.763857 36.898846 cpx Na0.03Ca0.82Fe''0.35Mg0.67Fe'''0.03Ti0.04Al0.20Si1.86O6 49.3125 1.43075 4.55254 0.99668 11.1295 0 11.8842 20.2687 0.425042 0 0
5000.00 1163.15 32.718556 67.117571 -407097.283743 9.750790 36.833503 cpx Na0.03Ca0.82Fe''0.35Mg0.67Fe'''0.03Ti0.04Al0.20Si1.86O6 49.3042 1.44373 4.57288 0.986913 11.0708 0 11.8728 20.3205 0.428191 0 0
5000.00 1158.15 32.678470 66.870990 -406989.656127 9.738110 36.769598 cpx Na0.03Ca0.82Fe''0.35Mg0.67Fe'''0.03Ti0.04Al0.20Si1.86O6 49.2956 1.45701 4.59353 0.977151 11.012 0 11.8616 20.3717 0.431375 0 0
5000.00 1153.15 32.639674 66.626891 -406897.210694 9.725810 36.707093 cpx Na0.03Ca0.82Fe''0.35Mg0.67Fe'''0.03Ti0.04Al0.21Si1.86O6 49.2867 1.47061 4.61451 0.967397 10.9532 0 11.8505 20.4224 0.434597 0 0
5000.00 1148.15 31.126532 63.377795 -388139.408735 9.272724 34.980342 cpx Na0.03Ca0.83Fe''0.35Mg0.66Fe'''0.03Ti0.04Al0.20Si1.86O6 49.3066 1.46301 4.59536 0.962147 10.9729 0 11.8133 20.4445 0.442253 0 0
5000.00 1143.15 29.183895 59.272041 -363991.161053 8.692081 32.774069 cpx Na0.03Ca0.83Fe''0.35Mg0.66Fe'''0.03Ti0.04Al0.20Si1.86O6 49.3421 1.44864 4.56142 0.956439 11.0014 0 11.7793 20.4592 0.451499 0 0
5000.00 1138.15 27.349438 55.405333 -341198.001399 8.144067 30.692861 cpx Na0.03Ca0.83Fe''0.35Mg0.66Fe'''0.03Ti0.04Al0.20Si1.86O6 49.3793 1.43444 4.52712 0.950193 11.0252 0 11.7486 20.4743 0.460825 0 0
5000.00 1133.15 25.822478 52.179275 -322268.180070 7.688210 28.960768 cpx Na0.03Ca0.83Fe''0.35Mg0.66Fe'''0.03Ti0.04Al0.20Si1.86O6 49.4191 1.41885 4.49499 0.942431 11.0377 0 11.7259 20.4917 0.469273 0 0
5000.00 1128.15 25.796973 51.998553 -322246.133289 7.681275 28.920461 cpx Na0.03Ca0.83Fe''0.35Mg0.66Fe'''0.03Ti0.04Al0.20Si1.87O6 49.467 1.39249 4.48048 0.927264 11.0004 0 11.7392 20.5222 0.471009 0 0
5000.00 1123.15 25.772278 51.819189 -322234.973480 7.674580 28.880975 cpx Na0.03Ca0.83Fe''0.35Mg0.66Fe'''0.03Ti0.04Al0.20Si1.87O6 49.5143 1.36651 4.46644 0.912269 10.9624 0 11.7525 20.5528 0.472802 0 0
5000.00 1118.15 25.748367 51.641116 -322234.413020 7.668118 28.842280 cpx Na0.03Ca0.83Fe''0.34Mg0.66Fe'''0.03Ti0.04Al0.20Si1.87O6 49.5611 1.34091 4.45289 0.897445 10.9236 0 11.7659 20.5835 0.474654 0 0
5000.00 1113.15 25.725217 51.464275 -322244.185428 7.661883 28.804348 cpx Na0.03Ca0.83Fe''0.34Mg0.66Fe'''0.03Ti0.04Al0.20Si1.87O6 49.6075 1.31568 4.43981 0.882788 10.8841 0 11.7793 20.6142 0.476566 0 0
5000.00 1108.15 25.702805 51.288610 -322264.043936 7.655869 28.767154 cpx Na0.03Ca0.83Fe''0.34Mg0.66Fe'''0.02Ti0.04Al0.20Si1.87O6 49.6533 1.29081 4.42721 0.868297 10.8439 0 11.7928 20.6451 0.478539 0 0
5000.00 1103.15 25.681111 51.114065 -322293.760166 7.650069 28.730674 cpx Na0.04Ca0.83Fe''0.34Mg0.66Fe'''0.02Ti0.04Al0.20Si1.87O6 49.6987 1.26629 4.41508 0.85397 10.803 0 11.8063 20.676 0.480574 0 0
5000.00 1098.15 25.660116 50.940591 -322333.122901 7.644478 28.694883 cpx Na0.04Ca0.84Fe''0.34Mg0.66Fe'''0.02Ti0.04Al0.20Si1.87O6 49.7437 1.24213 4.40342 0.839805 10.7613 0 11.82 20.707 0.482672 0 0
5000.00 1093.15 25.639802 50.768140 -322381.936920 7.639092 28.659760 cpx Na0.04Ca0.84Fe''0.34Mg0.66Fe'''0.02Ti0.03Al0.19Si1.87O6 49.7882 1.2183 4.39223 0.8258 10.7189 0 11.8337 20.7381 0.484835 0 0
5000.00 1088.15 25.620152 50.596666 -322440.021918 7.633905 28.625286 cpx Na0.04Ca0.84Fe''0.34Mg0.66Fe'''0.02Ti0.03Al0.19Si1.88O6 49.8323 1.19481 4.38151 0.811953 10.6757 0 11.8474 20.7692 0.487063 0 0
5000.00 1083.15 25.601151 50.426127 -322507.211455 7.628914 28.591441 cpx Na0.04Ca0.84Fe''0.33Mg0.67Fe'''0.02Ti0.03Al0.19Si1.88O6 49.876 1.17165 4.37126 0.798263 10.6319 0 11.8613 20.8003 0.489358 0 0
5000.00 1078.15 25.582785 50.256481 -322583.351960 7.624114 28.558208 cpx Na0.04Ca0.84Fe''0.33Mg0.67Fe'''0.02Ti0.03Al0.19Si1.88O6 49.9192 1.14882 4.36148 0.784726 10.5873 0 11.8753 20.8315 0.49172 0 0
5000.00 1073.15 25.565039 50.087691 -322668.301754 7.619501 28.525569 cpx Na0.04Ca0.84Fe''0.33Mg0.67Fe'''0.02Ti0.03Al0.19Si1.88O6 49.9621 1.12631 4.35217 0.771343 10.542 0 11.8893 20.8627 0.494152 0 0
5000.00 1068.15 25.547903 49.919719 -322761.930078 7.615073 28.493508 cpx Na0.04Ca0.84Fe''0.33Mg0.67Fe'''0.02Ti0.03Al0.19Si1.88O6 50.0045 1.10411 4.34332 0.758111 10.4959 0 11.9035 20.8939 0.496653 0 0
5000.00 1063.15 25.531363 49.752531 -322864.116127 7.610826 28.462011 cpx Na0.04Ca0.84Fe''0.33Mg0.67Fe'''0.02Ti0.03Al0.19Si1.88O6 50.0466 1.08221 4.33495 0.745028 10.4492 0 11.9177 20.9251 0.499226 0 0
5000.00 1058.15 25.515409 49.586092 -322974.748049 7.606757 28.431063 cpx Na0.04Ca0.84Fe''0.33Mg0.67Fe'''0.02Ti0.03Al0.19Si1.88O6 50.0882 1.06062 4.32704 0.732092 10.4017 0 11.9321 20.9563 0.501871 0 0
5000.00 1053.15 25.500031 49.420370 -323093.721907 7.602863 28.400651 cpx Na0.04Ca0.84Fe''0.33Mg0.67Fe'''0.02Ti0.03Al0.19Si1.88O6 50.1295 1.03933 4.3196 0.719303 10.3536 0 11.9466 20.9875 0.504589 0 0
5000.00 1048.15 25.485219 49.255335 -323220.940573 7.599142 28.370761 cpx Na0.04Ca0.85Fe''0.32Mg0.67Fe'''0.02Ti0.03Al0.19Si1.88O6 50.1704 1.01833 4.31263 0.706657 10.3047 0 11.9612 21.0187 0.507382 0 0
5000.00 1043.15 25.470964 49.090955 -323356.312515 7.595590 28.341380 cpx Na0.04Ca0.85Fe''0.32Mg0.67Fe'''0.02Ti0.03Al0.19Si1.89O6 50.211 0.997627 4.30614 0.694155 10.2551 0 11.9759 21.0498 0.51025 0 0
5000.00 1038.15 25.457256 48.927201 -323499.750467 7.592207 28.312497 cpx Na0.04Ca0.85Fe''0.32Mg0.67Fe'''0.02Ti0.03Al0.19Si1.89O6 50.2512 0.977204 4.30011 0.681793 10.2048 0 11.9908 21.0809 0.513194 0 0
5000.00 1033.15 25.444087 48.764045 -323651.169910 7.588989 28.284099 cpx Na0.04Ca0.85Fe''0.32Mg0.67Fe'''0.02Ti0.03Al0.19Si1.89O6 50.291 0.957062 4.29456 0.669571 10.1538 0 12.0058 21.112 0.516215 0 0
5000.00 1028.15 25.431449 48.601456 -323810.487343 7.585934 28.256174 cpx Na0.04Ca0.85Fe''0.32Mg0.67Fe'''0.02Ti0.03Al0.19Si1.89O6 50.3305 0.937196 4.28947 0.657486 10.102 0 12.0209 21.1431 0.519312 0 0

whitlockite thermodynamic data and composition:
Pressure Temperature mass S H V Cp formula
5000.00 1398.15 0.015148 0.035699 -178.936604 0.004767 0.016007 Ca3(PO4)2
5000.00 1393.15 0.028068 0.066039 -331.693912 0.008833 0.029647 Ca3(PO4)2
5000.00 1388.15 0.039781 0.093447 -470.324411 0.012520 0.042002 Ca3(PO4)2
5000.00 1383.15 0.050446 0.118308 -596.685805 0.015876 0.053240 Ca3(PO4)2
5000.00 1378.15 0.067604 0.158289 -799.991694 0.021276 0.071318 Ca3(PO4)2
5000.00 1373.15 0.086304 0.201743 -1021.732945 0.027161 0.091007 Ca3(PO4)2
5000.00 1368.15 0.103364 0.237676 -1229.113793 0.032530 0.146992 Ca3(PO4)2
5000.00 1363.15 0.118074 0.270887 -1404.872549 0.037160 0.167411 Ca3(PO4)2
5000.00 1358.15 0.130890 0.299610 -1558.291064 0.041193 0.185031 Ca3(PO4)2
5000.00 1353.15 0.142177 0.324705 -1693.666495 0.044746 0.200390 Ca3(PO4)2
5000.00 1348.15 0.152207 0.346818 -1814.215643 0.047902 0.213892 Ca3(PO4)2
5000.00 1343.15 0.161188 0.366442 -1922.398062 0.050729 0.225845 Ca3(PO4)2
5000.00 1338.15 0.169283 0.383962 -2020.129263 0.053276 0.236490 Ca3(PO4)2
5000.00 1333.15 0.176621 0.399683 -2108.925361 0.055586 0.246016 Ca3(PO4)2
5000.00 1328.15 0.183304 0.413850 -2190.003603 0.057689 0.254579 Ca3(PO4)2
5000.00 1323.15 0.189418 0.426661 -2264.353759 0.059613 0.262301 Ca3(PO4)2
5000.00 1318.15 0.195030 0.438281 -2332.789799 0.061379 0.269286 Ca3(PO4)2
5000.00 1313.15 0.200198 0.448846 -2395.987943 0.063006 0.275620 Ca3(PO4)2
5000.00 1308.15 0.221774 0.496056 -2655.732091 0.069796 0.304440 Ca3(PO4)2
5000.00 1303.15 0.259668 0.579453 -3111.292300 0.081722 0.355429 Ca3(PO4)2
5000.00 1298.15 0.287405 0.639840 -3445.605734 0.090452 0.392263 Ca3(PO4)2
5000.00 1293.15 0.308808 0.685864 -3704.300183 0.097187 0.420264 Ca3(PO4)2
5000.00 1288.15 0.325993 0.722316 -3912.657838 0.102596 0.442381 Ca3(PO4)2
5000.00 1283.15 0.340227 0.752061 -4085.798760 0.107075 0.460377 Ca3(PO4)2
5000.00 1278.15 0.370652 0.817359 -4453.677323 0.116651 0.500118 Ca3(PO4)2
5000.00 1273.15 0.370652 0.815402 -4456.174358 0.116651 0.498697 Ca3(PO4)2
5000.00 1268.15 0.370652 0.813442 -4458.664308 0.116651 0.497284 Ca3(PO4)2
5000.00 1263.15 0.370652 0.811480 -4461.147213 0.116651 0.495879 Ca3(PO4)2
5000.00 1258.15 0.370652 0.809516 -4463.623112 0.116651 0.494482 Ca3(PO4)2
5000.00 1253.15 0.370652 0.807550 -4466.092044 0.116651 0.493092 Ca3(PO4)2
5000.00 1248.15 0.370652 0.805581 -4468.554049 0.116651 0.491711 Ca3(PO4)2
5000.00 1243.15 0.370652 0.803610 -4471.009164 0.116651 0.490337 Ca3(PO4)2
5000.00 1238.15 0.370652 0.801637 -4473.457428 0.116651 0.488970 Ca3(PO4)2
5000.00 1233.15 0.370652 0.799661 -4475.898880 0.116651 0.487612 Ca3(PO4)2
5000.00 1228.15 0.370652 0.797683 -4478.333556 0.116651 0.486260 Ca3(PO4)2
5000.00 1223.15 0.370652 0.795702 -4480.761496 0.116651 0.484917 Ca3(PO4)2
5000.00 1218.15 0.370652 0.793718 -4483.182735 0.116651 0.483580 Ca3(PO4)2
5000.00 1213.15 0.370652 0.791732 -4485.597313 0.116651 0.482252 Ca3(PO4)2
5000.00 1208.15 0.370652 0.789743 -4488.005264 0.116651 0.480930 Ca3(PO4)2
5000.00 1203.15 0.370652 0.787751 -4490.406627 0.116651 0.479616 Ca3(PO4)2
5000.00 1198.15 0.370652 0.785757 -4492.801438 0.116651 0.478309 Ca3(PO4)2
5000.00 1193.15 0.370652 0.783759 -4495.189733 0.116651 0.477010 Ca3(PO4)2
5000.00 1188.15 0.370652 0.781759 -4497.571548 0.116651 0.475717 Ca3(PO4)2
5000.00 1183.15 0.370652 0.779755 -4499.946918 0.116651 0.474432 Ca3(PO4)2
5000.00 1178.15 0.370652 0.777749 -4502.315881 0.116651 0.473154 Ca3(PO4)2
5000.00 1173.15 0.370652 0.775739 -4504.678470 0.116651 0.471883 Ca3(PO4)2
5000.00 1168.15 0.370652 0.773727 -4507.034721 0.116651 0.470619 Ca3(PO4)2
5000.00 1163.15 0.370652 0.771711 -4509.384668 0.116651 0.469362 Ca3(PO4)2
5000.00 1158.15 0.370652 0.769691 -4511.728348 0.116651 0.468111 Ca3(PO4)2
5000.00 1153.15 0.370652 0.767669 -4514.065792 0.116651 0.466868 Ca3(PO4)2

olivine_0 thermodynamic data and composition:
Pressure Temperature mass S H V Cp formula SiO2 TiO2 Al2O3 Fe2O3 FeO MnO MgO CaO Na2O K2O P2O5
5000.00 1278.15 0.252583 0.529705 -2096.447134 0.064795 0.256262 (Ca0.01Mg0.27Fe''0.44Mn0.29Co0.00Ni0.00)2SiO4 32.219 0 0 0 34.0766 22.0045 11.3669 0.333058 0 0 0
5000.00 1273.15 0.258164 0.540319 -2142.840824 0.066198 0.261763 (Ca0.01Mg0.27Fe''0.44Mn0.29Co0.00Ni0.00)2SiO4 32.2123 0 0 0 34.1485 21.9724 11.341 0.325868 0 0 0
5000.00 1268.15 0.263757 0.550907 -2189.319255 0.067603 0.267267 (Ca0.01Mg0.27Fe''0.44Mn0.29Co0.00Ni0.00)2SiO4 32.2055 0 0 0 34.2209 21.9404 11.3145 0.318784 0 0 0
5000.00 1263.15 0.269362 0.561468 -2235.882264 0.069009 0.272775 (Ca0.01Mg0.27Fe''0.45Mn0.29Co0.00Ni0.00)2SiO4 32.1985 0 0 0 34.2936 21.9085 11.2876 0.311807 0 0 0
5000.00 1258.15 0.274980 0.572002 -2282.529822 0.070417 0.278286 (Ca0.01Mg0.27Fe''0.45Mn0.29Co0.00Ni0.00)2SiO4 32.1915 0 0 0 34.3668 21.8767 11.26 0.304936 0 0 0
5000.00 1253.15 0.280610 0.582508 -2329.262045 0.071826 0.283801 (Ca0.00Mg0.27Fe''0.45Mn0.29Co0.00Ni0.00)2SiO4 32.1843 0 0 0 34.4405 21.845 11.232 0.29817 0 0 0
5000.00 1248.15 0.286252 0.592988 -2376.079209 0.073238 0.289319 (Ca0.00Mg0.26Fe''0.45Mn0.29Co0.00Ni0.00)2SiO4 32.1771 0 0 0 34.5145 21.8135 11.2034 0.291508 0 0 0
5000.00 1243.15 0.291907 0.603441 -2422.981764 0.074651 0.294841 (Ca0.00Mg0.26Fe''0.45Mn0.29Co0.00Ni0.00)2SiO4 32.1697 0 0 0 34.589 21.7821 11.1742 0.284949 0 0 0
5000.00 1238.15 0.297575 0.613867 -2469.970345 0.076066 0.300366 (Ca0.00Mg0.26Fe''0.45Mn0.29Co0.00Ni0.00)2SiO4 32.1622 0 0 0 34.664 21.7508 11.1445 0.278492 0 0 0
5000.00 1233.15 0.303256 0.624265 -2517.045796 0.077483 0.305896 (Ca0.00Mg0.26Fe''0.45Mn0.29Co0.00Ni0.00)2SiO4 32.1546 0 0 0 34.7394 21.7196 11.1143 0.272138 0 0 0
5000.00 1228.15 0.308951 0.634637 -2564.209182 0.078902 0.311429 (Ca0.00Mg0.26Fe''0.45Mn0.29Co0.00Ni0.00)2SiO4 32.1468 0 0 0 34.8153 21.6886 11.0835 0.265884 0 0 0
5000.00 1223.15 0.314659 0.644982 -2611.461811 0.080323 0.316967 (Ca0.00Mg0.26Fe''0.45Mn0.29Co0.00Ni0.00)2SiO4 32.1389 0 0 0 34.8916 21.6577 11.0521 0.25973 0 0 0
5000.00 1218.15 0.320382 0.655301 -2658.805259 0.081747 0.322509 (Ca0.00Mg0.26Fe''0.46Mn0.29Co0.00Ni0.00)2SiO4 32.1309 0 0 0 34.9684 21.6269 11.0201 0.253676 0 0 0
5000.00 1213.15 0.326120 0.665593 -2706.241391 0.083172 0.328056 (Ca0.00Mg0.26Fe''0.46Mn0.28Co0.00Ni0.00)2SiO4 32.1228 0 0 0 35.0457 21.5962 10.9875 0.24772 0 0 0
5000.00 1208.15 0.331872 0.675860 -2753.772389 0.084600 0.333608 (Ca0.00Mg0.26Fe''0.46Mn0.28Co0.00Ni0.00)2SiO4 32.1146 0 0 0 35.1234 21.5657 10.9544 0.241862 0 0 0
5000.00 1203.15 0.337641 0.686101 -2801.400781 0.086030 0.339165 (Ca0.00Mg0.26Fe''0.46Mn0.28Co0.00Ni0.00)2SiO4 32.1062 0 0 0 35.2017 21.5353 10.9207 0.2361 0 0 0
5000.00 1198.15 0.343425 0.696318 -2849.129476 0.087463 0.344727 (Ca0.00Mg0.26Fe''0.46Mn0.28Co0.00Ni0.00)2SiO4 32.0977 0 0 0 35.2804 21.5051 10.8864 0.230435 0 0 0
5000.00 1193.15 0.349226 0.706510 -2896.961798 0.088898 0.350296 (Ca0.00Mg0.26Fe''0.46Mn0.28Co0.00Ni0.00)2SiO4 32.0891 0 0 0 35.3597 21.4749 10.8515 0.224865 0 0 0
5000.00 1188.15 0.355045 0.716679 -2944.901529 0.090336 0.355871 (Ca0.00Mg0.25Fe''0.46Mn0.28Co0.00Ni0.00)2SiO4 32.0803 0 0 0 35.4394 21.4449 10.816 0.219389 0 0 0
5000.00 1183.15 0.360881 0.726826 -2992.952955 0.091777 0.361453 (Ca0.00Mg0.25Fe''0.46Mn0.28Co0.00Ni0.00)2SiO4 32.0714 0 0 0 35.5196 21.4151 10.7799 0.214007 0 0 0
5000.00 1178.15 0.366737 0.736951 -3041.120913 0.093222 0.367043 (Ca0.00Mg0.25Fe''0.46Mn0.28Co0.00Ni0.00)2SiO4 32.0624 0 0 0 35.6004 21.3854 10.7431 0.208718 0 0 0
5000.00 1173.15 0.372612 0.747055 -3089.410853 0.094670 0.372642 (Ca0.00Mg0.25Fe''0.47Mn0.28Co0.00Ni0.00)2SiO4 32.0532 0 0 0 35.6817 21.3558 10.7058 0.20352 0 0 0
5000.00 1168.15 0.378508 0.757141 -3137.828904 0.096121 0.378249 (Ca0.00Mg0.25Fe''0.47Mn0.28Co0.00Ni0.00)2SiO4 32.0439 0 0 0 35.7635 21.3263 10.6678 0.198414 0 0 0
5000.00 1163.15 0.384425 0.767208 -3186.381940 0.097576 0.383866 (Ca0.00Mg0.25Fe''0.47Mn0.28Co0.00Ni0.00)2SiO4 32.0345 0 0 0 35.8459 21.297 10.6293 0.193398 0 0 0
5000.00 1158.15 0.390365 0.777260 -3235.077672 0.099035 0.389495 (Ca0.00Mg0.25Fe''0.47Mn0.28Co0.00Ni0.00)2SiO4 32.0249 0 0 0 35.9287 21.2678 10.59 0.188471 0 0 0
5000.00 1153.15 0.396330 0.787297 -3283.924737 0.100499 0.395135 (Ca0.00Mg0.25Fe''0.47Mn0.28Co0.00Ni0.00)2SiO4 32.0152 0 0 0 36.0122 21.2387 10.5502 0.183633 0 0 0
5000.00 1148.15 0.462694 0.916763 -3828.474567 0.117219 0.460772 (Ca0.00Mg0.25Fe''0.47Mn0.28Co0.00Ni0.00)2SiO4 31.9908 0 0 0 36.2514 21.1306 10.4478 0.179328 0 0 0
5000.00 1143.15 0.595888 1.177597 -4923.290064 0.150818 0.592721 (Ca0.00Mg0.24Fe''0.48Mn0.28Co0.00Ni0.00)2SiO4 31.9656 0 0 0 36.5054 21.012 10.3419 0.17513 0 0 0
5000.00 1138.15 0.721080 1.421298 -5949.326680 0.182335 0.716427 (Ca0.00Mg0.24Fe''0.48Mn0.28Co0.00Ni0.00)2SiO4 31.9414 0 0 0 36.7501 20.8971 10.2404 0.170967 0 0 0
5000.00 1133.15 0.824877 1.621701 -6797.601611 0.208404 0.818659 (Ca0.00Mg0.24Fe''0.48Mn0.28Co0.00Ni0.00)2SiO4 31.9197 0 0 0 36.9682 20.7958 10.1495 0.166813 0 0 0
5000.00 1128.15 0.826768 1.621507 -6811.634052 0.208776 0.819857 (Ca0.00Mg0.24Fe''0.49Mn0.28Co0.00Ni0.00)2SiO4 31.9093 0 0 0 37.0546 20.767 10.1065 0.162499 0 0 0
5000.00 1123.15 0.828640 1.621243 -6825.444665 0.209142 0.821027 (Ca0.00Mg0.24Fe''0.49Mn0.28Co0.00Ni0.00)2SiO4 31.8988 0 0 0 37.1415 20.7384 10.063 0.158261 0 0 0
5000.00 1118.15 0.830494 1.620910 -6839.037705 0.209503 0.822170 (Ca0.00Mg0.24Fe''0.49Mn0.28Co0.00Ni0.00)2SiO4 31.8882 0 0 0 37.2288 20.7099 10.019 0.154098 0 0 0
5000.00 1113.15 0.832330 1.620509 -6852.417157 0.209859 0.823287 (Ca0.00Mg0.24Fe''0.49Mn0.27Co0.00Ni0.00)2SiO4 31.8775 0 0 0 37.3167 20.6816 9.97431 0.150009 0 0 0
5000.00 1108.15 0.834149 1.620042 -6865.586769 0.210209 0.824378 (Ca0.00Mg0.23Fe''0.49Mn0.27Co0.00Ni0.00)2SiO4 31.8666 0 0 0 37.405 20.6534 9.92909 0.145995 0 0 0
5000.00 1103.15 0.835952 1.619509 -6878.550075 0.210554 0.825443 (Ca0.00Mg0.23Fe''0.49Mn0.27Co0.00Ni0.00)2SiO4 31.8556 0 0 0 37.4937 20.6253 9.88329 0.142054 0 0 0
5000.00 1098.15 0.837739 1.618912 -6891.310414 0.210894 0.826484 (Ca0.00Mg0.23Fe''0.49Mn0.27Co0.00Ni0.00)2SiO4 31.8445 0 0 0 37.583 20.5974 9.83692 0.138186 0 0 0
5000.00 1093.15 0.839510 1.618251 -6903.870964 0.211229 0.827499 (Ca0.00Mg0.23Fe''0.49Mn0.27Co0.00Ni0.00)2SiO4 31.8332 0 0 0 37.6728 20.5697 9.78996 0.134391 0 0 0
5000.00 1088.15 0.841266 1.617528 -6916.234748 0.211560 0.828491 (Ca0.00Mg0.23Fe''0.50Mn0.27Co0.00Ni0.00)2SiO4 31.8218 0 0 0 37.763 20.5421 9.74242 0.130667 0 0 0
5000.00 1083.15 0.843007 1.616742 -6928.404662 0.211885 0.829459 (Ca0.00Mg0.23Fe''0.50Mn0.27Co0.00Ni0.00)2SiO4 31.8103 0 0 0 37.8538 20.5146 9.6943 0.127014 0 0 0
5000.00 1078.15 0.844735 1.615896 -6940.383491 0.212207 0.830403 (Ca0.00Mg0.23Fe''0.50Mn0.27Co0.00Ni0.00)2SiO4 31.7987 0 0 0 37.945 20.4873 9.64558 0.123432 0 0 0
5000.00 1073.15 0.846448 1.614990 -6952.173921 0.212524 0.831325 (Ca0.00Mg0.23Fe''0.50Mn0.27Co0.00Ni0.00)2SiO4 31.7869 0 0 0 38.0368 20.4601 9.59628 0.119919 0 0 0
5000.00 1068.15 0.848148 1.614024 -6963.778560 0.212836 0.832223 (Ca0.00Mg0.23Fe''0.50Mn0.27Co0.00Ni0.00)2SiO4 31.775 0 0 0 38.1291 20.433 9.54639 0.116476 0 0 0
5000.00 1063.15 0.849835 1.612999 -6975.199950 0.213144 0.833099 (Ca0.00Mg0.22Fe''0.50Mn0.27Co0.00Ni0.00)2SiO4 31.763 0 0 0 38.2219 20.4061 9.4959 0.113101 0 0 0
5000.00 1058.15 0.851509 1.611917 -6986.440580 0.213449 0.833953 (Ca0.00Mg0.22Fe''0.50Mn0.27Co0.00Ni0.00)2SiO4 31.7508 0 0 0 38.3153 20.3793 9.44481 0.109795 0 0 0
5000.00 1053.15 0.853171 1.610777 -6997.502903 0.213749 0.834786 (Ca0.00Mg0.22Fe''0.51Mn0.27Co0.00Ni0.00)2SiO4 31.7385 0 0 0 38.4092 20.3526 9.39313 0.106555 0 0 0
5000.00 1048.15 0.854821 1.609580 -7008.389344 0.214045 0.835596 (Ca0.00Mg0.22Fe''0.51Mn0.27Co0.00Ni0.00)2SiO4 31.7261 0 0 0 38.5036 20.3261 9.34086 0.103383 0 0 0
5000.00 1043.15 0.856459 1.608327 -7019.102319 0.214337 0.836386 (Ca0.00Mg0.22Fe''0.51Mn0.27Co0.00Ni0.00)2SiO4 31.7135 0 0 0 38.5985 20.2997 9.28798 0.100276 0 0 0
5000.00 1038.15 0.858087 1.607019 -7029.644243 0.214626 0.837155 (Ca0.00Mg0.22Fe''0.51Mn0.27Co0.00Ni0.00)2SiO4 31.7008 0 0 0 38.694 20.2734 9.23451 0.0972349 0 0 0
5000.00 1033.15 0.859703 1.605656 -7040.017549 0.214911 0.837903 (Ca0.00Mg0.22Fe''0.51Mn0.27Co0.00Ni0.00)2SiO4 31.688 0 0 0 38.7901 20.2472 9.18044 0.0942584 0 0 0
5000.00 1028.15 0.861309 1.604238 -7050.224696 0.215192 0.838631 (Ca0.00Mg0.22Fe''0.51Mn0.27Co0.00Ni0.00)2SiO4 31.6751 0 0 0 38.8867 20.2211 9.12577 0.091346 0 0 0

rhm-oxide_0 thermodynamic data and composition:
Pressure Temperature mass S H V Cp formula SiO2 TiO2 Al2O3 Fe2O3 FeO MnO MgO CaO Na2O K2O P2O5
5000.00 1378.15 0.130939 0.264221 -961.200091 0.028610 0.119812 Mn0.03Fe''0.79Mg0.12Fe'''0.13Ti0.93O3 0 50.1887 0 7.14103 38.3213 1.22545 3.1236 0 0 0 0
5000.00 1373.15 0.318101 0.640728 -2335.580280 0.069474 0.290927 Mn0.03Fe''0.79Mg0.11Fe'''0.13Ti0.93O3 0 50.2233 0 7.03038 38.3579 1.32371 3.06472 0 0 0 0
5000.00 1368.15 0.478553 0.962173 -3514.700690 0.104473 0.437467 Mn0.03Fe''0.79Mg0.11Fe'''0.13Ti0.94O3 0 50.2592 0 6.92163 38.3876 1.42025 3.01132 0 0 0 0
5000.00 1363.15 0.617638 1.239570 -4537.836526 0.134783 0.564350 Mn0.03Fe''0.80Mg0.11Fe'''0.13Ti0.94O3 0 50.2955 0 6.81545 38.412 1.5148 2.96222 0 0 0 0
5000.00 1358.15 0.739674 1.481806 -5436.673859 0.161353 0.675551 Mn0.03Fe''0.80Mg0.11Fe'''0.13Ti0.94O3 0 50.3318 0 6.71201 38.4321 1.60751 2.91653 0 0 0 0
5000.00 1353.15 0.847856 1.695454 -6234.601966 0.184886 0.774009 Mn0.04Fe''0.80Mg0.11Fe'''0.12Ti0.94O3 0 50.3677 0 6.61137 38.4489 1.69847 2.87358 0 0 0 0
5000.00 1348.15 0.944593 1.885472 -6949.232465 0.205910 0.861941 Mn0.04Fe''0.80Mg0.10Fe'''0.12Ti0.94O3 0 50.4031 0 6.51351 38.4627 1.78781 2.83288 0 0 0 0
5000.00 1343.15 1.031741 2.055679 -7594.109475 0.224832 0.941055 Mn0.04Fe''0.80Mg0.10Fe'''0.12Ti0.94O3 0 50.4378 0 6.41835 38.4742 1.8756 2.79404 0 0 0 0
5000.00 1338.15 1.110754 2.209072 -8179.842414 0.241971 1.012688 Mn0.04Fe''0.80Mg0.10Fe'''0.12Ti0.94O3 0 50.4717 0 6.32581 38.4838 1.96191 2.75677 0 0 0 0
5000.00 1333.15 1.182794 2.348038 -8714.877271 0.257582 1.077908 Mn0.04Fe''0.80Mg0.10Fe'''0.12Ti0.94O3 0 50.5049 0 6.23578 38.4917 2.04682 2.72083 0 0 0 0
5000.00 1328.15 1.248796 2.474510 -9206.034596 0.271870 1.137576 Mn0.04Fe''0.80Mg0.10Fe'''0.11Ti0.94O3 0 50.5373 0 6.14815 38.4982 2.13037 2.68605 0 0 0 0
5000.00 1323.15 1.309529 2.590067 -9658.892875 0.285003 1.192399 Mn0.05Fe''0.80Mg0.10Fe'''0.11Ti0.94O3 0 50.5688 0 6.06279 38.5035 2.21262 2.65226 0 0 0 0
5000.00 1318.15 1.365626 2.696019 -10078.067009 0.297121 1.242961 Mn0.05Fe''0.80Mg0.10Fe'''0.11Ti0.94O3 0 50.5996 0 5.97962 38.5078 2.2936 2.61935 0 0 0 0
5000.00 1313.15 1.417621 2.793462 -10467.414091 0.308341 1.289749 Mn0.05Fe''0.80Mg0.10Fe'''0.11Ti0.94O3 0 50.6296 0 5.8985 38.5113 2.37335 2.58721 0 0 0 0
5000.00 1308.15 1.532649 3.015225 -11320.270335 0.333195 1.393917 Mn0.06Fe''0.80Mg0.09Fe'''0.11Ti0.95O3 0 50.6306 0 5.85311 38.3357 2.65345 2.52709 0 0 0 0
5000.00 1303.15 1.707457 3.354860 -12611.468140 0.370900 1.552525 Mn0.07Fe''0.79Mg0.09Fe'''0.11Ti0.95O3 0 50.5866 0 5.86243 37.8521 3.27703 2.42185 0 0 0 0
5000.00 1298.15 1.837544 3.605680 -13573.678865 0.398844 1.670394 Mn0.08Fe''0.78Mg0.09Fe'''0.11Ti0.95O3 0 50.5437 0 5.8712 37.3416 3.92522 2.31835 0 0 0 0
5000.00 1293.15 1.939449 3.800406 -14329.318928 0.420640 1.762579 Mn0.10Fe''0.77Mg0.08Fe'''0.11Ti0.94O3 0 50.5023 0 5.8792 36.8068 4.59448 2.21719 0 0 0 0
5000.00 1288.15 2.022301 3.957105 -14946.011407 0.438283 1.837393 Mn0.11Fe''0.75Mg0.08Fe'''0.11Ti0.94O3 0 50.4628 0 5.8862 36.2511 5.28102 2.11895 0 0 0 0
5000.00 1283.15 2.091529 4.086525 -15463.974839 0.452960 1.899775 Mn0.13Fe''0.74Mg0.08Fe'''0.11Ti0.94O3 0 50.4254 0 5.89196 35.6778 5.98073 2.02412 0 0 0 0
5000.00 1278.15 2.164470 4.220405 -16015.311022 0.468773 1.965310 Mn0.12Fe''0.75Mg0.08Fe'''0.11Ti0.95O3 0 50.4639 0 5.83677 35.9358 5.71187 2.05162 0 0 0 0
5000.00 1273.15 2.160550 4.204567 -15993.639083 0.467827 1.961072 Mn0.12Fe''0.75Mg0.08Fe'''0.11Ti0.95O3 0 50.4752 0 5.80731 36.0062 5.66923 2.04203 0 0 0 0
5000.00 1268.15 2.156539 4.188549 -15971.216052 0.466861 1.956747 Mn0.12Fe''0.75Mg0.08Fe'''0.11Ti0.95O3 0 50.4864 0 5.77783 36.0767 5.6267 2.0323 0 0 0 0
5000.00 1263.15 2.152432 4.172346 -15948.020020 0.465874 1.952333 Mn0.12Fe''0.75Mg0.08Fe'''0.11Ti0.95O3 0 50.4976 0 5.74831 36.1473 5.58429 2.02243 0 0 0 0
5000.00 1258.15 2.148227 4.155953 -15924.028035 0.464866 1.947827 Mn0.12Fe''0.75Mg0.07Fe'''0.11Ti0.95O3 0 50.5088 0 5.71876 36.218 5.542 2.01243 0 0 0 0
5000.00 1253.15 2.143920 4.139365 -15899.216037 0.463836 1.943225 Mn0.12Fe''0.76Mg0.07Fe'''0.11Ti0.95O3 0 50.5199 0 5.68919 36.2888 5.49983 2.00229 0 0 0 0
5000.00 1248.15 2.139509 4.122578 -15873.558777 0.462784 1.938526 Mn0.12Fe''0.76Mg0.07Fe'''0.11Ti0.95O3 0 50.531 0 5.65959 36.3597 5.45778 1.99201 0 0 0 0
5000.00 1243.15 2.134989 4.105586 -15847.029736 0.461708 1.933726 Mn0.11Fe''0.76Mg0.07Fe'''0.11Ti0.95O3 0 50.542 0 5.62995 36.4306 5.41585 1.9816 0 0 0 0
5000.00 1238.15 2.130357 4.088382 -15819.601034 0.460608 1.928822 Mn0.11Fe''0.76Mg0.07Fe'''0.11Ti0.95O3 0 50.553 0 5.60029 36.5016 5.37405 1.97105 0 0 0 0
5000.00 1233.15 2.125609 4.070961 -15791.243326 0.459483 1.923810 Mn0.11Fe''0.76Mg0.07Fe'''0.10Ti0.95O3 0 50.5639 0 5.5706 36.5727 5.33236 1.96037 0 0 0 0
5000.00 1228.15 2.120741 4.053316 -15761.925698 0.458332 1.918687 Mn0.11Fe''0.76Mg0.07Fe'''0.10Ti0.95O3 0 50.5748 0 5.54088 36.6439 5.2908 1.94956 0 0 0 0
5000.00 1223.15 2.115749 4.035441 -15731.615541 0.457155 1.913449 Mn0.11Fe''0.77Mg0.07Fe'''0.10Ti0.95O3 0 50.5857 0 5.51112 36.7152 5.24936 1.93862 0 0 0 0
5000.00 1218.15 2.110629 4.017329 -15700.278422 0.455950 1.908092 Mn0.11Fe''0.77Mg0.07Fe'''0.10Ti0.95O3 0 50.5966 0 5.48134 36.7865 5.20805 1.92755 0 0 0 0
5000.00 1213.15 2.105374 3.998971 -15667.877937 0.454716 1.902612 Mn0.11Fe''0.77Mg0.07Fe'''0.10Ti0.95O3 0 50.6074 0 5.45153 36.8579 5.16685 1.91635 0 0 0 0
5000.00 1208.15 2.099981 3.980360 -15634.375551 0.453453 1.897004 Mn0.11Fe''0.77Mg0.07Fe'''0.10Ti0.95O3 0 50.6181 0 5.42169 36.9294 5.12579 1.90502 0 0 0 0
5000.00 1203.15 2.094444 3.961487 -15599.730416 0.452158 1.891264 Mn0.11Fe''0.77Mg0.07Fe'''0.10Ti0.95O3 0 50.6289 0 5.39181 37.0009 5.08484 1.89356 0 0 0 0
5000.00 1198.15 2.088757 3.942344 -15563.899179 0.450832 1.885386 Mn0.11Fe''0.77Mg0.07Fe'''0.10Ti0.95O3 0 50.6396 0 5.36191 37.0725 5.04403 1.88198 0 0 0 0
5000.00 1193.15 2.082914 3.922920 -15526.835757 0.449472 1.879366 Mn0.11Fe''0.77Mg0.07Fe'''0.10Ti0.95O3 0 50.6502 0 5.33198 37.1442 5.00333 1.87028 0 0 0 0
5000.00 1188.15 2.076909 3.903206 -15488.491093 0.448077 1.873197 Mn0.10Fe''0.78Mg0.07Fe'''0.10Ti0.95O3 0 50.6609 0 5.30201 37.2159 4.96277 1.85845 0 0 0 0
5000.00 1183.15 2.070734 3.883191 -15448.812885 0.446646 1.866873 Mn0.10Fe''0.78Mg0.07Fe'''0.10Ti0.95O3 0 50.6715 0 5.27202 37.2877 4.92232 1.84651 0 0 0 0
5000.00 1178.15 2.064383 3.862862 -15407.745276 0.445178 1.860389 Mn0.10Fe''0.78Mg0.07Fe'''0.10Ti0.95O3 0 50.682 0 5.24199 37.3595 4.88201 1.83444 0 0 0 0
5000.00 1173.15 2.057847 3.842208 -15365.228507 0.443670 1.853736 Mn0.10Fe''0.78Mg0.07Fe'''0.10Ti0.95O3 0 50.6926 0 5.21194 37.4314 4.84182 1.82226 0 0 0 0
5000.00 1168.15 2.051118 3.821216 -15321.198537 0.442120 1.846908 Mn0.10Fe''0.78Mg0.07Fe'''0.10Ti0.95O3 0 50.7031 0 5.18185 37.5034 4.80175 1.80995 0 0 0 0
5000.00 1163.15 2.044187 3.799870 -15275.586594 0.440528 1.839897 Mn0.10Fe''0.78Mg0.07Fe'''0.10Ti0.95O3 0 50.7135 0 5.15173 37.5754 4.76181 1.79754 0 0 0 0
5000.00 1158.15 2.037045 3.778155 -15228.318681 0.438890 1.832695 Mn0.10Fe''0.79Mg0.07Fe'''0.10Ti0.95O3 0 50.724 0 5.12158 37.6474 4.72199 1.78501 0 0 0 0
5000.00 1153.15 2.029680 3.756055 -15179.315012 0.437205 1.825291 Mn0.10Fe''0.79Mg0.07Fe'''0.10Ti0.95O3 0 50.7344 0 5.0914 37.7195 4.68231 1.77236 0 0 0 0
5000.00 1148.15 1.586292 2.928739 -11863.234680 0.341582 1.425925 Mn0.10Fe''0.79Mg0.06Fe'''0.10Ti0.95O3 0 50.7282 0 5.08207 37.8298 4.61349 1.74644 0 0 0 0
5000.00 1143.15 1.011657 1.863442 -7565.511821 0.217769 0.908980 Mn0.10Fe''0.79Mg0.06Fe'''0.10Ti0.95O3 0 50.7209 0 5.07425 37.943 4.54195 1.71996 0 0 0 0
5000.00 1138.15 0.462096 0.849173 -3455.712100 0.099438 0.415011 Mn0.09Fe''0.79Mg0.06Fe'''0.10Ti0.95O3 0 50.715 0 5.06472 38.0529 4.47272 1.69466 0 0 0 0

feldspar_0 thermodynamic data and composition:
Pressure Temperature mass S H V Cp formula SiO2 TiO2 Al2O3 Fe2O3 FeO MnO MgO CaO Na2O K2O P2O5
5000.00 1508.15 2.177342 5.429169 -29521.826886 0.818650 2.693570 K0.00Na0.34Ca0.66Al1.66Si2.34O8 51.4975 0 31.0497 0 0 0 0 13.6001 3.82503 0.0277445 0
5000.00 1503.15 5.317343 13.250993 -72109.517855 2.001236 6.576642 K0.00Na0.35Ca0.65Al1.65Si2.35O8 51.8813 0 30.7904 0 0 0 0 13.2966 4.00083 0.0307658 0
5000.00 1498.15 8.285799 20.635093 -112387.714189 3.121378 10.245825 K0.00Na0.37Ca0.63Al1.63Si2.37O8 52.2475 0 30.5431 0 0 0 0 13.0071 4.16832 0.0340121 0
5000.00 1493.15 11.081095 27.576781 -150334.681191 4.178092 13.699130 K0.00Na0.38Ca0.62Al1.62Si2.38O8 52.5948 0 30.3084 0 0 0 0 12.7325 4.32691 0.0374767 0
5000.00 1488.15 13.698449 34.063684 -185885.519150 5.169213 16.930660 K0.00Na0.39Ca0.60Al1.60Si2.40O8 52.9224 0 30.0869 0 0 0 0 12.4733 4.47631 0.0411451 0
5000.00 1483.15 16.134697 40.087732 -218997.026755 6.093208 19.936542 K0.00Na0.40Ca0.59Al1.59Si2.41O8 53.2304 0 29.8786 0 0 0 0 12.2295 4.61652 0.0449968 0
5000.00 1478.15 18.390620 45.650931 -249679.262938 6.950063 22.717803 K0.00Na0.42Ca0.58Al1.58Si2.42O8 53.5191 0 29.6832 0 0 0 0 12.001 4.74773 0.0490076 0
5000.00 1473.15 20.471942 50.767802 -278009.114764 7.741670 25.281595 K0.00Na0.43Ca0.57Al1.57Si2.43O8 53.7894 0 29.5002 0 0 0 0 11.787 4.87029 0.0531524 0
5000.00 1468.15 22.386041 55.457123 -304085.874439 8.470578 27.637125 K0.00Na0.44Ca0.56Al1.56Si2.44O8 54.0417 0 29.3293 0 0 0 0 11.5871 4.98451 0.0574022 0
5000.00 1463.15 24.141466 59.740657 -328024.615362 9.139812 29.795051 K0.00Na0.45Ca0.55Al1.55Si2.45O8 54.2766 0 29.1701 0 0 0 0 11.4009 5.09064 0.0617239 0
5000.00 1458.15 25.747342 63.641661 -349948.238610 9.752642 31.766742 K0.00Na0.45Ca0.54Al1.54Si2.46O8 54.4946 0 29.0223 0 0 0 0 11.2281 5.18893 0.066082 0
5000.00 1453.15 27.245102 67.262648 -370419.630313 10.324511 33.603341 K0.00Na0.46Ca0.53Al1.53Si2.47O8 54.6929 0 28.8877 0 0 0 0 11.0708 5.27805 0.07049 0
5000.00 1448.15 28.603170 70.526842 -389007.831723 10.843423 35.266071 K0.00Na0.47Ca0.53Al1.53Si2.47O8 54.8755 0 28.7638 0 0 0 0 10.926 5.35993 0.0748582 0
5000.00 1443.15 29.830291 73.456712 -405830.530910 11.312575 36.765843 K0.00Na0.47Ca0.52Al1.52Si2.48O8 55.0427 0 28.6502 0 0 0 0 10.7932 5.43476 0.079144 0
5000.00 1438.15 30.936000 76.076634 -421016.209946 11.735479 38.114533 K0.00Na0.48Ca0.51Al1.51Si2.49O8 55.1948 0 28.5468 0 0 0 0 10.6724 5.50269 0.0833083 0
5000.00 1433.15 31.929117 78.409185 -434683.671625 12.115397 39.325125 K0.01Na0.49Ca0.51Al1.51Si2.49O8 55.3322 0 28.4533 0 0 0 0 10.5632 5.56389 0.0873156 0
5000.00 1428.15 32.818059 80.476025 -446946.220680 12.455461 40.404323 K0.01Na0.49Ca0.50Al1.50Si2.50O8 55.4554 0 28.3695 0 0 0 0 10.4653 5.61862 0.0911346 0
5000.00 1423.15 33.611069 82.298306 -457914.795514 12.758756 41.364196 K0.01Na0.49Ca0.50Al1.50Si2.50O8 55.565 0 28.2948 0 0 0 0 10.3782 5.6672 0.0947411 0
5000.00 1418.15 34.316308 83.896998 -467699.296068 13.028358 42.214917 K0.01Na0.50Ca0.50Al1.50Si2.50O8 55.6619 0 28.2289 0 0 0 0 10.3012 5.71 0.098119 0
5000.00 1413.15 34.941855 85.292827 -476408.449229 13.267327 42.966546 K0.01Na0.50Ca0.49Al1.49Si2.51O8 55.7469 0 28.1709 0 0 0 0 10.2335 5.74749 0.101261 0
5000.00 1408.15 35.495611 86.506048 -484148.640669 13.478671 43.628920 K0.01Na0.50Ca0.49Al1.49Si2.51O8 55.8212 0 28.1202 0 0 0 0 10.1743 5.78015 0.104168 0
5000.00 1403.15 35.985176 87.556120 -491022.227124 13.665294 44.211499 K0.01Na0.51Ca0.49Al1.49Si2.51O8 55.8859 0 28.076 0 0 0 0 10.1228 5.80849 0.106848 0
5000.00 1398.15 36.418866 88.464214 -497141.235122 13.830389 44.724607 K0.01Na0.51Ca0.49Al1.49Si2.51O8 55.9423 0 28.0374 0 0 0 0 10.0778 5.83308 0.109388 0
5000.00 1393.15 36.800825 89.241133 -502561.287394 13.975545 45.173435 K0.01Na0.51Ca0.48Al1.48Si2.52O8 55.9911 0 28.004 0 0 0 0 10.0388 5.85431 0.11172 0
5000.00 1388.15 37.137553 89.903429 -507370.026838 14.103265 45.566059 K0.01Na0.51Ca0.48Al1.48Si2.52O8 56.0335 0 27.975 0 0 0 0 10.005 5.87264 0.113866 0
5000.00 1383.15 37.434774 90.465664 -511644.634896 14.215755 45.909590 K0.01Na0.51Ca0.48Al1.48Si2.52O8 56.0703 0 27.9497 0 0 0 0 9.97557 5.88851 0.115848 0
5000.00 1378.15 37.827952 91.248396 -517245.598692 14.363247 46.369105 K0.01Na0.51Ca0.48Al1.48Si2.52O8 56.0718 0 27.9482 0 0 0 0 9.97396 5.88782 0.118187 0
5000.00 1373.15 38.256751 92.108692 -523344.316874 14.523476 46.871038 K0.01Na0.51Ca0.48Al1.48Si2.52O8 56.0549 0 27.959 0 0 0 0 9.98682 5.87855 0.12067 0
5000.00 1368.15 38.641954 92.860182 -528851.233018 14.667177 47.318998 K0.01Na0.51Ca0.48Al1.48Si2.52O8 56.0399 0 27.9686 0 0 0 0 9.99828 5.87021 0.122994 0
5000.00 1363.15 38.990017 93.518852 -533854.034548 14.796794 47.720950 K0.01Na0.51Ca0.48Al1.48Si2.52O8 56.0262 0 27.9773 0 0 0 0 10.0086 5.86261 0.125167 0
5000.00 1358.15 39.306589 94.098641 -538429.480432 14.914466 48.083857 K0.01Na0.51Ca0.48Al1.48Si2.52O8 56.0137 0 27.9854 0 0 0 0 10.0182 5.8556 0.127208 0
5000.00 1353.15 39.596213 94.610775 -542639.322591 15.021913 48.413319 K0.01Na0.51Ca0.48Al1.48Si2.52O8 56.0019 0 27.9928 0 0 0 0 10.0271 5.84904 0.129131 0
5000.00 1348.15 39.862571 95.064350 -546533.554686 15.120531 48.713875 K0.01Na0.51Ca0.48Al1.48Si2.52O8 55.9909 0 27.9998 0 0 0 0 10.0355 5.84286 0.130947 0
5000.00 1343.15 40.108672 95.466812 -550153.059649 15.211461 48.989236 K0.01Na0.51Ca0.48Al1.48Si2.52O8 55.9804 0 28.0065 0 0 0 0 10.0434 5.837 0.132667 0
5000.00 1338.15 40.337004 95.824317 -553531.597569 15.295645 49.242468 K0.01Na0.51Ca0.48Al1.48Si2.52O8 55.9704 0 28.0129 0 0 0 0 10.051 5.83141 0.1343 0
5000.00 1333.15 40.549639 96.141998 -556697.305718 15.373872 49.476127 K0.01Na0.51Ca0.48Al1.48Si2.52O8 55.9608 0 28.019 0 0 0 0 10.0583 5.82606 0.135854 0
5000.00 1328.15 40.748319 96.424172 -559673.839245 15.446803 49.692362 K0.01Na0.51Ca0.48Al1.48Si2.52O8 55.9516 0 28.0249 0 0 0 0 10.0653 5.82091 0.137335 0
5000.00 1323.15 40.934524 96.674504 -562481.246396 15.514998 49.892996 K0.01Na0.51Ca0.49Al1.49Si2.51O8 55.9427 0 28.0306 0 0 0 0 10.0721 5.81596 0.138749 0
5000.00 1318.15 41.109514 96.896121 -565136.646360 15.578937 50.079584 K0.01Na0.51Ca0.49Al1.49Si2.51O8 55.934 0 28.0361 0 0 0 0 10.0786 5.81117 0.140101 0
5000.00 1313.15 41.274375 97.091718 -567654.759189 15.639032 50.253465 K0.01Na0.51Ca0.49Al1.49Si2.51O8 55.9257 0 28.0414 0 0 0 0 10.085 5.80654 0.141396 0
5000.00 1308.15 41.742484 97.994617 -574333.417886 15.813542 51.118198 K0.01Na0.50Ca0.49Al1.49Si2.51O8 55.9048 0 28.0531 0 0 0 0 10.0995 5.79072 0.151855 0
5000.00 1303.15 42.501852 99.571260 -585005.095494 16.097832 52.015649 K0.01Na0.50Ca0.49Al1.49Si2.51O8 55.8709 0 28.0706 0 0 0 0 10.1218 5.76091 0.175786 0
5000.00 1298.15 43.059068 100.668724 -592902.587217 16.305757 52.665398 K0.01Na0.50Ca0.49Al1.49Si2.51O8 55.8441 0 28.0837 0 0 0 0 10.1389 5.73557 0.197712 0
5000.00 1293.15 43.487475 101.460455 -599034.089977 16.465017 53.157402 K0.01Na0.50Ca0.49Al1.49Si2.51O8 55.8216 0 28.0944 0 0 0 0 10.1529 5.71346 0.217604 0
5000.00 1288.15 43.827496 102.042095 -603955.318967 16.590874 53.541245 K0.01Na0.50Ca0.49Al1.49Si2.51O8 55.802 0 28.1036 0 0 0 0 10.1651 5.69388 0.235438 0
5000.00 1283.15 44.103146 102.470513 -607996.335146 16.692394 53.846388 K0.01Na0.50Ca0.49Al1.49Si2.51O8 55.7844 0 28.1119 0 0 0 0 10.1761 5.67642 0.251198 0
5000.00 1278.15 44.588370 103.378773 -614896.115932 16.872821 54.402786 K0.02Na0.49Ca0.49Al1.49Si2.51O8 55.7542 0 28.1246 0 0 0 0 10.1936 5.64243 0.285169 0
5000.00 1273.15 44.576210 103.137667 -614999.831662 16.866049 54.359778 K0.02Na0.49Ca0.49Al1.49Si2.51O8 55.7549 0 28.1241 0 0 0 0 10.193 5.64274 0.285247 0
5000.00 1268.15 44.563830 102.895445 -615100.202041 16.859199 54.316410 K0.02Na0.49Ca0.49Al1.49Si2.51O8 55.7557 0 28.1235 0 0 0 0 10.1924 5.64306 0.285326 0
5000.00 1263.15 44.551223 102.652092 -615197.146224 16.852268 54.272681 K0.02Na0.49Ca0.49Al1.49Si2.51O8 55.7565 0 28.123 0 0 0 0 10.1917 5.64339 0.285407 0
5000.00 1258.15 44.538385 102.407595 -615290.580219 16.845253 54.228589 K0.02Na0.49Ca0.49Al1.49Si2.51O8 55.7574 0 28.1224 0 0 0 0 10.191 5.64372 0.285489 0
5000.00 1253.15 44.525308 102.161937 -615380.416708 16.838154 54.184137 K0.02Na0.49Ca0.49Al1.49Si2.51O8 55.7582 0 28.1218 0 0 0 0 10.1904 5.64406 0.285573 0
5000.00 1248.15 44.511987 101.915104 -615466.564848 16.830967 54.139324 K0.02Na0.49Ca0.49Al1.49Si2.51O8 55.7591 0 28.1212 0 0 0 0 10.1897 5.64441 0.285658 0
5000.00 1243.15 44.498416 101.667079 -615548.930053 16.823691 54.094151 K0.02Na0.49Ca0.49Al1.49Si2.51O8 55.76 0 28.1206 0 0 0 0 10.1889 5.64477 0.285746 0
5000.00 1238.15 44.484587 101.417846 -615627.413766 16.816322 54.048618 K0.02Na0.49Ca0.49Al1.49Si2.51O8 55.7609 0 28.1199 0 0 0 0 10.1882 5.64514 0.285834 0
5000.00 1233.15 44.470494 101.167388 -615701.913203 16.808858 54.002729 K0.02Na0.49Ca0.49Al1.49Si2.51O8 55.7618 0 28.1193 0 0 0 0 10.1874 5.64552 0.285925 0
5000.00 1228.15 44.456129 100.915687 -615772.321081 16.801297 53.956485 K0.02Na0.49Ca0.49Al1.49Si2.51O8 55.7628 0 28.1186 0 0 0 0 10.1867 5.64591 0.286017 0
5000.00 1223.15 44.441485 100.662724 -615838.525311 16.793635 53.909888 K0.02Na0.49Ca0.49Al1.49Si2.51O8 55.7638 0 28.1179 0 0 0 0 10.1859 5.64631 0.286112 0
5000.00 1218.15 44.426553 100.408481 -615900.408676 16.785870 53.862944 K0.02Na0.49Ca0.49Al1.49Si2.51O8 55.7648 0 28.1172 0 0 0 0 10.1851 5.64672 0.286208 0
5000.00 1213.15 44.411326 100.152936 -615957.848465 16.777998 53.815655 K0.02Na0.49Ca0.49Al1.49Si2.51O8 55.7658 0 28.1165 0 0 0 0 10.1842 5.64714 0.286306 0
5000.00 1208.15 44.395793 99.896070 -616010.716077 16.770016 53.768027 K0.02Na0.49Ca0.49Al1.49Si2.51O8 55.7669 0 28.1158 0 0 0 0 10.1834 5.64758 0.286406 0
5000.00 1203.15 44.379947 99.637860 -616058.876585 16.761921 53.720067 K0.02Na0.49Ca0.49Al1.49Si2.51O8 55.768 0 28.115 0 0 0 0 10.1825 5.64802 0.286508 0
5000.00 1198.15 44.363776 99.378284 -616102.188255 16.753709 53.671781 K0.02Na0.49Ca0.49Al1.49Si2.51O8 55.7691 0 28.1142 0 0 0 0 10.1816 5.64849 0.286613 0
5000.00 1193.15 44.347272 99.117318 -616140.502005 16.745376 53.623179 K0.02Na0.49Ca0.49Al1.49Si2.51O8 55.7703 0 28.1134 0 0 0 0 10.1806 5.64896 0.286719 0
5000.00 1188.15 44.330423 98.854937 -616173.660816 16.736919 53.574271 K0.02Na0.49Ca0.49Al1.49Si2.51O8 55.7715 0 28.1126 0 0 0 0 10.1797 5.64945 0.286828 0
5000.00 1183.15 44.313217 98.591114 -616201.499069 16.728332 53.525068 K0.02Na0.49Ca0.49Al1.49Si2.51O8 55.7727 0 28.1117 0 0 0 0 10.1787 5.64996 0.28694 0
5000.00 1178.15 44.295642 98.325824 -616223.841806 16.719613 53.475583 K0.02Na0.49Ca0.49Al1.49Si2.51O8 55.774 0 28.1108 0 0 0 0 10.1776 5.65048 0.287054 0
5000.00 1173.15 44.277687 98.059035 -616240.503898 16.710754 53.425834 K0.02Na0.49Ca0.49Al1.49Si2.51O8 55.7753 0 28.1099 0 0 0 0 10.1766 5.65103 0.28717 0
5000.00 1168.15 44.259336 97.790719 -616251.289119 16.701753 53.375837 K0.02Na0.49Ca0.49Al1.49Si2.51O8 55.7767 0 28.109 0 0 0 0 10.1755 5.65159 0.287289 0
5000.00 1163.15 44.240576 97.520842 -616255.989090 16.692603 53.325614 K0.02Na0.49Ca0.49Al1.49Si2.51O8 55.7781 0 28.108 0 0 0 0 10.1743 5.65217 0.287411 0
5000.00 1158.15 44.221392 97.249370 -616254.382092 16.683299 53.275189 K0.02Na0.49Ca0.49Al1.49Si2.51O8 55.7795 0 28.107 0 0 0 0 10.1732 5.65277 0.287536 0
5000.00 1153.15 44.201766 96.976267 -616246.231713 16.673834 53.224589 K0.02Na0.49Ca0.49Al1.49Si2.51O8 55.7811 0 28.1059 0 0 0 0 10.1719 5.6534 0.287663 0
5000.00 1148.15 43.516015 95.288503 -606873.974192 16.420928 52.386391 K0.02Na0.50Ca0.48Al1.48Si2.52O8 55.9566 0 27.9867 0 0 0 0 10.0326 5.73197 0.292145 0
5000.00 1143.15 42.631792 93.186075 -594702.609499 16.095516 51.315081 K0.02Na0.51Ca0.47Al1.47Si2.53O8 56.1916 0 27.8271 0 0 0 0 9.84607 5.83709 0.298206 0
5000.00 1138.15 41.787704 91.175998 -583085.855606 15.784787 50.293073 K0.02Na0.52Ca0.47Al1.47Si2.53O8 56.4237 0 27.6694 0 0 0 0 9.66181 5.94091 0.304231 0
5000.00 1133.15 41.077476 89.455589 -573343.237833 15.523013 49.431053 K0.02Na0.53Ca0.46Al1.46Si2.54O8 56.6251 0 27.5325 0 0 0 0 9.50193 6.03098 0.309492 0
5000.00 1128.15 41.064233 89.209002 -573404.142059 15.516127 49.393503 K0.02Na0.53Ca0.46Al1.46Si2.54O8 56.6282 0 27.5304 0 0 0 0 9.49942 6.03237 0.309593 0
5000.00 1123.15 41.050894 88.961461 -573463.438480 15.509205 49.356618 K0.02Na0.53Ca0.46Al1.46Si2.54O8 56.6313 0 27.5283 0 0 0 0 9.49695 6.03375 0.309695 0
5000.00 1118.15 41.037451 88.712945 -573521.047160 15.502244 49.320495 K0.02Na0.53Ca0.46Al1.46Si2.54O8 56.6344 0 27.5262 0 0 0 0 9.49449 6.03512 0.309798 0
5000.00 1113.15 41.023900 88.463430 -573576.886931 15.495243 49.285248 K0.02Na0.53Ca0.46Al1.46Si2.54O8 56.6375 0 27.5241 0 0 0 0 9.49207 6.03647 0.309901 0
5000.00 1108.15 41.010234 88.212894 -573630.875480 15.488198 49.251006 K0.02Na0.53Ca0.46Al1.46Si2.54O8 56.6405 0 27.522 0 0 0 0 9.48966 6.03781 0.310005 0
5000.00 1103.15 40.996446 87.961313 -573682.929468 15.481108 49.217918 K0.02Na0.53Ca0.46Al1.46Si2.54O8 56.6435 0 27.52 0 0 0 0 9.48729 6.03913 0.310111 0
5000.00 1098.15 40.982532 87.708661 -573732.964678 15.473969 49.186156 K0.02Na0.53Ca0.46Al1.46Si2.54O8 56.6465 0 27.518 0 0 0 0 9.48493 6.04043 0.310217 0
5000.00 1093.15 40.968483 87.454911 -573780.896209 15.466779 49.155917 K0.02Na0.53Ca0.46Al1.46Si2.54O8 56.6494 0 27.516 0 0 0 0 9.4826 6.04172 0.310324 0
5000.00 1088.15 40.954294 87.200037 -573826.638716 15.459536 49.127431 K0.02Na0.53Ca0.46Al1.46Si2.54O8 56.6523 0 27.514 0 0 0 0 9.48029 6.043 0.310433 0
5000.00 1083.15 40.939957 86.944009 -573870.106710 15.452235 49.100966 K0.02Na0.53Ca0.46Al1.46Si2.54O8 56.6551 0 27.512 0 0 0 0 9.47801 6.04426 0.310543 0
5000.00 1078.15 40.925467 86.686796 -573911.214925 15.444875 49.076834 K0.02Na0.53Ca0.46Al1.46Si2.54O8 56.658 0 27.5101 0 0 0 0 9.47575 6.04551 0.310653 0
5000.00 1073.15 40.910816 86.428366 -573949.878773 15.437453 49.055400 K0.02Na0.53Ca0.46Al1.46Si2.54O8 56.6608 0 27.5082 0 0 0 0 9.47351 6.04675 0.310766 0
5000.00 1068.15 40.895998 86.168685 -573986.014904 15.429965 49.037094 K0.02Na0.53Ca0.46Al1.46Si2.54O8 56.6636 0 27.5063 0 0 0 0 9.47129 6.04797 0.310879 0
5000.00 1063.15 40.881006 85.907715 -574019.541886 15.422409 49.022423 K0.02Na0.53Ca0.46Al1.46Si2.54O8 56.6663 0 27.5044 0 0 0 0 9.4691 6.04917 0.310994 0
5000.00 1058.15 40.865832 85.645418 -574050.381049 15.414781 49.011987 K0.02Na0.53Ca0.46Al1.46Si2.54O8 56.6691 0 27.5025 0 0 0 0 9.46693 6.05037 0.31111 0
5000.00 1053.15 40.850471 85.381749 -574078.457512 15.407078 49.006501 K0.02Na0.53Ca0.46Al1.46Si2.54O8 56.6718 0 27.5007 0 0 0 0 9.46477 6.05155 0.311228 0
5000.00 1048.15 40.834915 85.116662 -574103.701444 15.399297 49.006815 K0.02Na0.53Ca0.46Al1.46Si2.54O8 56.6744 0 27.4989 0 0 0 0 9.46264 6.05271 0.311347 0
5000.00 1043.15 40.819158 84.850106 -574126.049622 15.391434 49.013950 K0.02Na0.53Ca0.46Al1.46Si2.54O8 56.6771 0 27.497 0 0 0 0 9.46052 6.05387 0.311468 0
5000.00 1038.15 40.803193 84.582024 -574145.447323 15.383486 49.029126 K0.02Na0.53Ca0.46Al1.46Si2.54O8 56.6797 0 27.4952 0 0 0 0 9.45842 6.05502 0.311591 0
5000.00 1033.15 40.787016 84.312354 -574161.850667 15.375450 49.053815 K0.02Na0.53Ca0.45Al1.45Si2.55O8 56.6823 0 27.4935 0 0 0 0 9.45634 6.05615 0.311715 0
5000.00 1028.15 40.770619 84.041024 -574175.229457 15.367321 49.089782 K0.02Na0.53Ca0.45Al1.45Si2.55O8 56.6849 0 27.4917 0 0 0 0 9.45427 6.05727 0.311841 0

clinopyroxene_1 thermodynamic data and composition:
Pressure Temperature mass S H V Cp structure formula SiO2 TiO2 Al2O3 Fe2O3 FeO MnO MgO CaO Na2O K2O P2O5
5000.00 1453.15 1.516837 3.588172 -17707.402282 0.454732 1.803529 cpx Na0.01Ca0.33Fe''0.53Mg1.01Fe'''0.04Ti0.01Al0.17Si1.89O6 50.7844 0.334629 3.86864 1.29887 17.0026 0 18.2486 8.26775 0.194544 0 0
5000.00 1448.15 2.987549 7.050224 -34740.146544 0.893900 3.545046 cpx Na0.01Ca0.32Fe''0.55Mg1.01Fe'''0.04Ti0.01Al0.17Si1.89O6 50.6941 0.342381 3.82891 1.30806 17.4837 0 18.0382 8.11158 0.193051 0 0
5000.00 1443.15 4.341441 10.220687 -50293.035643 1.296553 5.141512 cpx Na0.01Ca0.32Fe''0.56Mg1.00Fe'''0.04Ti0.01Al0.17Si1.89O6 50.6095 0.349418 3.78868 1.31418 17.9524 0 17.8388 7.95591 0.191186 0 0
5000.00 1438.15 5.586860 13.121367 -64486.311151 1.665471 6.603990 cpx Na0.01Ca0.31Fe''0.58Mg0.99Fe'''0.04Ti0.01Al0.17Si1.90O6 50.531 0.355725 3.74799 1.31709 18.406 0 17.6514 7.80181 0.188986 0 0
5000.00 1433.15 6.731170 15.771586 -77427.403103 2.003118 7.942294 cpx Na0.01Ca0.31Fe''0.59Mg0.98Fe'''0.04Ti0.01Al0.16Si1.90O6 50.4594 0.361288 3.70692 1.31676 18.8421 0 17.477 7.65013 0.186491 0 0
5000.00 1428.15 7.781032 18.188852 -89213.886409 2.311730 9.165309 cpx Na0.01Ca0.30Fe''0.61Mg0.97Fe'''0.04Ti0.01Al0.16Si1.90O6 50.3948 0.366099 3.66557 1.3132 19.2589 0 17.3161 7.50158 0.183742 0 0
5000.00 1423.15 8.742696 20.389548 -99936.532572 2.593392 10.281333 cpx Na0.01Ca0.30Fe''0.62Mg0.96Fe'''0.04Ti0.01Al0.16Si1.90O6 50.3374 0.370153 3.62408 1.30654 19.655 0 17.1693 7.35674 0.180784 0 0
5000.00 1418.15 9.622240 22.389485 -109681.727734 2.850111 11.298339 cpx Na0.01Ca0.29Fe''0.63Mg0.96Fe'''0.04Ti0.01Al0.16Si1.90O6 50.2873 0.373457 3.58258 1.29697 20.0296 0 17.0365 7.21598 0.177661 0 0
5000.00 1413.15 10.425705 24.204201 -118532.836088 3.083853 12.224131 cpx Na0.01Ca0.29Fe''0.64Mg0.95Fe'''0.04Ti0.01Al0.16Si1.90O6 50.2441 0.376025 3.54122 1.28474 20.3826 0 16.9173 7.07955 0.174416 0 0
5000.00 1408.15 11.159129 25.849045 -126570.551015 3.296551 13.066387 cpx Na0.01Ca0.28Fe''0.66Mg0.95Fe'''0.04Ti0.01Al0.16Si1.90O6 50.2077 0.377877 3.50012 1.27015 20.7142 0 16.8113 6.9476 0.171088 0 0
5000.00 1403.15 11.828499 27.339065 -133872.473697 3.490097 13.832602 cpx Na0.01Ca0.28Fe''0.67Mg0.94Fe'''0.04Ti0.01Al0.15Si1.90O6 50.1775 0.379041 3.45939 1.25352 21.0253 0 16.7174 6.82014 0.167714 0 0
5000.00 1398.15 12.449102 28.710478 -140615.530137 3.669058 14.540924 cpx Na0.01Ca0.27Fe''0.68Mg0.94Fe'''0.04Ti0.01Al0.15Si1.90O6 50.1525 0.379905 3.41863 1.23494 21.3198 0 16.6343 6.69572 0.164265 0 0
5000.00 1393.15 13.014914 29.950331 -146741.240625 3.831775 15.184730 cpx Na0.01Ca0.27Fe''0.69Mg0.94Fe'''0.03Ti0.01Al0.15Si1.90O6 50.1329 0.38008 3.37842 1.21491 21.5953 0 16.5618 6.57585 0.160833 0 0
5000.00 1388.15 13.532016 31.073416 -152322.378596 3.980096 15.771347 cpx Na0.01Ca0.26Fe''0.69Mg0.93Fe'''0.03Ti0.01Al0.15Si1.90O6 50.1181 0.379615 3.33877 1.19372 21.8534 0 16.4987 6.46033 0.157437 0 0
5000.00 1383.15 14.005481 32.092071 -157419.175508 4.115561 16.306863 cpx Na0.01Ca0.26Fe''0.70Mg0.93Fe'''0.03Ti0.01Al0.15Si1.90O6 50.1076 0.378541 3.29967 1.17162 22.0956 0 16.4439 6.34902 0.154093 0 0
5000.00 1378.15 14.183340 32.430215 -159254.446063 4.164876 16.499135 cpx Na0.01Ca0.26Fe''0.71Mg0.93Fe'''0.03Ti0.01Al0.15Si1.91O6 50.1206 0.368717 3.24919 1.14273 22.2931 0 16.3984 6.27685 0.150411 0 0
5000.00 1373.15 14.195180 32.388496 -159277.280153 4.166035 16.499707 cpx Na0.01Ca0.25Fe''0.71Mg0.93Fe'''0.03Ti0.01Al0.14Si1.91O6 50.1484 0.354381 3.19332 1.11031 22.4567 0 16.3643 6.22602 0.146658 0 0
5000.00 1368.15 14.212470 32.359945 -159378.852320 4.168954 16.507491 cpx Na0.01Ca0.25Fe''0.72Mg0.93Fe'''0.03Ti0.01Al0.14Si1.91O6 50.177 0.340948 3.13993 1.07861 22.6084 0 16.3387 6.17332 0.143092 0 0
5000.00 1363.15 14.234988 32.343769 -159552.491233 4.173523 16.521997 cpx Na0.01Ca0.25Fe''0.72Mg0.93Fe'''0.03Ti0.01Al0.14Si1.91O6 50.2058 0.32832 3.08897 1.04781 22.7507 0 16.3197 6.11904 0.139699 0 0
5000.00 1358.15 14.262035 32.338137 -159787.301335 4.179505 16.542236 cpx Na0.01Ca0.25Fe''0.73Mg0.93Fe'''0.03Ti0.01Al0.14Si1.91O6 50.2343 0.316404 3.04031 1.01797 22.8854 0 16.3056 6.06352 0.136464 0 0
5000.00 1353.15 14.293017 32.341514 -160074.381980 4.186703 16.567389 cpx Na0.01Ca0.25Fe''0.73Mg0.93Fe'''0.03Ti0.01Al0.13Si1.91O6 50.2624 0.305125 2.99376 0.989108 23.014 0 16.2953 6.007 0.133374 0 0
5000.00 1348.15 14.327424 32.352599 -160406.361300 4.194951 16.596766 cpx Na0.01Ca0.24Fe''0.74Mg0.93Fe'''0.03Ti0.01Al0.13Si1.92O6 50.2898 0.294421 2.94917 0.961218 23.1374 0 16.2879 5.9497 0.130415 0 0
5000.00 1343.15 14.364815 32.370268 -160776.993174 4.204105 16.629777 cpx Na0.01Ca0.24Fe''0.74Mg0.93Fe'''0.03Ti0.01Al0.13Si1.92O6 50.3164 0.284239 2.90641 0.934277 23.2564 0 16.2828 5.89178 0.127578 0 0
5000.00 1338.15 14.404799 32.393537 -161180.907464 4.214042 16.665909 cpx Na0.01Ca0.24Fe''0.75Mg0.93Fe'''0.03Ti0.01Al0.13Si1.92O6 50.3422 0.274535 2.86534 0.908256 23.3718 0 16.2796 5.8334 0.124854 0 0
5000.00 1333.15 14.447028 32.421541 -161613.443293 4.224652 16.704711 cpx Na0.01Ca0.24Fe''0.75Mg0.93Fe'''0.03Ti0.01Al0.13Si1.92O6 50.3672 0.265271 2.82585 0.883122 23.484 0 16.2777 5.77467 0.122235 0 0
5000.00 1328.15 14.491195 32.453518 -162070.530085 4.235839 16.745787 cpx Na0.01Ca0.23Fe''0.75Mg0.93Fe'''0.02Ti0.01Al0.13Si1.92O6 50.3912 0.256414 2.78782 0.85884 23.5934 0 16.2769 5.7157 0.119713 0 0
5000.00 1323.15 14.537025 32.488791 -162548.597848 4.247517 16.788788 cpx Na0.01Ca0.23Fe''0.76Mg0.93Fe'''0.02Ti0.01Al0.12Si1.92O6 50.4143 0.247934 2.75115 0.835374 23.7004 0 16.277 5.65656 0.117283 0 0
5000.00 1318.15 14.584272 32.526761 -163044.506531 4.259611 16.833404 cpx Na0.01Ca0.23Fe''0.76Mg0.93Fe'''0.02Ti0.01Al0.12Si1.92O6 50.4366 0.239807 2.71577 0.812688 23.8052 0 16.2776 5.59735 0.11494 0 0
5000.00 1313.15 14.632721 32.566899 -163555.488591 4.272053 16.879363 cpx Na0.01Ca0.23Fe''0.76Mg0.93Fe'''0.02Ti0.01Al0.12Si1.93O6 50.4579 0.232008 2.68159 0.790748 23.9082 0 16.2787 5.53811 0.112677 0 0
5000.00 1308.15 14.627551 32.488350 -163480.263838 4.268891 16.863816 cpx Na0.01Ca0.22Fe''0.77Mg0.93Fe'''0.02Ti0.01Al0.12Si1.93O6 50.4721 0.224513 2.65998 0.773259 23.9996 0 16.2808 5.47914 0.110687 0 0
5000.00 1303.15 14.582097 32.321876 -162975.209052 4.254077 16.802457 cpx Na0.01Ca0.22Fe''0.77Mg0.93Fe'''0.02Ti0.01Al0.12Si1.93O6 50.4767 0.217085 2.65606 0.761956 24.0735 0 16.2843 5.42123 0.109138 0 0
5000.00 1298.15 14.580974 32.253590 -162965.669068 4.252208 16.792125 cpx Na0.01Ca0.22Fe''0.77Mg0.93Fe'''0.02Ti0.01Al0.12Si1.93O6 50.482 0.20968 2.65112 0.750678 24.1471 0 16.2875 5.36416 0.107701 0 0
5000.00 1293.15 14.606812 32.244510 -163256.322800 4.258191 16.812687 cpx Na0.01Ca0.22Fe''0.77Mg0.93Fe'''0.02Ti0.01Al0.12Si1.93O6 50.4874 0.202342 2.64559 0.739506 24.2211 0 16.29 5.30779 0.106353 0 0
5000.00 1288.15 14.650168 32.273448 -163740.985386 4.269257 16.853196 cpx Na0.01Ca0.21Fe''0.78Mg0.93Fe'''0.02Ti0.01Al0.12Si1.93O6 50.4926 0.195101 2.63971 0.72848 24.2958 0 16.2913 5.252 0.105079 0 0
5000.00 1283.15 14.705457 32.327878 -164356.898023 4.283769 16.907184 cpx Na0.01Ca0.21Fe''0.78Mg0.93Fe'''0.02Ti0.01Al0.12Si1.93O6 50.4974 0.187982 2.63365 0.717619 24.3714 0 16.2914 5.19669 0.103873 0 0
5000.00 1278.15 14.545111 31.913427 -162650.847042 4.236326 16.718282 cpx Na0.01Ca0.21Fe''0.78Mg0.93Fe'''0.02Ti0.01Al0.12Si1.93O6 50.5113 0.185958 2.6328 0.704368 24.3967 0 16.3409 5.1257 0.102216 0 0
5000.00 1273.15 14.638813 32.051996 -163691.398259 4.261938 16.816536 cpx Na0.01Ca0.21Fe''0.78Mg0.93Fe'''0.02Ti0.01Al0.12Si1.93O6 50.5135 0.182197 2.6275 0.694066 24.476 0 16.3455 5.05986 0.101358 0 0
5000.00 1268.15 14.729930 32.183777 -164703.017541 4.286776 16.911598 cpx Na0.01Ca0.20Fe''0.78Mg0.93Fe'''0.02Ti0.01Al0.12Si1.93O6 50.5155 0.1785 2.6223 0.683863 24.5549 0 16.3497 4.99484 0.100513 0 0
5000.00 1263.15 14.818595 32.309095 -165687.200157 4.310881 17.003625 cpx Na0.01Ca0.20Fe''0.79Mg0.93Fe'''0.02Ti0.01Al0.12Si1.93O6 50.5172 0.174866 2.61718 0.67376 24.6334 0 16.3532 4.93061 0.0996814 0 0
5000.00 1258.15 14.904937 32.428254 -166645.345074 4.334290 17.092766 cpx Na0.01Ca0.20Fe''0.79Mg0.93Fe'''0.02Ti0.00Al0.12Si1.93O6 50.5188 0.171293 2.61216 0.663754 24.7117 0 16.3563 4.86716 0.0988618 0 0
5000.00 1253.15 14.989073 32.541541 -167578.763313 4.357038 17.179159 cpx Na0.01Ca0.20Fe''0.79Mg0.93Fe'''0.02Ti0.00Al0.12Si1.93O6 50.5201 0.167779 2.60721 0.653846 24.7897 0 16.3588 4.80447 0.0980543 0 0
5000.00 1248.15 15.071116 32.649221 -168488.685480 4.379157 17.262936 cpx Na0.01Ca0.19Fe''0.79Mg0.93Fe'''0.02Ti0.00Al0.12Si1.93O6 50.5212 0.164325 2.60236 0.644033 24.8675 0 16.3608 4.74251 0.0972587 0 0
5000.00 1243.15 15.151171 32.751547 -169376.268587 4.400681 17.344218 cpx Na0.01Ca0.19Fe''0.80Mg0.93Fe'''0.02Ti0.00Al0.12Si1.93O6 50.5221 0.160928 2.59758 0.634316 24.945 0 16.3623 4.68128 0.0964745 0 0
5000.00 1238.15 15.229336 32.848754 -170242.602227 4.421636 17.423121 cpx Na0.01Ca0.19Fe''0.80Mg0.93Fe'''0.02Ti0.00Al0.12Si1.93O6 50.5229 0.157587 2.5929 0.624693 25.0223 0 16.3632 4.62075 0.0957016 0 0
5000.00 1233.15 15.305705 32.941066 -171088.714200 4.442052 17.499754 cpx Na0.01Ca0.19Fe''0.80Mg0.93Fe'''0.02Ti0.00Al0.12Si1.93O6 50.5234 0.154301 2.58829 0.615163 25.0993 0 16.3637 4.56091 0.0949397 0 0
5000.00 1228.15 15.380367 33.028694 -171915.575636 4.461954 17.574220 cpx Na0.01Ca0.18Fe''0.81Mg0.93Fe'''0.02Ti0.00Al0.12Si1.93O6 50.5237 0.15107 2.58377 0.605726 25.1762 0 16.3636 4.50174 0.0941886 0 0
5000.00 1223.15 15.453406 33.111835 -172724.105687 4.481367 17.646616 cpx Na0.01Ca0.18Fe''0.81Mg0.93Fe'''0.02Ti0.00Al0.12Si1.93O6 50.5238 0.147893 2.57934 0.596382 25.2528 0 16.3631 4.44323 0.093448 0 0
5000.00 1218.15 15.524900 33.190679 -173515.175833 4.500314 17.717034 cpx Na0.01Ca0.18Fe''0.81Mg0.93Fe'''0.02Ti0.00Al0.12Si1.93O6 50.5237 0.144767 2.57499 0.587128 25.3293 0 16.362 4.38536 0.0927178 0 0
5000.00 1213.15 15.594926 33.265403 -174289.613843 4.518818 17.785563 cpx Na0.01Ca0.18Fe''0.81Mg0.93Fe'''0.02Ti0.00Al0.12Si1.93O6 50.5234 0.141693 2.57072 0.577966 25.4057 0 16.3604 4.32812 0.0919976 0 0
5000.00 1208.15 15.663556 33.336178 -175048.207447 4.536901 17.852285 cpx Na0.01Ca0.18Fe''0.82Mg0.93Fe'''0.02Ti0.00Al0.12Si1.93O6 50.5229 0.13867 2.56653 0.568893 25.4819 0 16.3584 4.27151 0.0912873 0 0
5000.00 1203.15 15.730859 33.403165 -175791.707738 4.554581 17.917280 cpx Na0.01Ca0.17Fe''0.82Mg0.93Fe'''0.02Ti0.00Al0.12Si1.93O6 50.5222 0.135697 2.56243 0.55991 25.5579 0 16.3558 4.21549 0.0905866 0 0
5000.00 1198.15 15.796899 33.466517 -176520.832349 4.571878 17.980623 cpx Na0.01Ca0.17Fe''0.82Mg0.93Fe'''0.02Ti0.00Al0.12Si1.93O6 50.5212 0.132772 2.55841 0.551016 25.6338 0 16.3527 4.16008 0.0898955 0 0
5000.00 1193.15 15.861741 33.526381 -177236.268431 4.588812 18.042388 cpx Na0.01Ca0.17Fe''0.82Mg0.93Fe'''0.02Ti0.00Al0.12Si1.93O6 50.5201 0.129895 2.55447 0.54221 25.7097 0 16.3492 4.10524 0.0892137 0 0
5000.00 1188.15 15.925445 33.582898 -177938.675468 4.605400 18.102643 cpx Na0.01Ca0.17Fe''0.83Mg0.93Fe'''0.02Ti0.00Al0.12Si1.93O6 50.5188 0.127066 2.55062 0.533491 25.7854 0 16.3451 4.05097 0.088541 0 0
5000.00 1183.15 15.988069 33.636202 -178628.687944 4.621658 18.161456 cpx Na0.01Ca0.16Fe''0.83Mg0.93Fe'''0.02Ti0.00Al0.11Si1.93O6 50.5173 0.124284 2.54685 0.52486 25.861 0 16.3406 3.99727 0.0878772 0 0
5000.00 1178.15 16.049670 33.686423 -179306.917897 4.637604 18.218891 cpx Na0.01Ca0.16Fe''0.83Mg0.93Fe'''0.01Ti0.00Al0.11Si1.93O6 50.5155 0.121547 2.54317 0.516316 25.9365 0 16.3356 3.94412 0.0872223 0 0
5000.00 1173.15 16.110302 33.733684 -179973.957386 4.653253 18.275010 cpx Na0.01Ca0.16Fe''0.83Mg0.93Fe'''0.01Ti0.00Al0.11Si1.94O6 50.5136 0.118856 2.53957 0.507858 26.012 0 16.3301 3.8915 0.0865759 0 0
5000.00 1168.15 16.170018 33.778108 -180630.380890 4.668621 18.329873 cpx Na0.01Ca0.16Fe''0.84Mg0.93Fe'''0.01Ti0.00Al0.11Si1.94O6 50.5114 0.116209 2.53605 0.499486 26.0874 0 16.3241 3.83942 0.085938 0 0
5000.00 1163.15 16.228870 33.819808 -181276.747672 4.683723 18.383539 cpx Na0.01Ca0.16Fe''0.84Mg0.93Fe'''0.01Ti0.00Al0.11Si1.94O6 50.509 0.113606 2.53262 0.491199 26.1628 0 16.3176 3.78786 0.0853085 0 0
5000.00 1158.15 16.286908 33.858900 -181913.604128 4.698573 18.436065 cpx Na0.01Ca0.15Fe''0.84Mg0.93Fe'''0.01Ti0.00Al0.11Si1.94O6 50.5064 0.111046 2.52928 0.482998 26.2382 0 16.3106 3.73682 0.0846871 0 0
5000.00 1153.15 16.344182 33.895493 -182541.486153 4.713186 18.487507 cpx Na0.01Ca0.15Fe''0.84Mg0.93Fe'''0.01Ti0.00Al0.11Si1.94O6 50.5036 0.108528 2.52602 0.47488 26.3135 0 16.3031 3.68628 0.0840737 0 0
5000.00 1148.15 16.869299 34.890636 -188190.780864 4.860669 19.058020 cpx Na0.01Ca0.15Fe''0.85Mg0.93Fe'''0.01Ti0.00Al0.11Si1.94O6 50.4844 0.104801 2.50487 0.469378 26.4925 0 16.2219 3.63785 0.084373 0 0
5000.00 1143.15 17.496298 36.089033 -194946.827094 5.037150 19.741354 cpx Na0.01Ca0.15Fe''0.86Mg0.92Fe'''0.01Ti0.00Al0.11Si1.94O6 50.4685 0.100873 2.47573 0.463568 26.6786 0 16.1376 3.59017 0.0849699 0 0
5000.00 1138.15 18.092293 37.216843 -201354.708597 5.204565 20.388546 cpx Na0.01Ca0.15Fe''0.86Mg0.92Fe'''0.01Ti0.00Al0.11Si1.94O6 50.4548 0.0970859 2.44604 0.45745 26.8579 0 16.0584 3.54277 0.0855444 0 0
5000.00 1133.15 18.591962 38.141606 -206715.697398 5.344407 20.927361 cpx Na0.01Ca0.14Fe''0.87Mg0.92Fe'''0.01Ti0.00Al0.11Si1.94O6 50.4442 0.0934342 2.41894 0.450851 27.0188 0 15.9917 3.49615 0.0859568 0 0
5000.00 1128.15 18.604593 38.071672 -206845.797774 5.345935 20.925643 cpx Na0.01Ca0.14Fe''0.87Mg0.92Fe'''0.01Ti0.00Al0.11Si1.94O6 50.4431 0.089906 2.41356 0.442724 27.091 0 15.9811 3.45326 0.0853734 0 0
5000.00 1123.15 18.617354 38.001509 -206976.749582 5.347491 20.923912 cpx Na0.01Ca0.14Fe''0.87Mg0.92Fe'''0.01Ti0.00Al0.11Si1.94O6 50.4418 0.0864852 2.40833 0.434695 27.1633 0 15.9701 3.41058 0.0847957 0 0
5000.00 1118.15 18.630242 37.931100 -207108.494425 5.349073 20.922159 cpx Na0.01Ca0.14Fe''0.88Mg0.92Fe'''0.01Ti0.00Al0.11Si1.94O6 50.4402 0.0831693 2.40325 0.426765 27.2356 0 15.9587 3.36811 0.0842238 0 0
5000.00 1113.15 18.643252 37.860431 -207240.975571 5.350681 20.920379 cpx Na0.01Ca0.14Fe''0.88Mg0.91Fe'''0.01Ti0.00Al0.11Si1.94O6 50.4382 0.0799561 2.39832 0.418931 27.3081 0 15.9469 3.32586 0.0836576 0 0
5000.00 1108.15 18.656379 37.789489 -207374.137886 5.352314 20.918564 cpx Na0.01Ca0.14Fe''0.88Mg0.91Fe'''0.01Ti0.00Al0.11Si1.94O6 50.436 0.076843 2.39354 0.411193 27.3807 0 15.9348 3.28383 0.0830969 0 0
5000.00 1103.15 18.669619 37.718260 -207507.927768 5.353969 20.916707 cpx Na0.01Ca0.13Fe''0.88Mg0.91Fe'''0.01Ti0.00Al0.11Si1.94O6 50.4335 0.0738279 2.38891 0.403551 27.4533 0 15.9224 3.24202 0.0825416 0 0
5000.00 1098.15 18.682969 37.646730 -207642.293089 5.355646 20.914802 cpx Na0.01Ca0.13Fe''0.89Mg0.91Fe'''0.01Ti0.00Al0.11Si1.94O6 50.4306 0.0709084 2.38443 0.396003 27.5261 0 15.9095 3.20043 0.0819918 0 0
5000.00 1093.15 18.696423 37.574887 -207777.183139 5.357343 20.912843 cpx Na0.01Ca0.13Fe''0.89Mg0.91Fe'''0.01Ti0.00Al0.11Si1.94O6 50.4275 0.0680822 2.3801 0.388549 27.599 0 15.8963 3.15906 0.0814472 0 0
5000.00 1088.15 18.709978 37.502718 -207912.548582 5.359060 20.910823 cpx Na0.01Ca0.13Fe''0.89Mg0.91Fe'''0.01Ti0.00Al0.11Si1.94O6 50.4241 0.0653471 2.37592 0.381188 27.6719 0 15.8827 3.11792 0.0809078 0 0
5000.00 1083.15 18.723630 37.430211 -208048.341403 5.360794 20.908736 cpx Na0.01Ca0.13Fe''0.89Mg0.91Fe'''0.01Ti0.00Al0.11Si1.94O6 50.4205 0.0627011 2.37189 0.373919 27.745 0 15.8687 3.07701 0.0803734 0 0
5000.00 1078.15 18.737377 37.357353 -208184.514881 5.362546 20.906577 cpx Na0.01Ca0.13Fe''0.90Mg0.91Fe'''0.01Ti0.00Al0.11Si1.94O6 50.4165 0.0601417 2.36802 0.366742 27.8182 0 15.8543 3.03632 0.079844 0 0
5000.00 1073.15 18.751213 37.284134 -208321.023549 5.364314 20.904339 cpx Na0.01Ca0.12Fe''0.90Mg0.91Fe'''0.01Ti0.00Al0.11Si1.94O6 50.4122 0.0576671 2.36429 0.359656 27.8915 0 15.8395 2.99586 0.0793194 0 0
5000.00 1068.15 18.765136 37.210541 -208457.823174 5.366097 20.902016 cpx Na0.01Ca0.12Fe''0.90Mg0.91Fe'''0.01Ti0.00Al0.11Si1.94O6 50.4077 0.055275 2.36072 0.35266 27.9649 0 15.8243 2.95564 0.0787995 0 0
5000.00 1063.15 18.779143 37.136564 -208594.870735 5.367894 20.899604 cpx Na0.01Ca0.12Fe''0.90Mg0.91Fe'''0.01Ti0.00Al0.11Si1.94O6 50.4029 0.0529633 2.3573 0.345753 28.0384 0 15.8087 2.91565 0.0782841 0 0
5000.00 1058.15 18.793231 37.062191 -208732.124419 5.369704 20.897096 cpx Na0.01Ca0.12Fe''0.91Mg0.91Fe'''0.01Ti0.00Al0.11Si1.94O6 50.3978 0.0507302 2.35404 0.338936 28.1121 0 15.7928 2.87589 0.0777731 0 0
5000.00 1053.15 18.807396 36.987412 -208869.543620 5.371526 20.894487 cpx Na0.01Ca0.12Fe''0.91Mg0.91Fe'''0.01Ti0.00Al0.11Si1.94O6 50.3924 0.0485735 2.35092 0.332206 28.1859 0 15.7764 2.83636 0.0772664 0 0
5000.00 1048.15 18.821637 36.912217 -209007.088944 5.373359 20.891773 cpx Na0.01Ca0.12Fe''0.91Mg0.91Fe'''0.01Ti0.00Al0.11Si1.94O6 50.3867 0.0464913 2.34796 0.325564 28.2598 0 15.7596 2.79708 0.0767637 0 0
5000.00 1043.15 18.835949 36.836595 -209144.722242 5.375203 20.888948 cpx Na0.01Ca0.11Fe''0.91Mg0.91Fe'''0.01Ti0.00Al0.11Si1.94O6 50.3808 0.0444816 2.34516 0.319009 28.3338 0 15.7424 2.75803 0.0762649 0 0
5000.00 1038.15 18.850330 36.760536 -209282.406646 5.377057 20.886006 cpx Na0.01Ca0.11Fe''0.92Mg0.90Fe'''0.01Ti0.00Al0.11Si1.94O6 50.3746 0.0425426 2.34251 0.312539 28.408 0 15.7249 2.71922 0.0757698 0 0
5000.00 1033.15 18.864779 36.684032 -209420.106625 5.378919 20.882944 cpx Na0.01Ca0.11Fe''0.92Mg0.90Fe'''0.01Ti0.00Al0.11Si1.94O6 50.368 0.0406723 2.34001 0.306156 28.4823 0 15.7069 2.68065 0.075278 0 0
5000.00 1028.15 18.879293 36.607072 -209557.788067 5.380789 20.879756 cpx Na0.01Ca0.11Fe''0.92Mg0.90Fe'''0.01Ti0.00Al0.11Si1.94O6 50.3613 0.0388689 2.33768 0.299857 28.5568 0 15.6884 2.64232 0.0747894 0 0

quartz thermodynamic data and composition:
Pressure Temperature mass S H V Cp formula
5000.00 1308.15 0.498418 1.121315 -6898.825794 0.195386 0.593224 SiO2
5000.00 1303.15 1.494080 3.354492 -20689.106456 0.585697 1.777623 SiO2
5000.00 1298.15 2.195894 4.920153 -30420.445781 0.860816 2.611662 SiO2
5000.00 1293.15 2.712276 6.064722 -37590.194968 1.063244 3.224617 SiO2
5000.00 1288.15 3.103290 6.924748 -43027.803722 1.216526 3.688108 SiO2
5000.00 1283.15 3.404838 7.581896 -47229.071093 1.334736 4.044952 SiO2
5000.00 1278.15 4.045193 8.989078 -56135.553318 1.585763 4.803859 SiO2
5000.00 1273.15 4.045202 8.970273 -56159.694956 1.585766 4.802019 SiO2
5000.00 1268.15 4.045271 8.951534 -56184.660693 1.585793 4.800235 SiO2
5000.00 1263.15 4.045401 8.932862 -56210.470473 1.585845 4.798507 SiO2
5000.00 1258.15 4.045595 8.914260 -56237.145027 1.585920 4.796837 SiO2
5000.00 1253.15 4.045852 8.895729 -56264.705920 1.586021 4.795227 SiO2
5000.00 1248.15 4.046176 8.877271 -56293.175598 1.586148 4.793677 SiO2
5000.00 1243.15 4.046566 8.858889 -56322.577445 1.586301 4.792190 SiO2
5000.00 1238.15 4.047026 8.840584 -56352.935843 1.586481 4.790767 SiO2
5000.00 1233.15 4.047557 8.822359 -56384.276232 1.586689 4.789410 SiO2
5000.00 1228.15 4.048160 8.804216 -56416.625183 1.586926 4.788121 SiO2
5000.00 1223.15 4.048838 8.786158 -56450.010474 1.587192 4.786901 SiO2
5000.00 1218.15 4.049592 8.768187 -56484.461170 1.587487 4.785753 SiO2
5000.00 1213.15 4.050425 8.750307 -56520.007722 1.587814 4.784679 SiO2
5000.00 1208.15 4.051339 8.732520 -56556.682059 1.588172 4.783680 SiO2
5000.00 1203.15 4.052336 8.714830 -56594.517705 1.588563 4.782760 SiO2
5000.00 1198.15 4.053418 8.697239 -56633.549901 1.588987 4.781920 SiO2
5000.00 1193.15 4.054589 8.679752 -56673.815739 1.589446 4.781164 SiO2
5000.00 1188.15 4.055850 8.662373 -56715.354314 1.589940 4.780494 SiO2
5000.00 1183.15 4.057205 8.645105 -56758.206894 1.590472 4.779912 SiO2
5000.00 1178.15 4.058657 8.627953 -56802.417108 1.591041 4.779423 SiO2
5000.00 1173.15 4.060208 8.610921 -56848.031154 1.591649 4.779028 SiO2
5000.00 1168.15 4.061863 8.594015 -56895.098043 1.592298 4.778733 SiO2
5000.00 1163.15 4.063624 8.577240 -56943.669862 1.592988 4.778540 SiO2
5000.00 1158.15 4.065496 8.560601 -56993.802080 1.593722 4.778454 SiO2
5000.00 1153.15 4.067483 8.544105 -57045.553893 1.594501 4.778478 SiO2
5000.00 1148.15 4.232561 8.869265 -59385.593988 1.659213 4.969984 SiO2
5000.00 1143.15 4.453312 9.309028 -62509.012782 1.745750 5.226616 SiO2
5000.00 1138.15 4.662846 9.723047 -65477.498132 1.827890 5.469808 SiO2
5000.00 1133.15 4.837549 10.062362 -67959.106072 1.896376 5.671888 SiO2
5000.00 1128.15 4.835454 10.032939 -67958.016123 1.895554 5.666549 SiO2
5000.00 1123.15 4.833431 10.003588 -67957.893934 1.894761 5.661267 SiO2
5000.00 1118.15 4.831480 9.974309 -67958.761052 1.893997 5.656045 SiO2
5000.00 1113.15 4.829605 9.945105 -67960.639074 1.893261 5.650883 SiO2
5000.00 1108.15 4.827805 9.915975 -67963.549665 1.892556 5.645782 SiO2
5000.00 1103.15 4.826083 9.886922 -67967.514568 1.891881 5.640744 SiO2
5000.00 1098.15 4.824439 9.857946 -67972.555603 1.891236 5.635770 SiO2
5000.00 1093.15 4.822876 9.829049 -67978.694673 1.890624 5.630860 SiO2
5000.00 1088.15 4.821395 9.800230 -67985.953744 1.890043 5.626017 SiO2
5000.00 1083.15 4.819997 9.771493 -67994.354833 1.889495 5.621241 SiO2
5000.00 1078.15 4.818683 9.742836 -68003.919971 1.888980 5.616532 SiO2
5000.00 1073.15 4.817456 9.714262 -68014.671168 1.888499 5.611894 SiO2
5000.00 1068.15 4.816317 9.685770 -68026.630351 1.888052 5.607325 SiO2
5000.00 1063.15 4.815267 9.657362 -68039.819294 1.887641 5.602828 SiO2
5000.00 1058.15 4.814307 9.629038 -68054.259519 1.887265 5.598403 SiO2
5000.00 1053.15 4.813439 9.600799 -68069.972181 1.886924 5.594051 SiO2
5000.00 1048.15 4.812665 9.572645 -68086.977914 1.886621 5.589773 SiO2
5000.00 1043.15 4.811985 9.544576 -68105.296644 1.886354 5.585570 SiO2
5000.00 1038.15 4.811401 9.516592 -68124.947348 1.886125 5.581443 SiO2
5000.00 1033.15 4.810914 9.488693 -68145.947771 1.885934 5.577391 SiO2
5000.00 1028.15 4.810525 9.460879 -68168.314052 1.885782 5.573416 SiO2
