Title: Gale2013MORB-8

liquid_0 thermodynamic data and composition:
Pressure Temperature mass S H V Cp viscosity SiO2 TiO2 Al2O3 Fe2O3 FeO MnO MgO CaO Na2O K2O P2O5 Mg#
5000.00 1573.15 100.157650 275.616926 -1173584.213592 36.209500 149.911899 1.850 49.4261 1.59629 14.6753 1.57103 10.1631 0.175421 8.18202 11.1382 2.74842 0.149164 0.174873 58.9
5000.00 1568.15 100.157816 275.140066 -1174336.167175 36.197006 149.912754 1.869 49.426 1.59629 14.6753 1.57268 10.1616 0.175421 8.18201 11.1382 2.74841 0.149164 0.174873 58.9
5000.00 1563.15 100.157989 274.661690 -1175088.215259 36.184517 149.913640 1.889 49.426 1.59629 14.6753 1.5744 10.16 0.17542 8.18199 11.1382 2.74841 0.149164 0.174872 58.9
5000.00 1558.15 100.158168 274.181787 -1175840.359566 36.172031 149.914557 1.908 49.4259 1.59629 14.6753 1.57618 10.1584 0.17542 8.18198 11.1382 2.7484 0.149163 0.174872 58.9
5000.00 1553.15 100.158353 273.700348 -1176592.601855 36.159550 149.915505 1.928 49.4258 1.59628 14.6752 1.57802 10.1567 0.17542 8.18196 11.1382 2.7484 0.149163 0.174872 58.9
5000.00 1548.15 100.158544 273.217362 -1177344.943923 36.147074 149.916486 1.948 49.4257 1.59628 14.6752 1.57992 10.155 0.175419 8.18195 11.1381 2.74839 0.149163 0.174871 59.0
5000.00 1543.15 100.158741 272.732820 -1178097.387602 36.134602 149.917499 1.968 49.4256 1.59628 14.6752 1.58189 10.1532 0.175419 8.18193 11.1381 2.74839 0.149163 0.174871 59.0
5000.00 1538.15 100.158945 272.246711 -1178849.934765 36.122134 149.918545 1.988 49.4255 1.59627 14.6751 1.58392 10.1514 0.175419 8.18191 11.1381 2.74838 0.149162 0.174871 59.0
5000.00 1533.15 95.640855 259.555155 -1125025.292036 34.499226 142.762731 2.040 49.3147 1.65856 15.1498 1.59415 10.2736 0.183706 7.66693 10.9521 2.86708 0.156209 0.183132 57.1
5000.00 1528.15 92.729855 251.248401 -1090615.817409 33.450647 138.176784 2.082 49.2614 1.69875 15.4582 1.60001 10.3642 0.189473 7.35757 10.7723 2.9482 0.161113 0.188881 55.9
5000.00 1523.15 89.906209 243.206993 -1057332.527222 32.435723 133.742107 2.125 49.2216 1.73799 15.7612 1.60456 10.4482 0.195423 7.05803 10.5808 3.03102 0.166173 0.194813 54.6
5000.00 1518.15 87.175370 235.443788 -1025246.955372 31.456450 129.466182 2.169 49.196 1.77595 16.058 1.60777 10.5234 0.201545 6.76777 10.3819 3.11534 0.171378 0.200915 53.4
5000.00 1513.15 84.534902 227.950589 -994332.232635 30.511951 125.344305 2.214 49.1849 1.81243 16.348 1.60961 10.5881 0.20784 6.48611 10.178 3.20114 0.176731 0.207191 52.2
5000.00 1508.15 78.767694 212.021574 -923264.763691 28.387319 116.497447 2.231 49.0811 1.92112 16.3009 1.65282 10.9434 0.223058 6.24625 9.91791 3.30254 0.188458 0.222361 50.4

feldspar_0 thermodynamic data and composition:
Pressure Temperature mass S H V Cp formula SiO2 TiO2 Al2O3 Fe2O3 FeO MnO MgO CaO Na2O K2O P2O5
5000.00 1508.15 2.525526 6.293275 -34246.985058 0.948911 3.123744 K0.00Na0.33Ca0.67Al1.67Si2.33O8 51.2606 0 31.2069 0 0 0 0 13.7851 3.70952 0.0378235 0

clinopyroxene_0 thermodynamic data and composition:
Pressure Temperature mass S H V Cp structure formula SiO2 TiO2 Al2O3 Fe2O3 FeO MnO MgO CaO Na2O K2O P2O5
5000.00 1533.15 4.517251 10.978482 -56441.677339 1.397916 5.475969 cpx Na0.02Ca0.59Fe''0.24Mg1.04Fe'''0.03Ti0.01Al0.20Si1.89O6 51.7798 0.277822 4.62776 1.18217 7.73193 0 19.0868 15.0781 0.235673 0 0
5000.00 1528.15 7.428139 17.993771 -92825.855597 2.296084 8.976652 cpx Na0.02Ca0.61Fe''0.23Mg1.00Fe'''0.03Ti0.01Al0.21Si1.88O6 51.4803 0.317157 4.90205 1.25551 7.6106 0 18.4737 15.7064 0.254299 0 0
5000.00 1523.15 10.251891 24.768907 -128042.882010 3.164871 12.360347 cpx Na0.02Ca0.63Fe''0.23Mg0.98Fe'''0.04Ti0.01Al0.22Si1.87O6 51.2172 0.353619 5.15146 1.32067 7.62252 0 18.0387 16.026 0.269893 0 0
5000.00 1518.15 12.983039 31.293899 -162016.885097 4.002634 15.622021 cpx Na0.02Ca0.64Fe''0.24Mg0.96Fe'''0.04Ti0.01Al0.23Si1.86O6 50.9684 0.38987 5.39069 1.38259 7.69057 0 17.6776 16.2158 0.284492 0 0
5000.00 1513.15 15.624010 37.576945 -194774.802018 4.810190 18.765677 cpx Na0.02Ca0.64Fe''0.24Mg0.95Fe'''0.04Ti0.01Al0.24Si1.86O6 50.7272 0.426738 5.62414 1.44278 7.79036 0 17.3572 16.3329 0.298714 0 0
5000.00 1508.15 18.865184 45.322599 -234440.670226 5.797871 22.644322 cpx Na0.02Ca0.62Fe''0.25Mg0.95Fe'''0.04Ti0.01Al0.25Si1.86O6 50.619 0.453693 5.67424 1.47968 8.2293 0 17.3594 15.8787 0.306002 0 0
