Title: Gale2013MORB-8

Solid Composition:
Pressure Temperature mass SiO2 TiO2 Al2O3 Fe2O3 FeO MnO MgO CaO Na2O K2O P2O5 
5000.00 1573.15 0.000000 ---
5000.00 1568.15 0.000000 ---
5000.00 1563.15 0.000000 ---
5000.00 1558.15 0.000000 ---
5000.00 1553.15 0.000000 ---
5000.00 1548.15 0.000000 ---
5000.00 1543.15 0.000000 ---
5000.00 1538.15 0.000000 ---
5000.00 1533.15 4.517251 51.7798 0.277822 4.62776 1.18217 7.73193 0 19.0868 15.0781 0.235673 0 0
5000.00 1528.15 7.428139 51.4803 0.317157 4.90205 1.25551 7.6106 0 18.4737 15.7064 0.254299 0 0
5000.00 1523.15 10.251891 51.2172 0.353619 5.15146 1.32067 7.62252 0 18.0387 16.026 0.269893 0 0
5000.00 1518.15 12.983039 50.9684 0.38987 5.39069 1.38259 7.69057 0 17.6776 16.2158 0.284492 0 0
5000.00 1513.15 15.624010 50.7272 0.426738 5.62414 1.44278 7.79036 0 17.3572 16.3329 0.298714 0 0
5000.00 1508.15 21.390710 50.6947 0.400127 8.6888 1.30498 7.2577 0 15.3099 15.6315 0.707844 0.00446568 0