Title: Gale2013MORB-0

liquid_0 thermodynamic data and composition:
Pressure Temperature mass S H V Cp viscosity SiO2 TiO2 Al2O3 Fe2O3 FeO MnO MgO CaO Na2O K2O P2O5 Mg#
5000.00 1573.15 100.148841 275.965754 -1181321.093861 36.194322 150.727472 1.785 48.4282 1.65953 15.7698 1.48339 9.53357 0.182066 8.44724 11.4467 2.73056 0.14943 0.169521 61.2
5000.00 1568.15 100.148998 275.486280 -1182076.980437 36.181650 150.728279 1.804 48.4282 1.65953 15.7697 1.48495 9.53215 0.182066 8.44723 11.4467 2.73056 0.14943 0.169521 61.2
5000.00 1563.15 100.149161 275.005281 -1182832.955827 36.168982 150.729115 1.823 48.4281 1.65953 15.7697 1.48657 9.53067 0.182065 8.44722 11.4466 2.73055 0.14943 0.169521 61.2
5000.00 1558.15 100.149330 274.522747 -1183589.021650 36.156318 150.729979 1.843 48.428 1.65953 15.7697 1.48825 9.52914 0.182065 8.4472 11.4466 2.73055 0.149429 0.16952 61.2
5000.00 1553.15 100.149504 274.038669 -1184345.179562 36.143659 150.730874 1.862 48.4279 1.65952 15.7697 1.48999 9.52756 0.182065 8.44719 11.4466 2.73054 0.149429 0.16952 61.2
5000.00 1548.15 100.149684 273.553034 -1185101.431250 36.131003 150.731799 1.882 48.4278 1.65952 15.7696 1.49178 9.52593 0.182064 8.44717 11.4466 2.73054 0.149429 0.16952 61.3
5000.00 1543.15 100.149871 273.065835 -1185857.778440 36.118351 150.732755 1.901 48.4277 1.65952 15.7696 1.49363 9.52424 0.182064 8.44716 11.4466 2.73053 0.149429 0.169519 61.3
5000.00 1538.15 99.773065 271.557093 -1182021.512624 35.970731 150.135752 1.923 48.416 1.66453 15.81 1.49623 9.53492 0.182752 8.40971 11.4258 2.7399 0.149993 0.17016 61.1
5000.00 1533.15 96.508041 262.253159 -1143028.578628 34.790458 144.966512 1.961 48.3212 1.70814 16.163 1.50348 9.64173 0.188934 8.08765 11.2312 2.82361 0.155067 0.175916 59.9
5000.00 1528.15 93.366758 253.316767 -1105605.191387 33.657141 140.007684 2.000 48.2414 1.75031 16.5079 1.50945 9.74317 0.195291 7.77833 11.0234 2.90873 0.160285 0.181835 58.7
5000.00 1523.15 90.342641 244.727578 -1069678.624107 32.568501 135.247092 2.040 48.1764 1.79084 16.8446 1.51412 9.83678 0.201828 7.47901 10.8075 2.99533 0.16565 0.187922 57.5
5000.00 1518.15 87.427430 236.461276 -1035151.470889 31.521573 130.670558 2.081 48.1268 1.82953 17.1734 1.51748 9.92098 0.208558 7.18817 10.5862 3.08351 0.171173 0.194188 56.4
5000.00 1513.15 79.457608 214.531972 -935435.431493 28.567232 118.424681 2.074 47.8915 1.9831 16.992 1.58537 10.4718 0.229477 7.00932 10.2325 3.20478 0.186583 0.213666 54.4
5000.00 1508.15 71.874056 193.696799 -840741.373720 25.754080 106.809026 2.057 47.5849 2.15764 16.7593 1.6606 11.0631 0.253689 6.82518 9.93706 3.31862 0.203754 0.23621 52.4
5000.00 1503.15 64.874403 174.487203 -753560.455835 23.156803 96.119814 2.031 47.2115 2.34744 16.4834 1.74207 11.6843 0.281061 6.63737 9.70663 3.42221 0.222292 0.261696 50.3
5000.00 1498.15 58.677219 157.491505 -676625.329913 20.857267 86.686875 1.998 46.789 2.54238 16.1966 1.825 12.322 0.310746 6.46652 9.50528 3.51174 0.241353 0.289335 48.3
5000.00 1493.15 53.219927 142.534686 -609123.015160 18.832742 78.408070 1.960 46.3231 2.73917 15.9101 1.90774 12.9735 0.34261 6.31846 9.31928 3.58647 0.260587 0.319004 46.5
5000.00 1488.15 48.372317 129.259200 -549390.407573 17.035349 71.078296 1.916 45.8139 2.9366 15.6228 1.99052 13.6423 0.376945 6.19178 9.1472 3.64708 0.279866 0.350973 44.7
5000.00 1483.15 44.034899 117.391818 -496159.541366 15.428588 64.540862 1.866 45.2628 3.13287 15.3335 2.0735 14.3317 0.414074 6.0852 8.98758 3.69431 0.299015 0.385543 43.1
5000.00 1478.15 40.130203 106.721199 -448444.276742 13.984131 57.567183 1.811 44.6718 3.32555 15.0409 2.15676 15.0443 0.454363 5.99738 8.83883 3.72913 0.317811 0.423057 41.5
5000.00 1473.15 36.595893 97.076677 -405456.089924 12.679271 52.405118 1.750 44.0446 3.51143 14.744 2.24035 15.7826 0.498244 5.92694 8.69928 3.75274 0.33598 0.463914 40.1
5000.00 1468.15 33.383399 88.322563 -366589.254710 11.496457 47.726182 1.686 43.3865 3.6862 14.4421 2.32413 16.5471 0.54619 5.8722 8.56699 3.76682 0.35319 0.508557 38.7
5000.00 1463.15 30.453843 80.352591 -331360.695253 10.421769 43.470173 1.618 42.7057 3.84435 14.1357 2.40781 17.3366 0.598732 5.83104 8.4398 3.77365 0.369068 0.557478 37.5
5000.00 1458.15 27.775380 73.079956 -299379.120332 9.443908 39.587864 1.547 42.0132 3.97918 13.8259 2.49097 18.1474 0.65647 5.80082 8.31535 3.77625 0.383225 0.611237 36.3
5000.00 1453.15 25.321692 66.433070 -270323.428177 8.553554 36.038745 1.476 41.3219 4.08312 13.515 2.57307 18.973 0.720082 5.7785 8.19131 3.77831 0.39529 0.670467 35.2
5000.00 1448.15 23.071374 60.353580 -243930.168965 7.743012 32.790070 1.405 40.6454 4.14854 13.2063 2.65358 19.8044 0.790317 5.76095 8.06577 3.78393 0.40493 0.735862 34.1
5000.00 1443.15 21.008334 54.796993 -219992.001244 7.006193 29.817341 1.337 39.996 4.16916 12.9031 2.732 20.6315 0.867927 5.74554 7.93777 3.79696 0.411867 0.808125 33.2
5000.00 1438.15 19.115081 49.715479 -198279.967144 6.336318 27.093335 1.272 39.3875 4.14131 12.6113 2.80777 21.4465 0.95389 5.72935 7.8016 3.8218 0.415974 0.883055 32.3
5000.00 1433.15 16.235718 42.058173 -166123.814403 5.335939 22.932642 1.206 38.7704 4.24725 12.0833 2.90442 22.6733 0.971 5.64366 7.6628 3.74216 0.417189 0.884525 30.7
5000.00 1428.15 13.293620 34.293246 -134037.373418 4.330188 18.705889 1.141 38.1679 4.31305 11.5208 3.00324 24.0031 0.970658 5.54912 7.5126 3.66524 0.412261 0.882101 29.2
5000.00 1423.15 10.348648 26.585298 -102759.285121 3.341214 14.502569 1.081 37.6156 4.30523 10.9539 3.10218 25.4062 0.953136 5.44332 7.33088 3.61655 0.400491 0.872446 27.6
5000.00 1418.15 7.383125 18.890836 -72147.851554 2.363538 10.300214 1.028 37.1494 4.18283 10.3834 3.20406 26.9007 0.910783 5.31832 7.09693 3.62168 0.380733 0.851113 26.1
5000.00 1413.15 4.524105 11.531255 -43497.801288 1.436634 6.282144 0.981 36.7503 3.98353 9.82806 3.30518 28.4353 0.83965 5.18393 6.82255 3.67669 0.353837 0.821001 24.5
5000.00 1408.15 1.839665 4.671978 -17410.025362 0.579805 2.542785 0.942 36.4015 3.75238 9.30597 3.40106 29.9405 0.746991 5.04671 6.52748 3.76795 0.322867 0.78666 23.1

feldspar_0 thermodynamic data and composition:
Pressure Temperature mass S H V Cp formula SiO2 TiO2 Al2O3 Fe2O3 FeO MnO MgO CaO Na2O K2O P2O5
5000.00 1513.15 4.035143 10.051369 -54719.776831 1.513174 4.991045 K0.00Na0.30Ca0.70Al1.70Si2.30O8 50.554 0 31.6836 0 0 0 0 14.3432 3.38453 0.034647 0
5000.00 1508.15 8.025224 19.979767 -108847.539302 3.012485 9.924157 K0.00Na0.31Ca0.68Al1.68Si2.32O8 50.94 0 31.4224 0 0 0 0 14.0377 3.55996 0.0399568 0
5000.00 1503.15 11.807293 29.377543 -160174.554401 4.436356 14.597676 K0.00Na0.33Ca0.67Al1.67Si2.33O8 51.3038 0 31.176 0 0 0 0 13.7495 3.72463 0.0460926 0
5000.00 1498.15 15.171602 37.722465 -205854.688428 5.705490 18.752365 K0.00Na0.34Ca0.66Al1.66Si2.34O8 51.6502 0 30.9412 0 0 0 0 13.4749 3.88081 0.0529508 0
5000.00 1493.15 18.120711 45.021795 -245920.187998 6.820286 22.391645 K0.00Na0.35Ca0.64Al1.64Si2.36O8 51.9817 0 30.7161 0 0 0 0 13.2119 4.02973 0.0605288 0
5000.00 1488.15 20.720293 51.439750 -281259.847446 7.804949 25.596916 K0.00Na0.37Ca0.63Al1.63Si2.37O8 52.2988 0 30.5007 0 0 0 0 12.9601 4.17149 0.0688932 0
5000.00 1483.15 23.019849 57.100258 -312543.323743 8.677706 28.429548 K0.00Na0.38Ca0.62Al1.62Si2.38O8 52.6017 0 30.2945 0 0 0 0 12.7194 4.30618 0.0781128 0
5000.00 1478.15 25.057102 62.097918 -340280.670843 9.452429 30.936321 K0.01Na0.39Ca0.61Al1.61Si2.39O8 52.8907 0 30.0976 0 0 0 0 12.4895 4.43388 0.0882556 0
5000.00 1473.15 26.861708 66.507278 -364872.655587 10.140019 33.154030 K0.01Na0.40Ca0.59Al1.59Si2.41O8 53.1661 0 29.9097 0 0 0 0 12.2702 4.55469 0.0993896 0
5000.00 1468.15 28.455255 70.382798 -386610.666115 10.748374 35.109485 K0.01Na0.41Ca0.58Al1.58Si2.42O8 53.4278 0 29.7306 0 0 0 0 12.0614 4.66862 0.111564 0
5000.00 1463.15 29.853672 73.764890 -405709.459055 11.283294 36.822503 K0.01Na0.42Ca0.57Al1.57Si2.43O8 53.676 0 29.5605 0 0 0 0 11.8631 4.77562 0.124799 0
5000.00 1458.15 31.069170 76.684761 -422333.372950 11.749199 38.308311 K0.01Na0.43Ca0.57Al1.57Si2.43O8 53.9105 0 29.3993 0 0 0 0 11.6754 4.87569 0.139078 0
5000.00 1453.15 32.111975 79.168748 -436619.950805 12.149795 39.579697 K0.01Na0.43Ca0.56Al1.56Si2.44O8 54.1314 0 29.2471 0 0 0 0 11.4983 4.96888 0.154331 0
5000.00 1448.15 32.992153 81.242832 -448704.628885 12.488752 40.649263 K0.01Na0.44Ca0.55Al1.55Si2.45O8 54.3389 0 29.1037 0 0 0 0 11.3316 5.05537 0.170434 0
5000.00 1443.15 33.721088 82.936266 -458740.934365 12.770269 41.531248 K0.01Na0.45Ca0.54Al1.54Si2.46O8 54.5334 0 28.9689 0 0 0 0 11.1751 5.13544 0.187201 0
5000.00 1438.15 34.311182 84.280819 -466896.285592 12.998959 42.241146 K0.01Na0.46Ca0.53Al1.53Si2.47O8 54.7154 0 28.8425 0 0 0 0 11.0282 5.20949 0.20442 0
5000.00 1433.15 35.755106 87.734710 -486638.355882 13.554799 44.008278 K0.01Na0.46Ca0.52Al1.52Si2.48O8 54.9825 0 28.657 0 0 0 0 10.8129 5.3185 0.229111 0
5000.00 1428.15 37.117826 90.979844 -505281.221139 14.080352 45.668956 K0.01Na0.47Ca0.51Al1.51Si2.49O8 55.2445 0 28.4746 0 0 0 0 10.6013 5.42411 0.255533 0
5000.00 1423.15 38.327161 93.838676 -521845.555210 14.547923 47.139402 K0.02Na0.48Ca0.50Al1.50Si2.50O8 55.4963 0 28.2989 0 0 0 0 10.3976 5.52483 0.282325 0
5000.00 1418.15 39.392055 96.335767 -536451.489942 14.961058 48.431151 K0.02Na0.49Ca0.49Al1.49Si2.51O8 55.7452 0 28.1254 0 0 0 0 10.1964 5.62449 0.308546 0
5000.00 1413.15 40.321828 98.494047 -549231.584665 15.322998 49.556131 K0.02Na0.50Ca0.48Al1.48Si2.52O8 55.9873 0 27.9572 0 0 0 0 10.0011 5.72299 0.331445 0
5000.00 1408.15 41.153531 100.404294 -560694.524863 15.647579 50.560232 K0.02Na0.51Ca0.47Al1.47Si2.53O8 56.2201 0 27.7964 0 0 0 0 9.81413 5.8202 0.349212 0

olivine_0 thermodynamic data and composition:
Pressure Temperature mass S H V Cp formula SiO2 TiO2 Al2O3 Fe2O3 FeO MnO MgO CaO Na2O K2O P2O5
5000.00 1433.15 1.055052 2.461896 -11148.027774 0.301619 1.226420 (Ca0.01Mg0.65Fe''0.32Mn0.03Co0.00Ni0.00)2SiO4 36.9029 0 0 0 28.4098 2.33998 31.9729 0.37441 0 0 0
5000.00 1428.15 2.225164 5.170862 -23223.640833 0.632627 2.571889 (Ca0.01Mg0.64Fe''0.34Mn0.03Co0.00Ni0.00)2SiO4 36.673 0 0 0 29.581 2.39539 30.975 0.375614 0 0 0
5000.00 1423.15 3.454881 7.993851 -35589.084341 0.976567 3.969583 (Ca0.01Mg0.62Fe''0.35Mn0.03Co0.00Ni0.00)2SiO4 36.4333 0 0 0 30.8312 2.42267 29.9353 0.37751 0 0 0
5000.00 1418.15 4.780805 11.011764 -48570.358629 1.343199 5.459353 (Ca0.01Mg0.60Fe''0.37Mn0.03Co0.00Ni0.00)2SiO4 36.1848 0 0 0 32.1697 2.40739 28.8575 0.380497 0 0 0
5000.00 1413.15 6.210287 14.238796 -62232.921412 1.734452 7.049403 (Ca0.01Mg0.58Fe''0.39Mn0.03Co0.00Ni0.00)2SiO4 35.9436 0 0 0 33.5362 2.32437 27.8124 0.383397 0 0 0
5000.00 1408.15 7.754585 17.698772 -76700.233540 2.153547 8.753170 (Ca0.01Mg0.57Fe''0.41Mn0.03Co0.00Ni0.00)2SiO4 35.7188 0 0 0 34.882 2.17413 26.8398 0.385355 0 0 0

clinopyroxene_0 thermodynamic data and composition:
Pressure Temperature mass S H V Cp structure formula SiO2 TiO2 Al2O3 Fe2O3 FeO MnO MgO CaO Na2O K2O P2O5
5000.00 1538.15 0.376957 0.914829 -4753.712011 0.116982 0.456057 cpx Na0.02Ca0.66Fe''0.19Mg1.00Fe'''0.03Ti0.01Al0.22Si1.87O6 51.5193 0.332486 5.07122 1.20677 6.3328 0 18.3549 16.9327 0.249764 0 0
5000.00 1533.15 3.641968 8.817641 -45897.983531 1.128717 4.397284 cpx Na0.02Ca0.67Fe''0.19Mg0.98Fe'''0.03Ti0.01Al0.23Si1.87O6 51.2486 0.370891 5.34389 1.27053 6.37652 0 17.9733 17.1523 0.263997 0 0
5000.00 1528.15 6.783492 16.388471 -85415.870284 2.099469 8.176017 cpx Na0.02Ca0.67Fe''0.20Mg0.96Fe'''0.04Ti0.01Al0.24Si1.86O6 50.9904 0.409733 5.6076 1.3316 6.46029 0 17.6523 17.2704 0.277688 0 0
5000.00 1523.15 9.808080 23.647832 -123379.772176 3.031349 11.802530 cpx Na0.02Ca0.68Fe''0.20Mg0.95Fe'''0.04Ti0.01Al0.25Si1.85O6 50.7384 0.449724 5.86649 1.39133 6.56675 0 17.3641 17.332 0.291247 0 0
5000.00 1518.15 12.723979 30.618576 -159889.396347 3.926999 15.288139 cpx Na0.02Ca0.68Fe''0.20Mg0.93Fe'''0.04Ti0.01Al0.26Si1.85O6 50.4897 0.491139 6.1221 1.45024 6.6885 0 17.0967 17.3568 0.304845 0 0
5000.00 1513.15 16.658031 40.080207 -208536.540823 5.132183 20.025094 cpx Na0.02Ca0.65Fe''0.22Mg0.95Fe'''0.04Ti0.01Al0.26Si1.85O6 50.468 0.517939 6.08324 1.47239 7.26199 0 17.3513 16.5353 0.309852 0 0
5000.00 1508.15 20.250756 48.705487 -252535.955556 6.227628 24.348553 cpx Na0.02Ca0.62Fe''0.24Mg0.96Fe'''0.04Ti0.02Al0.26Si1.84O6 50.4232 0.549217 6.05393 1.50109 7.82948 0 17.5514 15.7771 0.314558 0 0
5000.00 1503.15 21.730875 52.171175 -270343.168058 6.671677 26.089729 cpx Na0.02Ca0.61Fe''0.25Mg0.95Fe'''0.04Ti0.02Al0.26Si1.84O6 50.2628 0.611122 6.10938 1.56136 8.10375 0 17.387 15.6366 0.328054 0 0
5000.00 1498.15 22.236708 53.257654 -276190.672776 6.816342 26.639526 cpx Na0.02Ca0.62Fe''0.25Mg0.93Fe'''0.05Ti0.02Al0.27Si1.84O6 50.0462 0.692823 6.20905 1.63696 8.22799 0 17.0683 15.7725 0.346211 0 0
5000.00 1493.15 22.706701 54.251657 -281618.019412 6.949680 27.143774 cpx Na0.03Ca0.63Fe''0.26Mg0.92Fe'''0.05Ti0.02Al0.27Si1.83O6 49.8171 0.783419 6.32069 1.71564 8.32714 0 16.7463 15.9247 0.365076 0 0
5000.00 1488.15 23.158023 55.194849 -286838.670284 7.076936 27.623262 cpx Na0.03Ca0.63Fe''0.26Mg0.90Fe'''0.05Ti0.02Al0.28Si1.82O6 49.5741 0.883961 6.44498 1.79774 8.40257 0 16.4216 16.0905 0.384663 0 0
5000.00 1483.15 23.600396 56.110721 -291972.315989 7.201040 28.089696 cpx Na0.03Ca0.64Fe''0.26Mg0.88Fe'''0.05Ti0.03Al0.29Si1.82O6 49.3154 0.995586 6.58263 1.88365 8.45557 0 16.0944 16.2677 0.404973 0 0
5000.00 1478.15 24.038906 57.011469 -297080.324388 7.323483 28.549130 cpx Na0.03Ca0.65Fe''0.26Mg0.87Fe'''0.05Ti0.03Al0.29Si1.81O6 49.0394 1.11952 6.73443 1.97374 8.48738 0 15.765 16.4546 0.425985 0 0
5000.00 1473.15 24.475767 57.902291 -302187.695149 7.444862 29.004109 cpx Na0.03Ca0.66Fe''0.26Mg0.85Fe'''0.06Ti0.03Al0.30Si1.80O6 48.7439 1.25707 6.90118 2.06838 8.49924 0 15.433 16.6496 0.447657 0 0
5000.00 1468.15 24.911778 58.784923 -307301.359148 7.565332 29.455452 cpx Na0.03Ca0.67Fe''0.26Mg0.83Fe'''0.06Ti0.04Al0.31Si1.79O6 48.4269 1.40956 7.08365 2.16794 8.49248 0 15.0981 16.8514 0.469916 0 0
5000.00 1463.15 25.346782 59.658777 -312415.787358 7.684752 29.902825 cpx Na0.04Ca0.68Fe''0.26Mg0.82Fe'''0.06Ti0.04Al0.32Si1.78O6 48.0865 1.57822 7.28241 2.27271 8.46862 0 14.76 17.0589 0.49264 0 0
5000.00 1458.15 25.779912 60.521577 -317515.982371 7.802771 30.345078 cpx Na0.04Ca0.69Fe''0.26Mg0.80Fe'''0.07Ti0.05Al0.33Si1.77O6 47.7212 1.76399 7.49764 2.38286 8.42952 0 14.4184 17.2707 0.515663 0 0
5000.00 1453.15 26.209681 61.369683 -322579.031750 7.918873 30.780447 cpx Na0.04Ca0.70Fe''0.26Mg0.78Fe'''0.07Ti0.06Al0.34Si1.76O6 47.3306 1.9671 7.72871 2.4983 8.37747 0 14.074 17.4851 0.538762 0 0
5000.00 1448.15 26.634056 62.198415 -327575.732452 8.032439 31.206761 cpx Na0.04Ca0.71Fe''0.26Mg0.76Fe'''0.07Ti0.06Al0.35Si1.75O6 46.9167 2.18643 7.97376 2.61847 8.31537 0 13.7282 17.6994 0.561662 0 0
5000.00 1443.15 27.050665 63.002766 -332474.510779 8.142850 31.621860 cpx Na0.04Ca0.72Fe''0.26Mg0.74Fe'''0.08Ti0.07Al0.36Si1.73O6 46.4847 2.4187 8.22925 2.74215 8.24663 0 13.3844 17.9102 0.584062 0 0
5000.00 1438.15 27.458950 63.782334 -337267.563334 8.250112 32.025966 cpx Na0.04Ca0.72Fe''0.26Mg0.73Fe'''0.08Ti0.07Al0.37Si1.72O6 46.042 2.65901 8.49074 2.86784 8.17487 0 13.0466 18.1133 0.605706 0 0
5000.00 1433.15 28.034645 64.912936 -343584.932996 8.400255 32.592385 cpx Na0.05Ca0.74Fe''0.26Mg0.70Fe'''0.09Ti0.08Al0.38Si1.70O6 45.4982 2.97254 8.71814 3.02456 8.21779 0 12.6001 18.3437 0.625011 0 0
5000.00 1428.15 28.611690 66.027545 -349784.905103 8.547508 33.148433 cpx Na0.05Ca0.75Fe''0.26Mg0.68Fe'''0.09Ti0.09Al0.40Si1.69O6 44.8914 3.32696 8.96556 3.19638 8.26923 0 12.1236 18.5838 0.643024 0 0
5000.00 1423.15 29.201750 67.156442 -356032.036442 8.695971 33.711110 cpx Na0.05Ca0.76Fe''0.26Mg0.65Fe'''0.10Ti0.11Al0.41Si1.67O6 44.2412 3.70806 9.2288 3.37991 8.32916 0 11.6326 18.8206 0.65966 0 0
5000.00 1418.15 28.732932 65.885554 -349230.802025 8.535571 33.075071 cpx Na0.05Ca0.77Fe''0.27Mg0.63Fe'''0.10Ti0.11Al0.42Si1.66O6 43.8714 3.88264 9.33843 3.54091 8.51738 0 11.2574 18.9165 0.675306 0 0
5000.00 1413.15 27.611912 63.159487 -334499.651028 8.188054 31.712575 cpx Na0.05Ca0.77Fe''0.28Mg0.62Fe'''0.10Ti0.11Al0.42Si1.65O6 43.7307 3.88733 9.33053 3.68391 8.79446 0 10.9738 18.9075 0.691693 0 0
5000.00 1408.15 26.838025 61.238727 -324070.177412 7.944554 30.754607 cpx Na0.05Ca0.77Fe''0.29Mg0.60Fe'''0.11Ti0.11Al0.42Si1.65O6 43.585 3.89395 9.33118 3.83081 9.06091 0 10.6918 18.8972 0.709172 0 0

whitlockite thermodynamic data and composition:
Pressure Temperature mass S H V Cp formula
5000.00 1438.15 0.002135 0.005095 -25.126358 0.000672 0.002263 Ca3(PO4)2
5000.00 1433.15 0.057176 0.136238 -673.263079 0.017994 0.060590 Ca3(PO4)2
5000.00 1428.15 0.114748 0.272995 -1351.801798 0.036113 0.121551 Ca3(PO4)2
5000.00 1423.15 0.173698 0.412599 -2047.196809 0.054666 0.183923 Ca3(PO4)2
5000.00 1418.15 0.233678 0.554202 -2755.347654 0.073543 0.247333 Ca3(PO4)2
5000.00 1413.15 0.289830 0.686290 -3418.975275 0.091214 0.306641 Ca3(PO4)2
5000.00 1408.15 0.339371 0.802328 -4005.189241 0.106806 0.358910 Ca3(PO4)2

clinopyroxene_2 thermodynamic data and composition:
Pressure Temperature mass S H V Cp structure formula SiO2 TiO2 Al2O3 Fe2O3 FeO MnO MgO CaO Na2O K2O P2O5
5000.00 1418.15 1.197525 2.705291 -14584.320790 0.347738 1.357459 cpx Na0.04Ca0.85Fe''0.22Mg0.51Fe'''0.11Ti0.26Al0.60Si1.40O6 36.6813 9.12828 13.3263 3.7876 6.78772 0 8.86488 20.8181 0.6058 0 0
5000.00 1413.15 3.170275 7.146365 -38499.399097 0.919461 3.587518 cpx Na0.05Ca0.85Fe''0.23Mg0.50Fe'''0.11Ti0.26Al0.60Si1.41O6 36.6672 9.06326 13.2333 3.92129 7.04034 0 8.66726 20.788 0.619356 0 0
5000.00 1408.15 4.834661 10.874658 -58546.204241 1.400481 5.461740 cpx Na0.05Ca0.85Fe''0.23Mg0.49Fe'''0.12Ti0.26Al0.60Si1.41O6 36.6518 8.99824 13.1458 4.05624 7.28631 0 8.47235 20.7557 0.633579 0 0

clinopyroxene_1 thermodynamic data and composition:
Pressure Temperature mass S H V Cp structure formula SiO2 TiO2 Al2O3 Fe2O3 FeO MnO MgO CaO Na2O K2O P2O5
5000.00 1503.15 1.736883 4.227496 -21226.149137 0.531796 2.122946 cpx Na0.01Ca0.33Fe''0.35Mg1.17Fe'''0.04Ti0.01Al0.22Si1.87O6 51.3587 0.363479 5.24249 1.281 11.5784 0 21.6199 8.35927 0.196722 0 0
5000.00 1498.15 4.063634 9.870219 -49512.104269 1.241952 4.958010 cpx Na0.01Ca0.32Fe''0.36Mg1.16Fe'''0.04Ti0.01Al0.23Si1.86O6 51.2112 0.397326 5.28044 1.32757 11.9356 0 21.4096 8.23491 0.203411 0 0
5000.00 1493.15 6.101810 14.790640 -74128.413843 1.861571 7.432120 cpx Na0.01Ca0.32Fe''0.37Mg1.15Fe'''0.04Ti0.01Al0.23Si1.86O6 51.0658 0.43152 5.32115 1.37358 12.2865 0 21.2168 8.095 0.209657 0 0
5000.00 1488.15 7.898777 19.108109 -95685.862626 2.405612 9.605213 cpx Na0.02Ca0.31Fe''0.39Mg1.15Fe'''0.04Ti0.01Al0.23Si1.86O6 50.9221 0.465864 5.36497 1.41921 12.6309 0 21.0387 7.94279 0.215507 0 0
5000.00 1483.15 9.494807 22.923687 -114701.367675 2.886758 11.527998 cpx Na0.02Ca0.30Fe''0.40Mg1.14Fe'''0.04Ti0.01Al0.23Si1.86O6 50.7796 0.500115 5.41221 1.46462 12.9682 0 20.873 7.78119 0.221005 0 0
5000.00 1478.15 10.924568 26.323988 -131617.552948 3.315894 13.243917 cpx Na0.02Ca0.30Fe''0.41Mg1.13Fe'''0.04Ti0.01Al0.24Si1.85O6 50.6382 0.533975 5.4631 1.50998 13.2981 0 20.7177 7.61275 0.226191 0 0
5000.00 1473.15 12.218537 29.384751 -146820.798504 3.702549 14.790942 cpx Na0.02Ca0.29Fe''0.42Mg1.12Fe'''0.04Ti0.02Al0.24Si1.85O6 50.4976 0.567079 5.51777 1.55545 13.6203 0 20.5708 7.43982 0.231104 0 0
5000.00 1468.15 13.402913 32.170784 -160641.253511 4.054889 16.201558 cpx Na0.02Ca0.29Fe''0.43Mg1.12Fe'''0.04Ti0.02Al0.24Si1.85O6 50.3578 0.598973 5.57628 1.60119 13.935 0 20.4304 7.2646 0.235779 0 0
5000.00 1463.15 14.500816 34.738929 -173367.845011 4.380088 17.504255 cpx Na0.02Ca0.28Fe''0.44Mg1.11Fe'''0.05Ti0.02Al0.24Si1.85O6 50.2189 0.6291 5.63859 1.64734 14.2421 0 20.2945 7.08926 0.240247 0 0
5000.00 1458.15 15.532766 37.139310 -185254.755550 4.684485 18.724155 cpx Na0.02Ca0.27Fe''0.45Mg1.11Fe'''0.05Ti0.02Al0.25Si1.84O6 50.081 0.656789 5.70441 1.69401 14.5422 0 20.161 6.91604 0.244542 0 0
5000.00 1453.15 16.516347 39.414590 -196518.243790 4.973497 19.882649 cpx Na0.02Ca0.27Fe''0.46Mg1.10Fe'''0.05Ti0.02Al0.25Si1.84O6 49.9448 0.681258 5.77323 1.74128 14.8356 0 20.0278 6.74736 0.248706 0 0
5000.00 1448.15 17.464933 41.597045 -207322.904296 5.251248 20.995935 cpx Na0.02Ca0.26Fe''0.47Mg1.09Fe'''0.05Ti0.02Al0.25Si1.84O6 49.8111 0.701658 5.84429 1.78909 15.1221 0 19.8931 6.58582 0.252791 0 0
5000.00 1443.15 18.385578 43.703718 -217758.776000 5.519963 22.072597 cpx Na0.02Ca0.25Fe''0.48Mg1.09Fe'''0.05Ti0.02Al0.26Si1.83O6 49.6812 0.717187 5.91665 1.83726 15.401 0 19.7558 6.43408 0.256864 0 0
5000.00 1438.15 19.281749 45.743091 -227873.852426 5.780787 23.116930 cpx Na0.02Ca0.25Fe''0.48Mg1.08Fe'''0.05Ti0.02Al0.26Si1.83O6 49.5559 0.727386 5.98969 1.88564 15.6708 0 19.6153 6.29422 0.26101 0 0
5000.00 1433.15 19.031581 45.033444 -223885.322909 5.692630 22.759020 cpx Na0.02Ca0.25Fe''0.50Mg1.07Fe'''0.05Ti0.02Al0.26Si1.83O6 49.4023 0.73084 5.99528 1.94463 16.1809 0 19.3037 6.17861 0.263784 0 0
5000.00 1428.15 18.806427 44.380058 -220113.608230 5.611357 22.426864 cpx Na0.02Ca0.24Fe''0.52Mg1.05Fe'''0.06Ti0.02Al0.26Si1.83O6 49.242 0.727108 5.99456 2.00872 16.7356 0 18.9517 6.07398 0.266339 0 0
5000.00 1423.15 18.663776 43.919348 -217264.288875 5.554394 22.190239 cpx Na0.02Ca0.24Fe''0.54Mg1.03Fe'''0.06Ti0.02Al0.26Si1.83O6 49.0764 0.716111 5.99299 2.07843 17.3162 0 18.5673 5.98358 0.269065 0 0
5000.00 1418.15 18.449900 43.287851 -213553.698799 5.476074 21.865289 cpx Na0.02Ca0.24Fe''0.56Mg1.01Fe'''0.06Ti0.02Al0.26Si1.83O6 48.9088 0.695241 5.98733 2.15539 17.9127 0 18.1399 5.92774 0.272844 0 0
5000.00 1413.15 18.041563 42.202833 -207625.779630 5.340457 21.310929 cpx Na0.02Ca0.24Fe''0.58Mg0.99Fe'''0.06Ti0.02Al0.26Si1.83O6 48.7378 0.671162 5.9856 2.23787 18.5066 0 17.6992 5.88448 0.277399 0 0
5000.00 1408.15 17.409598 40.603315 -199216.817423 5.139665 20.497867 cpx Na0.02Ca0.24Fe''0.60Mg0.97Fe'''0.07Ti0.02Al0.27Si1.83O6 48.5649 0.648378 5.99086 2.32275 19.0871 0 17.2697 5.83415 0.282207 0 0
