Title: Gale2013MORB-0

Solid Composition:
Pressure Temperature mass SiO2 TiO2 Al2O3 Fe2O3 FeO MnO MgO CaO Na2O K2O P2O5 
5000.00 1573.15 0.000000 ---
5000.00 1568.15 0.000000 ---
5000.00 1563.15 0.000000 ---
5000.00 1558.15 0.000000 ---
5000.00 1553.15 0.000000 ---
5000.00 1548.15 0.000000 ---
5000.00 1543.15 0.000000 ---
5000.00 1538.15 0.376957 51.5193 0.332486 5.07122 1.20677 6.3328 0 18.3549 16.9327 0.249764 0 0
5000.00 1533.15 3.641968 51.2486 0.370891 5.34389 1.27053 6.37652 0 17.9733 17.1523 0.263997 0 0
5000.00 1528.15 6.783492 50.9904 0.409733 5.6076 1.3316 6.46029 0 17.6523 17.2704 0.277688 0 0
5000.00 1523.15 9.808080 50.7384 0.449724 5.86649 1.39133 6.56675 0 17.3641 17.332 0.291247 0 0
5000.00 1518.15 12.723979 50.4897 0.491139 6.1221 1.45024 6.6885 0 17.0967 17.3568 0.304845 0 0
5000.00 1513.15 20.693174 50.4848 0.416942 11.0753 1.18528 5.84591 0 13.9678 16.1079 0.909411 0.00675613 0
5000.00 1508.15 28.275980 50.5699 0.39334 13.254 1.07505 5.60733 0 12.57 15.2834 1.23566 0.0113405 0
5000.00 1503.15 35.275051 50.6652 0.394374 14.457 1.02494 5.56234 0 11.7756 14.6466 1.45849 0.0154282 0
5000.00 1498.15 41.471945 50.7471 0.410414 15.1658 1.0078 5.58125 0 11.2496 14.1934 1.62527 0.0193709 0
5000.00 1493.15 46.929222 50.8153 0.435164 15.6105 1.00871 5.6266 0 10.8613 13.8592 1.75989 0.0233719 0
5000.00 1488.15 51.777094 50.8701 0.466433 15.9069 1.02057 5.68505 0 10.5543 13.5948 1.87428 0.0275699 0
5000.00 1483.15 56.115052 50.9113 0.503336 16.1118 1.04003 5.75043 0 10.3006 13.3762 1.97422 0.0320439 0
5000.00 1478.15 60.020576 50.9382 0.54557 16.2566 1.06534 5.81972 0 10.085 13.1899 2.06282 0.0368445 0
5000.00 1473.15 63.556012 50.9501 0.593123 16.3597 1.09558 5.89159 0 9.89804 13.0281 2.14185 0.0420066 0
5000.00 1468.15 66.769946 50.9458 0.646137 16.4325 1.13027 5.96574 0 9.73413 12.8857 2.21227 0.047545 0
5000.00 1463.15 69.701270 50.9242 0.704797 16.4823 1.16918 6.04257 0 9.58955 12.7594 2.27457 0.0534527 0
5000.00 1458.15 72.381847 50.8843 0.769217 16.5139 1.21222 6.12299 0 9.46179 12.6469 2.32898 0.0596976 0
5000.00 1453.15 74.838003 50.8257 0.839266 16.5304 1.25924 6.20808 0 9.34899 12.5465 2.37565 0.0662211 0
5000.00 1448.15 77.091142 50.7489 0.914344 16.5342 1.30997 6.29877 0 9.24968 12.4565 2.41483 0.0729393 0
5000.00 1443.15 79.157331 50.6559 0.993128 16.5272 1.36382 6.39528 0 9.16248 12.3755 2.44696 0.0797478 0
5000.00 1438.15 81.054016 50.5482 1.07384 16.5107 1.42012 6.49732 0 9.08609 12.3034 2.47253 0.0865334 0.00120525
5000.00 1433.15 83.933559 50.2846 1.15857 16.479 1.45117 6.77088 0.0294138 8.9875 12.1758 2.53422 0.0975998 0.0311729
5000.00 1428.15 86.875855 49.9868 1.2531 16.4162 1.48753 7.10389 0.0613535 8.8887 12.0459 2.58689 0.109177 0.0604431
5000.00 1423.15 89.821267 49.6626 1.35432 16.3209 1.53071 7.49187 0.0931853 8.79135 11.9182 2.62784 0.120469 0.0884948
5000.00 1418.15 92.786895 49.3147 1.45837 16.1948 1.57396 7.94448 0.12404 8.69428 11.7902 2.65903 0.130991 0.115248
5000.00 1413.15 95.645695 48.97 1.54924 16.0474 1.61561 8.44062 0.150922 8.59975 11.6629 2.68521 0.139729 0.138669
5000.00 1408.15 98.329773 48.6431 1.62003 15.8874 1.65626 8.96166 0.171459 8.50909 11.5363 2.71058 0.146154 0.15794