Title: Gale2013MORB-7

Liquid Composition:
Pressure Temperature mass SiO2 TiO2 Al2O3 Fe2O3 FeO MnO MgO CaO Na2O K2O P2O5 
5000.00 1573.15 99.164732 53.2665 1.42132 14.5029 1.30807 8.70439 0.174507 7.95022 9.71959 2.6397 0.144599 0.168247
5000.00 1568.15 98.350307 53.2526 1.43243 14.6025 1.31142 8.69335 0.175952 7.76994 9.78505 2.6613 0.145796 0.16964
5000.00 1563.15 97.545492 53.2398 1.44358 14.7022 1.31447 8.67976 0.177404 7.59196 9.84972 2.68299 0.146999 0.17104
5000.00 1558.15 96.749515 53.2282 1.45478 14.8021 1.31723 8.66357 0.178863 7.41625 9.91357 2.70478 0.148209 0.172447
5000.00 1553.15 95.961604 53.2177 1.46605 14.9022 1.31967 8.64474 0.180332 7.24278 9.97655 2.72669 0.149426 0.173863
5000.00 1548.15 95.180991 53.2084 1.47739 15.0026 1.32178 8.62321 0.181811 7.07151 10.0386 2.74874 0.150651 0.175289
5000.00 1543.15 94.406907 53.2003 1.48882 15.1034 1.32355 8.59894 0.183301 6.90241 10.0997 2.77095 0.151886 0.176726
5000.00 1538.15 93.638581 53.1933 1.50035 15.2048 1.32498 8.57186 0.184805 6.73544 10.1598 2.79333 0.153133 0.178176
5000.00 1533.15 92.875241 53.1876 1.512 15.3068 1.32603 8.54193 0.186324 6.57058 10.2188 2.81592 0.154391 0.179641
5000.00 1528.15 89.729545 53.322 1.55483 15.633 1.30091 8.35928 0.192856 6.275 10.1112 2.90518 0.159804 0.185939
5000.00 1523.15 88.383167 53.3512 1.57518 15.7994 1.29646 8.30249 0.195794 6.06422 10.1177 2.94659 0.162238 0.188771
5000.00 1518.15 86.935296 53.3902 1.5973 15.9787 1.29081 8.24304 0.199055 5.84919 10.1028 2.99207 0.16494 0.191915
5000.00 1513.15 85.363355 53.4415 1.62148 16.1738 1.28381 8.18206 0.202721 5.62938 10.0592 3.04258 0.167978 0.195449
5000.00 1508.15 81.721568 53.5431 1.68564 16.2183 1.29118 8.2198 0.211755 5.3865 9.96154 3.10306 0.17491 0.204159
5000.00 1503.15 74.164202 53.72 1.84451 15.884 1.33281 8.47602 0.233332 5.11239 9.81674 3.16468 0.190535 0.224963
5000.00 1498.15 67.519804 53.8779 2.01132 15.5652 1.37061 8.70856 0.256294 4.85899 9.68772 3.20978 0.206614 0.247101
5000.00 1493.15 61.625490 54.0183 2.18704 15.2601 1.40453 8.91633 0.280808 4.62449 9.57577 3.23872 0.223172 0.270735
5000.00 1488.15 56.358430 54.1429 2.3726 14.9682 1.43445 9.09791 0.307051 4.40727 9.4815 3.25189 0.240229 0.296037
5000.00 1483.15 51.624819 54.2532 2.56895 14.6891 1.4602 9.25163 0.335205 4.20583 9.40512 3.24974 0.257801 0.323182
5000.00 1478.15 47.352038 54.351 2.77697 14.4228 1.4816 9.37572 0.365452 4.01889 9.34662 3.23268 0.2759 0.352344
5000.00 1473.15 43.481893 54.4378 2.99758 14.1692 1.49845 9.4685 0.39798 3.84526 9.30591 3.20112 0.294535 0.383704
5000.00 1468.15 39.973741 54.5215 3.22739 13.9368 1.51012 9.53081 0.432907 3.68262 9.27013 3.15658 0.313715 0.417379
5000.00 1463.15 36.785453 54.6005 3.46916 13.7181 1.51672 9.55807 0.470428 3.53095 9.25017 3.09886 0.333437 0.453554
5000.00 1458.15 33.889071 54.6768 3.72288 13.5126 1.51811 9.54871 0.510634 3.38943 9.24606 3.02876 0.353674 0.492318
5000.00 1453.15 31.262090 54.7526 3.98777 13.3206 1.51419 9.50203 0.553543 3.25721 9.25653 2.9474 0.374381 0.533688
5000.00 1448.15 28.885369 54.8304 4.26254 13.1422 1.50496 9.41814 0.599089 3.13344 9.27991 2.85619 0.39549 0.5776
5000.00 1443.15 26.741766 54.9124 4.54529 12.9774 1.49054 9.29814 0.647112 3.01734 9.31414 2.7568 0.416917 0.6239
5000.00 1438.15 24.815050 55.001 4.83355 12.8258 1.47118 9.14411 0.697356 2.90813 9.35678 2.65114 0.438561 0.672342
5000.00 1433.15 23.089149 55.0983 5.12441 12.6871 1.44725 8.95908 0.749483 2.80507 9.40511 2.5413 0.460308 0.722599
5000.00 1428.15 21.547787 55.2061 5.41467 12.5606 1.41921 8.74683 0.803095 2.70745 9.45627 2.42937 0.482043 0.774288
5000.00 1423.15 20.174447 55.3264 5.70095 12.4456 1.38758 8.5116 0.857764 2.61465 9.50742 2.31735 0.503658 0.826996
5000.00 1418.15 18.952589 55.4607 5.97992 12.3411 1.35293 8.25784 0.913063 2.52608 9.55591 2.20705 0.525056 0.880312
5000.00 1413.15 17.866018 55.6105 6.24842 12.2462 1.31581 7.98988 0.968594 2.44126 9.59939 2.09998 0.546154 0.933851
5000.00 1408.15 16.899270 55.7769 6.50352 12.16 1.27675 7.71173 1.024 2.35975 9.63587 1.99733 0.566892 0.987273
5000.00 1403.15 16.009611 56.0281 6.74898 12.0977 1.23448 7.43047 1.08091 2.27731 9.61466 1.903 0.588054 0.996345
5000.00 1398.15 15.222907 56.2856 6.97344 12.0388 1.19159 7.14436 1.13677 2.19862 9.59384 1.81395 0.608597 1.01439
5000.00 1393.15 14.519685 56.5654 7.17615 11.9859 1.14803 6.85674 1.19182 2.12249 9.5619 1.73116 0.628691 1.03169
5000.00 1388.15 13.767583 57.1513 7.2004 11.9593 1.09098 6.48922 1.25047 2.03265 9.46053 1.67348 0.652607 1.03908
5000.00 1383.15 12.874802 58.3118 6.88878 11.9682 1.01055 5.98488 1.31473 1.9176 9.2361 1.65555 0.68414 1.02761
5000.00 1378.15 12.123560 59.3674 6.61135 11.96 0.939117 5.54177 1.37282 1.81622 9.0282 1.63153 0.712944 1.0187
5000.00 1373.15 11.480578 60.3391 6.35952 11.9395 0.875109 5.14828 1.42543 1.72561 8.8328 1.6035 0.73945 1.01166
5000.00 1368.15 10.920120 61.2521 6.12672 11.9117 0.817134 4.79564 1.47332 1.64332 8.64149 1.57322 0.764107 1.00126
5000.00 1363.15 10.428073 62.1074 5.91022 11.8771 0.764522 4.47771 1.51673 1.56827 8.45807 1.54115 0.787052 0.991721
5000.00 1358.15 9.991900 62.9132 5.70727 11.8374 0.716549 4.18937 1.55603 1.49934 8.28148 1.50791 0.80849 0.982987
5000.00 1353.15 9.602007 63.6758 5.51583 11.7937 0.672626 3.92654 1.59156 1.43565 8.11082 1.47396 0.828593 0.974918
5000.00 1348.15 9.250951 64.4005 5.33437 11.7469 0.632268 3.68594 1.62361 1.37651 7.94542 1.43961 0.847503 0.967413
5000.00 1343.15 8.932863 65.0914 5.16169 11.6977 0.595069 3.46482 1.65241 1.32134 7.78478 1.4051 0.865338 0.960401
5000.00 1338.15 8.643043 65.7518 4.99684 11.6467 0.560688 3.26095 1.67821 1.26969 7.6285 1.37061 0.882201 0.953828
5000.00 1333.15 8.377678 66.3847 4.83907 11.5942 0.528834 3.07241 1.70119 1.22119 7.47627 1.33626 0.898179 0.947656
5000.00 1328.15 8.133636 66.9925 4.68776 11.5407 0.499257 2.89759 1.72153 1.17551 7.32785 1.30215 0.913347 0.941855
5000.00 1323.15 7.908322 67.5771 4.54237 11.4863 0.471738 2.73511 1.73941 1.13238 7.18302 1.26837 0.927771 0.936404
5000.00 1318.15 7.699561 68.1404 4.40247 11.4314 0.446088 2.58377 1.75497 1.09157 7.04161 1.23497 0.941511 0.931287
5000.00 1313.15 7.505516 68.6837 4.26768 11.3761 0.422141 2.44254 1.76836 1.05289 6.90348 1.202 0.954616 0.926491
5000.00 1308.15 7.324624 69.2086 4.13768 11.3205 0.39975 2.31051 1.77968 1.01615 6.76851 1.16948 0.967132 0.922009
5000.00 1303.15 6.039398 69.2773 4.04307 11.3632 0.382198 2.20609 1.99738 0.988971 6.64604 1.11318 1.04799 0.934563
5000.00 1298.15 4.373361 68.9922 3.97222 11.4707 0.368796 2.12522 2.38819 0.96952 6.53899 1.04343 1.1692 0.961592
5000.00 1293.15 3.119604 68.686 3.9015 11.5662 0.356843 2.05273 2.79792 0.951995 6.44251 0.978937 1.27437 0.990974
5000.00 1288.15 2.143761 68.3546 3.8321 11.6511 0.346234 1.98807 3.22865 0.936518 6.3575 0.918767 1.36326 1.02316
5000.00 1283.15 1.366262 67.9936 3.76506 11.7261 0.336896 1.93086 3.68294 0.923189 6.28483 0.862214 1.43562 1.0587
5000.00 1278.15 0.737317 67.5981 3.70143 11.7915 0.328784 1.88079 4.16375 0.912097 6.22534 0.808709 1.49123 1.09822
5000.00 1273.15 0.000000 ---
5000.00 1268.15 0.000000 ---
5000.00 1263.15 0.000000 ---
5000.00 1258.15 0.000000 ---
5000.00 1253.15 0.000000 ---
5000.00 1248.15 0.000000 ---
5000.00 1243.15 0.000000 ---
5000.00 1238.15 0.000000 ---
5000.00 1233.15 0.000000 ---
5000.00 1228.15 0.000000 ---
5000.00 1223.15 0.000000 ---
5000.00 1218.15 0.000000 ---
5000.00 1213.15 0.000000 ---
5000.00 1208.15 0.000000 ---
5000.00 1203.15 0.000000 ---
5000.00 1198.15 0.000000 ---
5000.00 1193.15 0.000000 ---
5000.00 1188.15 0.000000 ---
5000.00 1183.15 0.000000 ---
5000.00 1178.15 0.000000 ---