Title: Gale2013MORB-7

liquid_0 thermodynamic data and composition:
Pressure Temperature mass S H V Cp viscosity SiO2 TiO2 Al2O3 Fe2O3 FeO MnO MgO CaO Na2O K2O P2O5 Mg#
5000.00 1573.15 99.164732 272.787975 -1184934.004978 36.522000 148.052353 2.251 53.2665 1.42132 14.5029 1.30807 8.70439 0.174507 7.95022 9.71959 2.6397 0.144599 0.168247 62.0
5000.00 1568.15 98.350307 270.064100 -1175825.916814 36.219860 146.716593 2.285 53.2526 1.43243 14.6025 1.31142 8.69335 0.175952 7.76994 9.78505 2.6613 0.145796 0.16964 61.4
5000.00 1563.15 97.545492 267.374738 -1166852.448285 35.921725 145.399791 2.319 53.2398 1.44358 14.7022 1.31447 8.67976 0.177404 7.59196 9.84972 2.68299 0.146999 0.17104 60.9
5000.00 1558.15 96.749515 264.717642 -1158004.521526 35.627315 144.100694 2.354 53.2282 1.45478 14.8021 1.31723 8.66357 0.178863 7.41625 9.91357 2.70478 0.148209 0.172447 60.4
5000.00 1553.15 95.961604 262.090586 -1149273.094505 35.336349 142.818063 2.389 53.2177 1.46605 14.9022 1.31967 8.64474 0.180332 7.24278 9.97655 2.72669 0.149426 0.173863 59.9
5000.00 1548.15 95.180991 259.491368 -1140649.135843 35.048547 141.550663 2.424 53.2084 1.47739 15.0026 1.32178 8.62321 0.181811 7.07151 10.0386 2.74874 0.150651 0.175289 59.4
5000.00 1543.15 94.406907 256.917799 -1132123.599458 34.763631 140.297263 2.460 53.2003 1.48882 15.1034 1.32355 8.59894 0.183301 6.90241 10.0997 2.77095 0.151886 0.176726 58.9
5000.00 1538.15 93.638581 254.367705 -1123687.398638 34.481322 139.056633 2.496 53.1933 1.50035 15.2048 1.32498 8.57186 0.184805 6.73544 10.1598 2.79333 0.153133 0.178176 58.3
5000.00 1533.15 92.875241 251.838916 -1115331.379042 34.201340 137.827542 2.532 53.1876 1.512 15.3068 1.32603 8.54193 0.186324 6.57058 10.2188 2.81592 0.154391 0.179641 57.8
5000.00 1528.15 89.729545 242.967341 -1080203.801744 33.098067 133.019870 2.603 53.322 1.55483 15.633 1.30091 8.35928 0.192856 6.275 10.1112 2.90518 0.159804 0.185939 57.2
5000.00 1523.15 88.383167 238.907089 -1065117.849081 32.615469 130.907634 2.650 53.3512 1.57518 15.7994 1.29646 8.30249 0.195794 6.06422 10.1177 2.94659 0.162238 0.188771 56.6
5000.00 1518.15 86.935296 234.589650 -1048838.314179 32.097580 128.645019 2.699 53.3902 1.5973 15.9787 1.29081 8.24304 0.199055 5.84919 10.1028 2.99207 0.16494 0.191915 55.8
5000.00 1513.15 85.363355 229.956316 -1031087.483161 31.536328 126.197797 2.751 53.4415 1.62148 16.1738 1.28381 8.18206 0.202721 5.62938 10.0592 3.04258 0.167978 0.195449 55.1
5000.00 1508.15 81.721568 219.748354 -987025.308007 30.199737 120.613920 2.803 53.5431 1.68564 16.2183 1.29118 8.2198 0.211755 5.3865 9.96154 3.10306 0.17491 0.204159 53.9
5000.00 1503.15 74.164202 199.001712 -893062.665997 27.387820 109.124876 2.845 53.72 1.84451 15.884 1.33281 8.47602 0.233332 5.11239 9.81674 3.16468 0.190535 0.224963 51.8
5000.00 1498.15 67.519804 180.777787 -810808.077800 24.915514 99.064807 2.885 53.8779 2.01132 15.5652 1.37061 8.70856 0.256294 4.85899 9.68772 3.20978 0.206614 0.247101 49.9
5000.00 1493.15 61.625490 164.628030 -738161.321182 22.722540 90.176600 2.924 54.0183 2.18704 15.2601 1.40453 8.91633 0.280808 4.62449 9.57577 3.23872 0.223172 0.270735 48.0
5000.00 1488.15 56.358430 150.213980 -673538.319334 20.763475 82.266162 2.961 54.1429 2.3726 14.9682 1.43445 9.09791 0.307051 4.40727 9.4815 3.25189 0.240229 0.296037 46.3
5000.00 1483.15 51.624819 137.276824 -615727.279555 19.003628 75.185023 2.997 54.2532 2.56895 14.6891 1.4602 9.25163 0.335205 4.20583 9.40512 3.24974 0.257801 0.323182 44.8
5000.00 1478.15 47.352038 125.618489 -563783.063208 17.416113 66.665648 3.032 54.351 2.77697 14.4228 1.4816 9.37572 0.365452 4.01889 9.34662 3.23268 0.2759 0.352344 43.3
5000.00 1473.15 43.481893 115.078935 -516946.858937 15.979331 61.079203 3.066 54.4378 2.99758 14.1692 1.49845 9.4685 0.39798 3.84526 9.30591 3.20112 0.294535 0.383704 42.0
5000.00 1468.15 39.973741 105.539964 -474698.303795 14.678693 56.033554 3.102 54.5215 3.22739 13.9368 1.51012 9.53081 0.432907 3.68262 9.27013 3.15658 0.313715 0.417379 40.8
5000.00 1463.15 36.785453 96.884640 -436483.999232 13.498114 51.465380 3.138 54.6005 3.46916 13.7181 1.51672 9.55807 0.470428 3.53095 9.25017 3.09886 0.333437 0.453554 39.7
5000.00 1458.15 33.889071 89.034456 -401930.482473 12.427091 47.330404 3.174 54.6768 3.72288 13.5126 1.51811 9.54871 0.510634 3.38943 9.24606 3.02876 0.353674 0.492318 38.8
5000.00 1453.15 31.262090 81.925741 -370733.789838 11.457143 43.592572 3.212 54.7526 3.98777 13.3206 1.51419 9.50203 0.553543 3.25721 9.25653 2.9474 0.374381 0.533688 37.9
5000.00 1448.15 28.885369 75.504057 -342633.617245 10.581010 40.221174 3.251 54.8304 4.26254 13.1422 1.50496 9.41814 0.599089 3.13344 9.27991 2.85619 0.39549 0.5776 37.2
5000.00 1443.15 26.741766 69.720530 -317396.898682 9.792156 37.188832 3.291 54.9124 4.54529 12.9774 1.49054 9.29814 0.647112 3.01734 9.31414 2.7568 0.416917 0.6239 36.6
5000.00 1438.15 24.815050 64.528969 -294805.019369 9.084385 34.469930 3.334 55.001 4.83355 12.8258 1.47118 9.14411 0.697356 2.90813 9.35678 2.65114 0.438561 0.672342 36.2
5000.00 1433.15 23.089149 59.883892 -274645.041102 8.451562 32.039529 3.379 55.0983 5.12441 12.6871 1.44725 8.95908 0.749483 2.80507 9.40511 2.5413 0.460308 0.722599 35.8
5000.00 1428.15 21.547787 55.739581 -256705.490159 7.887500 29.872823 3.426 55.2061 5.41467 12.5606 1.41921 8.74683 0.803095 2.70745 9.45627 2.42937 0.482043 0.774288 35.6
5000.00 1423.15 20.174447 52.050011 -240775.876049 7.385946 27.945066 3.475 55.3264 5.70095 12.4456 1.38758 8.5116 0.857764 2.61465 9.50742 2.31735 0.503658 0.826996 35.4
5000.00 1418.15 18.952589 48.769425 -226648.981917 6.940665 26.231828 3.528 55.4607 5.97992 12.3411 1.35293 8.25784 0.913063 2.52608 9.55591 2.20705 0.525056 0.880312 35.3
5000.00 1413.15 17.866018 45.853301 -214124.828000 6.545580 24.709464 3.582 55.6105 6.24842 12.2462 1.31581 7.98988 0.968594 2.44126 9.59939 2.09998 0.546154 0.933851 35.3
5000.00 1408.15 16.899270 43.259350 -203014.738663 6.194912 23.355609 3.640 55.7769 6.50352 12.16 1.27675 7.71173 1.024 2.35975 9.63587 1.99733 0.566892 0.987273 35.3
5000.00 1403.15 16.009611 40.879129 -192818.991342 5.873654 22.101657 3.710 56.0281 6.74898 12.0977 1.23448 7.43047 1.08091 2.27731 9.61466 1.903 0.588054 0.996345 35.3
5000.00 1398.15 15.222907 38.772904 -183829.636682 5.590293 20.994237 3.781 56.2856 6.97344 12.0388 1.19159 7.14436 1.13677 2.19862 9.59384 1.81395 0.608597 1.01439 35.4
5000.00 1393.15 14.519685 36.889779 -175817.727096 5.337825 20.003834 3.856 56.5654 7.17615 11.9859 1.14803 6.85674 1.19182 2.12249 9.5619 1.73116 0.628691 1.03169 35.6
5000.00 1388.15 13.767583 34.896284 -167398.515618 5.075529 18.939288 3.971 57.1513 7.2004 11.9593 1.09098 6.48922 1.25047 2.03265 9.46053 1.67348 0.652607 1.03908 35.8
5000.00 1383.15 12.874802 32.561943 -157576.164452 4.774621 17.668313 4.160 58.3118 6.88878 11.9682 1.01055 5.98488 1.31473 1.9176 9.2361 1.65555 0.68414 1.02761 36.4
5000.00 1378.15 12.123560 30.592006 -149251.905289 4.519649 16.599512 4.337 59.3674 6.61135 11.96 0.939117 5.54177 1.37282 1.81622 9.0282 1.63153 0.712944 1.0187 36.9
5000.00 1373.15 11.480578 28.901461 -142082.923556 4.300117 15.685163 4.505 60.3391 6.35952 11.9395 0.875109 5.14828 1.42543 1.72561 8.8328 1.6035 0.73945 1.01166 37.4
5000.00 1368.15 10.920120 27.424739 -135799.259667 4.107790 14.887887 4.667 61.2521 6.12672 11.9117 0.817134 4.79564 1.47332 1.64332 8.64149 1.57322 0.764107 1.00126 37.9
5000.00 1363.15 10.428073 26.125243 -130255.216161 3.938149 14.188087 4.822 62.1074 5.91022 11.8771 0.764522 4.47771 1.51673 1.56827 8.45807 1.54115 0.787052 0.991721 38.4
5000.00 1358.15 9.991900 24.970717 -125318.658387 3.787137 13.567872 4.973 62.9132 5.70727 11.8374 0.716549 4.18937 1.55603 1.49934 8.28148 1.50791 0.80849 0.982987 38.9
5000.00 1353.15 9.602007 23.936444 -120887.828129 3.651627 13.013548 5.119 63.6758 5.51583 11.7937 0.672626 3.92654 1.59156 1.43565 8.11082 1.47396 0.828593 0.974918 39.5
5000.00 1348.15 9.250951 23.003225 -116883.402923 3.529184 12.514503 5.261 64.4005 5.33437 11.7469 0.632268 3.68594 1.62361 1.37651 7.94542 1.43961 0.847503 0.967413 40.0
5000.00 1343.15 8.932863 22.155890 -113242.513394 3.417876 12.062371 5.401 65.0914 5.16169 11.6977 0.595069 3.46482 1.65241 1.32134 7.78478 1.4051 0.865338 0.960401 40.5
5000.00 1338.15 8.643043 21.382280 -109914.600414 3.316150 11.650456 5.537 65.7518 4.99684 11.6467 0.560688 3.26095 1.67821 1.26969 7.6285 1.37061 0.882201 0.953828 41.0
5000.00 1333.15 8.377678 20.672514 -106858.478917 3.222741 11.273326 5.672 66.3847 4.83907 11.5942 0.528834 3.07241 1.70119 1.22119 7.47627 1.33626 0.898179 0.947656 41.5
5000.00 1328.15 8.133636 20.018473 -104040.214103 3.136608 10.926524 5.804 66.9925 4.68776 11.5407 0.499257 2.89759 1.72153 1.17551 7.32785 1.30215 0.913347 0.941855 42.0
5000.00 1323.15 7.908322 19.413413 -101431.557272 3.056882 10.606352 5.934 67.5771 4.54237 11.4863 0.471738 2.73511 1.73941 1.13238 7.18302 1.26837 0.927771 0.936404 42.5
5000.00 1318.15 7.699561 18.851682 -99008.775095 2.982836 10.309716 6.063 68.1404 4.40247 11.4314 0.446088 2.58377 1.75497 1.09157 7.04161 1.23497 0.941511 0.931287 43.0
5000.00 1313.15 7.505516 18.328501 -96751.760575 2.913852 10.034001 6.191 68.6837 4.26768 11.3761 0.422141 2.44254 1.76836 1.05289 6.90348 1.202 0.954616 0.926491 43.5
5000.00 1308.15 7.324624 17.839797 -94643.348392 2.849405 9.776984 6.317 69.2086 4.13768 11.3205 0.39975 2.31051 1.77968 1.01615 6.76851 1.16948 0.967132 0.922009 43.9
5000.00 1303.15 6.039398 14.673895 -78057.815740 2.349745 8.053088 6.341 69.2773 4.04307 11.3632 0.382198 2.20609 1.99738 0.988971 6.64604 1.11318 1.04799 0.934563 44.4
5000.00 1298.15 4.373361 10.601579 -56444.043132 1.699139 5.827879 6.280 68.9922 3.97222 11.4707 0.368796 2.12522 2.38819 0.96952 6.53899 1.04343 1.1692 0.961592 44.8
5000.00 1293.15 3.119604 7.544664 -40197.553220 1.210077 4.154720 6.211 68.686 3.9015 11.5662 0.356843 2.05273 2.79792 0.951995 6.44251 0.978937 1.27437 0.990974 45.3
5000.00 1288.15 2.143761 5.172297 -27573.170698 0.830030 2.853583 6.131 68.3546 3.8321 11.6511 0.346234 1.98807 3.22865 0.936518 6.3575 0.918767 1.36326 1.02316 45.6
5000.00 1283.15 1.366262 3.288427 -17537.195370 0.527897 1.817809 6.042 67.9936 3.76506 11.7261 0.336896 1.93086 3.68294 0.923189 6.28483 0.862214 1.43562 1.0587 46.0
5000.00 1278.15 0.737317 1.770255 -9442.635580 0.284216 0.980622 5.942 67.5981 3.70143 11.7915 0.328784 1.88079 4.16375 0.912097 6.22534 0.808709 1.49123 1.09822 46.4

orthopyroxene_0 thermodynamic data and composition:
Pressure Temperature mass S H V Cp structure formula SiO2 TiO2 Al2O3 Fe2O3 FeO MnO MgO CaO Na2O K2O P2O5
5000.00 1573.15 0.965787 2.432179 -12096.938232 0.300489 1.235596 opx Na0.00Ca0.06Fe''0.29Mg1.58Fe'''0.02Ti0.00Al0.10Si1.94O6 55.1112 0.0791183 2.41586 0.579575 9.97634 0 30.1268 1.68178 0.0293441 0 0
5000.00 1568.15 1.779955 4.473807 -22271.834096 0.553313 2.274249 opx Na0.00Ca0.07Fe''0.30Mg1.57Fe'''0.02Ti0.00Al0.10Si1.94O6 55.0421 0.079675 2.44025 0.583822 10.1359 0 29.9454 1.74263 0.0301354 0 0
5000.00 1563.15 2.584492 6.483225 -32304.723050 0.802692 3.297840 opx Na0.00Ca0.07Fe''0.30Mg1.57Fe'''0.02Ti0.00Al0.10Si1.94O6 54.9725 0.0801754 2.46437 0.587895 10.2972 0 29.7606 1.80635 0.0309511 0 0
5000.00 1558.15 3.380170 8.462441 -42205.057226 1.048871 4.307351 opx Na0.00Ca0.07Fe''0.31Mg1.56Fe'''0.02Ti0.00Al0.10Si1.94O6 54.9023 0.0806188 2.4882 0.591787 10.4601 0 29.5722 1.87313 0.0317925 0 0
5000.00 1553.15 4.167758 10.413438 -51982.245824 1.292092 5.303752 opx Na0.00Ca0.07Fe''0.31Mg1.55Fe'''0.02Ti0.00Al0.10Si1.94O6 54.8315 0.0810046 2.51174 0.595493 10.6244 0 29.3801 1.94318 0.0326608 0 0
5000.00 1548.15 4.948023 12.338182 -61645.681179 1.532598 6.288005 opx Na0.00Ca0.08Fe''0.32Mg1.54Fe'''0.02Ti0.00Al0.11Si1.94O6 54.7601 0.0813325 2.535 0.599008 10.79 0 29.1843 2.01669 0.0335571 0 0
5000.00 1543.15 5.721733 14.238623 -71204.764978 1.770628 7.261069 opx Na0.00Ca0.08Fe''0.32Mg1.53Fe'''0.02Ti0.00Al0.11Si1.94O6 54.6882 0.0816026 2.55795 0.602326 10.9569 0 28.9847 2.09391 0.0344828 0 0
5000.00 1538.15 6.489657 16.116700 -80668.935051 2.006427 8.223899 opx Na0.00Ca0.08Fe''0.33Mg1.52Fe'''0.02Ti0.00Al0.11Si1.94O6 54.6157 0.0818155 2.5806 0.605442 11.1247 0 28.7812 2.17507 0.0354394 0 0
5000.00 1533.15 7.252566 17.974342 -90047.693248 2.240236 9.177449 opx Na0.00Ca0.09Fe''0.34Mg1.51Fe'''0.02Ti0.00Al0.11Si1.94O6 54.5427 0.0819719 2.60295 0.608352 11.2934 0 28.5737 2.26044 0.0364283 0 0

clinopyroxene_1 thermodynamic data and composition:
Pressure Temperature mass S H V Cp structure formula SiO2 TiO2 Al2O3 Fe2O3 FeO MnO MgO CaO Na2O K2O P2O5
5000.00 1468.15 1.070127 2.524925 -13048.428550 0.325491 1.267466 cpx Na0.02Ca0.62Fe''0.33Mg0.89Fe'''0.04Ti0.02Al0.20Si1.87O6 50.457 0.640534 4.69056 1.48484 10.6821 0 16.0846 15.6301 0.33028 0 0
5000.00 1463.15 2.177709 5.125032 -26517.369192 0.661553 2.574022 cpx Na0.02Ca0.63Fe''0.34Mg0.88Fe'''0.04Ti0.02Al0.21Si1.87O6 50.3282 0.697321 4.69825 1.51722 10.8121 0 15.8117 15.796 0.339112 0 0
5000.00 1458.15 3.227890 7.577095 -39257.917855 0.979418 3.807745 cpx Na0.03Ca0.64Fe''0.34Mg0.86Fe'''0.04Ti0.02Al0.21Si1.87O6 50.1996 0.757712 4.7087 1.54744 10.9247 0 15.5487 15.9655 0.34763 0 0
5000.00 1453.15 4.214380 9.867576 -51202.669083 1.277294 4.961904 cpx Na0.03Ca0.64Fe''0.34Mg0.85Fe'''0.04Ti0.02Al0.21Si1.86O6 50.0714 0.821639 4.72182 1.57514 11.0199 0 15.2969 16.1375 0.355774 0 0
5000.00 1448.15 5.133913 11.990162 -62320.623061 1.554314 6.033376 cpx Na0.03Ca0.65Fe''0.35Mg0.84Fe'''0.04Ti0.02Al0.21Si1.86O6 49.9442 0.888975 4.73757 1.60002 11.0979 0 15.0571 16.3107 0.363492 0 0
5000.00 1443.15 5.985641 13.944242 -72609.394469 1.810336 7.021877 cpx Na0.03Ca0.66Fe''0.35Mg0.83Fe'''0.05Ti0.03Al0.21Si1.86O6 49.8182 0.959549 4.75594 1.62186 11.1591 0 14.8302 16.4844 0.370748 0 0
5000.00 1438.15 6.770664 15.733740 -82089.249062 2.045802 7.929382 cpx Na0.03Ca0.67Fe''0.35Mg0.81Fe'''0.05Ti0.03Al0.21Si1.86O6 49.6937 1.03318 4.77699 1.64052 11.204 0 14.6163 16.6578 0.377522 0 0
5000.00 1433.15 7.491634 17.366118 -90798.058261 2.261608 8.759616 cpx Na0.03Ca0.67Fe''0.35Mg0.80Fe'''0.05Ti0.03Al0.21Si1.85O6 49.5705 1.10971 4.80085 1.65602 11.2332 0 14.4156 16.8304 0.383813 0 0
5000.00 1428.15 8.152374 18.851451 -98786.627735 2.458992 9.517598 cpx Na0.03Ca0.68Fe''0.35Mg0.79Fe'''0.05Ti0.03Al0.21Si1.85O6 49.4486 1.18903 4.82771 1.66845 11.2475 0 14.2275 17.0016 0.389643 0 0
5000.00 1423.15 8.757499 20.201511 -106114.114935 2.639411 10.209177 cpx Na0.03Ca0.69Fe''0.35Mg0.78Fe'''0.05Ti0.04Al0.21Si1.85O6 49.3274 1.27113 4.85782 1.67803 11.2479 0 14.0515 17.1712 0.39505 0 0
5000.00 1418.15 9.312048 21.428893 -112843.674264 2.804436 10.840603 cpx Na0.03Ca0.70Fe''0.35Mg0.78Fe'''0.05Ti0.04Al0.22Si1.84O6 49.2063 1.35612 4.89153 1.68506 11.2354 0 13.8864 17.3391 0.400089 0 0
5000.00 1413.15 9.821156 22.546262 -119038.698279 2.955648 11.418149 cpx Na0.03Ca0.70Fe''0.35Mg0.77Fe'''0.05Ti0.04Al0.22Si1.84O6 49.0846 1.44422 4.92919 1.68988 11.2109 0 13.7312 17.5053 0.404824 0 0
5000.00 1408.15 10.289796 23.565756 -124759.867328 3.094570 11.947820 cpx Na0.03Ca0.71Fe''0.35Mg0.76Fe'''0.05Ti0.04Al0.22Si1.84O6 48.9611 1.53577 4.97126 1.69288 11.1754 0 13.5845 17.6698 0.409323 0 0
5000.00 1403.15 10.735447 24.527617 -130219.849224 3.226413 12.449785 cpx Na0.03Ca0.72Fe''0.35Mg0.75Fe'''0.05Ti0.05Al0.22Si1.83O6 48.8288 1.63563 5.02123 1.69506 11.1269 0 13.4414 17.8373 0.413783 0 0
5000.00 1398.15 11.145202 25.403128 -135261.119218 3.347360 12.909474 cpx Na0.03Ca0.72Fe''0.35Mg0.75Fe'''0.05Ti0.05Al0.22Si1.83O6 48.6931 1.73946 5.07646 1.69606 11.0692 0 13.3049 18.0027 0.418131 0 0
5000.00 1393.15 11.525895 26.208266 -139965.877716 3.459448 13.334828 cpx Na0.03Ca0.73Fe''0.35Mg0.74Fe'''0.05Ti0.05Al0.23Si1.83O6 48.5515 1.84886 5.13817 1.69636 11.0025 0 13.1729 18.1672 0.422457 0 0
5000.00 1388.15 11.910010 27.020600 -144720.270289 3.573257 13.766896 cpx Na0.03Ca0.74Fe''0.34Mg0.73Fe'''0.05Ti0.05Al0.23Si1.82O6 48.4846 1.91062 5.15576 1.68022 10.9669 0 13.0899 18.2888 0.423212 0 0
5000.00 1383.15 12.302249 27.855628 -149573.842318 3.691407 14.215937 cpx Na0.03Ca0.74Fe''0.35Mg0.74Fe'''0.05Ti0.05Al0.22Si1.83O6 48.598 1.85521 5.06366 1.62892 11.0089 0 13.1128 18.3163 0.416259 0 0
5000.00 1378.15 12.634708 28.551949 -153717.591012 3.791646 14.595702 cpx Na0.03Ca0.74Fe''0.35Mg0.74Fe'''0.04Ti0.05Al0.22Si1.83O6 48.7027 1.80608 4.97939 1.58034 11.0378 0 13.1348 18.3488 0.410045 0 0
5000.00 1373.15 12.923353 29.146336 -157342.401631 3.878748 14.924638 cpx Na0.03Ca0.74Fe''0.35Mg0.74Fe'''0.04Ti0.05Al0.22Si1.83O6 48.7999 1.7621 4.90187 1.53429 11.0562 0 13.1557 18.3855 0.404443 0 0
5000.00 1368.15 13.179225 29.664212 -160580.177450 3.956020 15.215518 cpx Na0.03Ca0.74Fe''0.35Mg0.74Fe'''0.04Ti0.05Al0.21Si1.84O6 48.8908 1.72226 4.82994 1.49047 11.0662 0 13.1756 18.4253 0.399332 0 0
5000.00 1363.15 13.408619 30.120141 -163505.564537 4.025343 15.475610 cpx Na0.03Ca0.74Fe''0.35Mg0.74Fe'''0.04Ti0.05Al0.21Si1.84O6 48.9759 1.68604 4.76313 1.44882 11.0692 0 13.1942 18.468 0.394667 0 0
5000.00 1358.15 13.616607 30.525832 -166178.763394 4.088232 15.710777 cpx Na0.03Ca0.75Fe''0.35Mg0.74Fe'''0.04Ti0.05Al0.21Si1.84O6 49.0559 1.6529 4.70081 1.40915 11.0664 0 13.2116 18.5129 0.390388 0 0
5000.00 1353.15 13.806913 30.889898 -168643.911020 4.145803 15.925328 cpx Na0.03Ca0.75Fe''0.35Mg0.74Fe'''0.04Ti0.05Al0.21Si1.85O6 49.1313 1.62243 4.64249 1.37131 11.0585 0 13.2278 18.5597 0.38645 0 0
5000.00 1348.15 13.982335 31.218819 -170934.116562 4.198895 16.122504 cpx Na0.03Ca0.75Fe''0.35Mg0.74Fe'''0.04Ti0.05Al0.20Si1.85O6 49.2026 1.59428 4.58771 1.33515 11.0464 0 13.243 18.608 0.382813 0 0
5000.00 1343.15 14.145027 31.517591 -173074.819749 4.248153 16.304800 cpx Na0.03Ca0.75Fe''0.35Mg0.74Fe'''0.04Ti0.04Al0.20Si1.85O6 49.2703 1.56815 4.53612 1.30054 11.0307 0 13.2571 18.6577 0.379446 0 0
5000.00 1338.15 14.296682 31.790147 -175085.983379 4.294084 16.474180 cpx Na0.03Ca0.75Fe''0.35Mg0.74Fe'''0.04Ti0.04Al0.20Si1.85O6 49.3346 1.54382 4.4874 1.26735 11.0117 0 13.2703 18.7085 0.376321 0 0
5000.00 1333.15 14.438656 32.039638 -176983.566957 4.337094 16.632216 cpx Na0.03Ca0.75Fe''0.35Mg0.74Fe'''0.03Ti0.04Al0.20Si1.85O6 49.396 1.52109 4.44128 1.23549 10.9899 0 13.2826 18.7601 0.373416 0 0
5000.00 1328.15 14.572051 32.268635 -178780.542688 4.377516 16.780189 cpx Na0.03Ca0.76Fe''0.34Mg0.74Fe'''0.03Ti0.04Al0.19Si1.86O6 49.4547 1.49979 4.39753 1.20485 10.9657 0 13.2942 18.8126 0.370711 0 0
5000.00 1323.15 14.697779 32.479264 -180487.611877 4.415622 16.919158 cpx Na0.03Ca0.76Fe''0.34Mg0.74Fe'''0.03Ti0.04Al0.19Si1.86O6 49.5109 1.47977 4.35595 1.17536 10.9392 0 13.3051 18.8656 0.368189 0 0
5000.00 1318.15 14.816601 32.673308 -182113.720304 4.451642 17.050009 cpx Na0.03Ca0.76Fe''0.34Mg0.75Fe'''0.03Ti0.04Al0.19Si1.86O6 49.5648 1.46092 4.31635 1.14693 10.9108 0 13.3153 18.9191 0.365835 0 0
5000.00 1313.15 14.929164 32.852276 -183666.435765 4.485769 17.173494 cpx Na0.03Ca0.76Fe''0.34Mg0.75Fe'''0.03Ti0.04Al0.19Si1.86O6 49.6165 1.44312 4.27858 1.11949 10.8806 0 13.325 18.9731 0.363637 0 0
5000.00 1308.15 15.036019 33.017465 -185152.228879 4.518169 17.290256 cpx Na0.03Ca0.76Fe''0.34Mg0.75Fe'''0.03Ti0.04Al0.19Si1.86O6 49.6664 1.42629 4.2425 1.09299 10.8488 0 13.3341 19.0273 0.361582 0 0
5000.00 1303.15 15.253322 33.424772 -188019.244703 4.583836 17.534422 cpx Na0.03Ca0.77Fe''0.34Mg0.75Fe'''0.03Ti0.04Al0.19Si1.86O6 49.7064 1.40867 4.2249 1.07257 10.8027 0 13.3436 19.0813 0.359863 0 0
5000.00 1298.15 15.483011 33.857967 -191050.624285 4.653283 17.792999 cpx Na0.03Ca0.77Fe''0.34Mg0.75Fe'''0.03Ti0.04Al0.19Si1.87O6 49.743 1.38773 4.21755 1.05646 10.7511 0 13.3535 19.1322 0.358508 0 0
5000.00 1293.15 15.648384 34.148505 -193286.391464 4.703397 17.977409 cpx Na0.03Ca0.77Fe''0.34Mg0.75Fe'''0.03Ti0.04Al0.19Si1.87O6 49.7827 1.36451 4.20724 1.04051 10.7042 0 13.3631 19.1803 0.357332 0 0
5000.00 1288.15 15.771685 34.345685 -195000.470874 4.740858 18.113274 cpx Na0.03Ca0.77Fe''0.33Mg0.75Fe'''0.03Ti0.04Al0.19Si1.87O6 49.8247 1.33953 4.19474 1.02472 10.661 0 13.3726 19.2263 0.356301 0 0
5000.00 1283.15 15.866201 34.478947 -196356.701216 4.769661 18.215898 cpx Na0.03Ca0.77Fe''0.33Mg0.75Fe'''0.03Ti0.04Al0.18Si1.87O6 49.8686 1.31316 4.18057 1.00911 10.6208 0 13.3818 19.2706 0.355401 0 0
5000.00 1278.15 15.940449 34.567136 -197460.175790 4.792362 18.295083 cpx Na0.03Ca0.78Fe''0.33Mg0.75Fe'''0.03Ti0.04Al0.18Si1.87O6 49.9137 1.28573 4.16516 0.993701 10.5829 0 13.3907 19.3135 0.354631 0 0
5000.00 1273.15 16.048405 34.725599 -199033.585891 4.824796 18.411557 cpx Na0.03Ca0.78Fe''0.33Mg0.75Fe'''0.03Ti0.04Al0.18Si1.87O6 49.9049 1.29939 4.18789 0.98315 10.4983 0 13.3835 19.3872 0.355635 0 0
5000.00 1268.15 16.124830 34.814206 -200177.525401 4.847419 18.490437 cpx Na0.03Ca0.78Fe''0.33Mg0.75Fe'''0.03Ti0.04Al0.19Si1.87O6 49.8975 1.3102 4.20559 0.974748 10.4359 0 13.3655 19.4524 0.35819 0 0
5000.00 1263.15 16.199165 34.897376 -201297.071986 4.869407 18.566823 cpx Na0.03Ca0.78Fe''0.33Mg0.75Fe'''0.03Ti0.04Al0.19Si1.87O6 49.8899 1.32117 4.22344 0.966326 10.3738 0 13.3478 19.5168 0.360764 0 0
5000.00 1258.15 16.271513 34.975355 -202393.448697 4.890792 18.640835 cpx Na0.03Ca0.79Fe''0.32Mg0.74Fe'''0.03Ti0.04Al0.19Si1.87O6 49.8822 1.33228 4.24147 0.957883 10.3118 0 13.3305 19.5804 0.363358 0 0
5000.00 1253.15 16.341971 35.048373 -203467.804934 4.911603 18.712585 cpx Na0.03Ca0.79Fe''0.32Mg0.74Fe'''0.03Ti0.04Al0.19Si1.87O6 49.8744 1.34355 4.25968 0.949424 10.2501 0 13.3136 19.6433 0.365971 0 0
5000.00 1248.15 16.410630 35.116646 -204521.222586 4.931867 18.782179 cpx Na0.03Ca0.79Fe''0.32Mg0.74Fe'''0.03Ti0.04Al0.19Si1.87O6 49.8663 1.35499 4.27807 0.940948 10.1886 0 13.2969 19.7055 0.368605 0 0
5000.00 1243.15 16.477577 35.180379 -205554.721621 4.951611 18.849716 cpx Na0.03Ca0.79Fe''0.32Mg0.74Fe'''0.03Ti0.04Al0.19Si1.87O6 49.8582 1.3666 4.29666 0.932459 10.1272 0 13.2806 19.767 0.371262 0 0
5000.00 1238.15 16.542893 35.239763 -206569.265148 4.970858 18.915290 cpx Na0.03Ca0.80Fe''0.32Mg0.74Fe'''0.03Ti0.04Al0.19Si1.87O6 49.8498 1.3784 4.31545 0.923958 10.0661 0 13.2646 19.8278 0.37394 0 0
5000.00 1233.15 16.606655 35.294979 -207565.764028 4.989632 18.978990 cpx Na0.03Ca0.80Fe''0.31Mg0.74Fe'''0.03Ti0.04Al0.19Si1.87O6 49.8412 1.3904 4.33446 0.915447 10.0051 0 13.2488 19.888 0.376643 0 0
5000.00 1228.15 16.668935 35.346196 -208545.081102 5.007954 19.040899 cpx Na0.03Ca0.80Fe''0.31Mg0.74Fe'''0.03Ti0.04Al0.19Si1.87O6 49.8324 1.40261 4.35369 0.906927 9.94422 0 13.2333 19.9475 0.37937 0 0
5000.00 1223.15 16.729802 35.393577 -209508.035048 5.025846 19.101096 cpx Na0.03Ca0.80Fe''0.31Mg0.74Fe'''0.03Ti0.04Al0.19Si1.86O6 49.8233 1.41503 4.37315 0.898401 9.88349 0 13.2181 20.0063 0.382122 0 0
5000.00 1218.15 16.789322 35.437273 -210455.403929 5.043326 19.159655 cpx Na0.03Ca0.80Fe''0.31Mg0.74Fe'''0.03Ti0.04Al0.19Si1.86O6 49.814 1.42768 4.39286 0.889871 9.82289 0 13.2032 20.0646 0.3849 0 0
5000.00 1213.15 16.847557 35.477430 -211387.928472 5.060413 19.216649 cpx Na0.03Ca0.81Fe''0.31Mg0.74Fe'''0.02Ti0.04Al0.19Si1.86O6 49.8044 1.44058 4.41283 0.881337 9.76239 0 13.1885 20.1222 0.387705 0 0
5000.00 1208.15 16.904566 35.514185 -212306.315093 5.077125 19.272143 cpx Na0.03Ca0.81Fe''0.30Mg0.73Fe'''0.02Ti0.04Al0.20Si1.86O6 49.7946 1.45373 4.43306 0.872803 9.70199 0 13.1741 20.1792 0.390539 0 0
5000.00 1203.15 16.960407 35.547669 -213211.238711 5.093479 19.326203 cpx Na0.03Ca0.81Fe''0.30Mg0.73Fe'''0.02Ti0.04Al0.20Si1.86O6 49.7844 1.46714 4.45358 0.864269 9.64168 0 13.1598 20.2357 0.393401 0 0
5000.00 1198.15 17.015132 35.578005 -214103.345378 5.109491 19.378890 cpx Na0.03Ca0.81Fe''0.30Mg0.73Fe'''0.02Ti0.04Al0.20Si1.86O6 49.7739 1.48085 4.4744 0.855738 9.58144 0 13.1458 20.2916 0.396294 0 0
5000.00 1193.15 17.068795 35.605312 -214983.254739 5.125177 19.430261 cpx Na0.03Ca0.82Fe''0.30Mg0.73Fe'''0.02Ti0.04Al0.20Si1.86O6 49.7631 1.49485 4.49552 0.847212 9.52126 0 13.132 20.3469 0.399217 0 0
5000.00 1188.15 17.121444 35.629704 -215851.562361 5.140550 19.480373 cpx Na0.03Ca0.82Fe''0.30Mg0.73Fe'''0.02Ti0.04Al0.20Si1.86O6 49.7518 1.50917 4.51697 0.838693 9.46114 0 13.1184 20.4017 0.402172 0 0
5000.00 1183.15 17.173128 35.651288 -216708.841942 5.155625 19.529280 cpx Na0.03Ca0.82Fe''0.29Mg0.73Fe'''0.02Ti0.04Al0.20Si1.86O6 49.7402 1.52383 4.53876 0.830183 9.40105 0 13.1049 20.4559 0.40516 0 0

clinopyroxene_0 thermodynamic data and composition:
Pressure Temperature mass S H V Cp structure formula SiO2 TiO2 Al2O3 Fe2O3 FeO MnO MgO CaO Na2O K2O P2O5
5000.00 1528.15 10.396477 25.641322 -126989.988113 3.202860 12.883934 cpx Na0.01Ca0.22Fe''0.37Mg1.32Fe'''0.02Ti0.00Al0.15Si1.91O6 52.9821 0.145033 3.63222 0.871003 12.1934 0 24.4722 5.59698 0.107033 0 0
5000.00 1523.15 11.742193 28.881374 -143315.213316 3.613218 14.512606 cpx Na0.01Ca0.23Fe''0.37Mg1.29Fe'''0.02Ti0.00Al0.16Si1.91O6 52.8038 0.153466 3.75632 0.897652 12.2325 0 23.9736 6.06634 0.116257 0 0
5000.00 1518.15 13.189394 32.348011 -160876.292730 4.053830 16.254300 cpx Na0.01Ca0.26Fe''0.37Mg1.26Fe'''0.03Ti0.00Al0.17Si1.90O6 52.6099 0.163777 3.89625 0.927959 12.2393 0 23.4262 6.6095 0.127182 0 0
5000.00 1513.15 14.760679 36.092445 -179962.432712 4.531581 18.134506 cpx Na0.01Ca0.28Fe''0.37Mg1.23Fe'''0.03Ti0.00Al0.17Si1.90O6 52.3984 0.176618 4.05504 0.962739 12.2068 0 22.8265 7.23377 0.140157 0 0
5000.00 1508.15 16.966491 41.358156 -206609.797841 5.201640 20.777805 cpx Na0.01Ca0.30Fe''0.37Mg1.20Fe'''0.03Ti0.01Al0.18Si1.90O6 52.197 0.192632 4.17049 0.999577 12.2645 0 22.237 7.78578 0.152985 0 0
5000.00 1503.15 20.113588 48.888601 -244112.460558 6.154631 24.558800 cpx Na0.01Ca0.31Fe''0.38Mg1.18Fe'''0.03Ti0.01Al0.18Si1.90O6 52.0597 0.210075 4.14339 1.03037 12.6192 0 21.7923 7.98451 0.160527 0 0
5000.00 1498.15 22.889814 55.480744 -276895.567450 6.990985 27.869982 cpx Na0.01Ca0.32Fe''0.40Mg1.16Fe'''0.03Ti0.01Al0.18Si1.90O6 51.9282 0.227944 4.11731 1.05972 12.972 0 21.3807 8.14664 0.167447 0 0
5000.00 1493.15 25.361563 61.303301 -305813.093013 7.731684 30.796540 cpx Na0.01Ca0.32Fe''0.41Mg1.15Fe'''0.03Ti0.01Al0.18Si1.90O6 51.8019 0.246217 4.09196 1.08759 13.3214 0 20.996 8.28114 0.173822 0 0
5000.00 1488.15 27.580334 66.486904 -331529.279080 8.393018 33.404390 cpx Na0.01Ca0.33Fe''0.42Mg1.13Fe'''0.03Ti0.01Al0.18Si1.90O6 51.6804 0.264884 4.06719 1.11386 13.6654 0 20.6339 8.39467 0.17971 0 0
5000.00 1483.15 29.585868 71.132388 -354559.421619 8.987586 35.744423 cpx Na0.01Ca0.33Fe''0.43Mg1.11Fe'''0.03Ti0.01Al0.18Si1.90O6 51.5633 0.283924 4.04285 1.13843 14.0025 0 20.2919 8.49198 0.185151 0 0
5000.00 1478.15 31.408753 75.317541 -375303.373893 9.525120 37.855942 cpx Na0.01Ca0.34Fe''0.44Mg1.10Fe'''0.03Ti0.01Al0.17Si1.90O6 51.4509 0.303304 4.01881 1.1611 14.3312 0 19.9682 8.57637 0.190166 0 0
5000.00 1473.15 33.072832 79.103207 -394075.595663 10.013244 39.769738 cpx Na0.01Ca0.34Fe''0.45Mg1.08Fe'''0.03Ti0.01Al0.17Si1.89O6 51.3434 0.322965 3.99485 1.18166 14.6502 0 19.662 8.6501 0.194762 0 0
5000.00 1468.15 33.544889 80.049296 -398333.990356 10.138069 40.262423 cpx Na0.01Ca0.34Fe''0.47Mg1.07Fe'''0.03Ti0.01Al0.17Si1.89O6 51.2571 0.337613 3.95563 1.19388 15.0792 0 19.4681 8.51324 0.195181 0 0
5000.00 1463.15 33.854135 80.605783 -400646.952168 10.213612 40.561678 cpx Na0.01Ca0.33Fe''0.48Mg1.07Fe'''0.03Ti0.01Al0.17Si1.90O6 51.1769 0.351166 3.9148 1.20281 15.5097 0 19.2933 8.35664 0.194788 0 0
5000.00 1458.15 34.104683 81.021017 -402293.935686 10.271735 40.792167 cpx Na0.01Ca0.33Fe''0.49Mg1.06Fe'''0.03Ti0.01Al0.17Si1.90O6 51.102 0.363911 3.87355 1.20877 15.9299 0 19.13 8.19799 0.193902 0 0
5000.00 1453.15 34.311043 81.330475 -403462.069283 10.316990 40.971844 cpx Na0.01Ca0.32Fe''0.51Mg1.05Fe'''0.03Ti0.01Al0.17Si1.90O6 51.0329 0.375763 3.83189 1.21167 16.3375 0 18.9788 8.03892 0.19256 0 0
5000.00 1448.15 34.483046 81.558276 -404280.352593 10.352484 41.112944 cpx Na0.01Ca0.31Fe''0.52Mg1.04Fe'''0.03Ti0.01Al0.17Si1.90O6 50.9701 0.386642 3.78989 1.21144 16.7302 0 18.8401 7.8808 0.190799 0 0
5000.00 1443.15 34.627199 81.720479 -404835.883465 10.380291 41.223617 cpx Na0.01Ca0.31Fe''0.53Mg1.04Fe'''0.03Ti0.01Al0.16Si1.90O6 50.914 0.396486 3.74764 1.2081 17.1062 0 18.7142 7.72474 0.188662 0 0
5000.00 1438.15 34.747758 81.827671 -405186.537780 10.401777 41.309217 cpx Na0.01Ca0.30Fe''0.54Mg1.03Fe'''0.03Ti0.01Al0.16Si1.90O6 50.8646 0.405254 3.70528 1.20177 17.4641 0 18.6012 7.57165 0.186196 0 0
5000.00 1433.15 34.847563 81.886976 -405370.772172 10.417851 41.373301 cpx Na0.01Ca0.30Fe''0.56Mg1.03Fe'''0.03Ti0.01Al0.16Si1.90O6 50.822 0.412936 3.66297 1.19261 17.8029 0 18.501 7.42216 0.183451 0 0
5000.00 1428.15 34.928656 81.903524 -405414.934991 10.429153 41.418363 cpx Na0.01Ca0.29Fe''0.57Mg1.03Fe'''0.03Ti0.01Al0.16Si1.90O6 50.786 0.419546 3.62089 1.18089 18.1223 0 18.4132 7.27671 0.180481 0 0
5000.00 1423.15 34.992711 81.881475 -405338.545382 10.436182 41.446360 cpx Na0.01Ca0.29Fe''0.58Mg1.02Fe'''0.03Ti0.01Al0.16Si1.90O6 50.7561 0.425125 3.57921 1.16689 18.4225 0 18.3373 7.13551 0.177335 0 0
5000.00 1418.15 35.041299 81.824665 -405157.835183 10.439389 41.459049 cpx Na0.01Ca0.28Fe''0.59Mg1.02Fe'''0.03Ti0.01Al0.16Si1.90O6 50.7321 0.429734 3.5381 1.15095 18.704 0 18.2725 6.99862 0.174064 0 0
5000.00 1413.15 35.076028 81.736930 -404887.828429 10.439214 41.458163 cpx Na0.01Ca0.28Fe''0.59Mg1.02Fe'''0.03Ti0.01Al0.15Si1.90O6 50.7132 0.433442 3.49767 1.13339 18.9678 0 18.2177 6.86598 0.17071 0 0
5000.00 1408.15 35.098583 81.622229 -404543.397846 10.436113 41.445488 cpx Na0.01Ca0.27Fe''0.60Mg1.02Fe'''0.03Ti0.01Al0.15Si1.90O6 50.6991 0.43632 3.45802 1.11453 19.2151 0 18.1722 6.73745 0.167313 0 0
5000.00 1403.15 35.110101 81.483103 -404123.828045 10.430270 41.421985 cpx Na0.01Ca0.27Fe''0.61Mg1.01Fe'''0.03Ti0.01Al0.15Si1.90O6 50.6884 0.439017 3.41895 1.09447 19.4497 0 18.1349 6.61069 0.163839 0 0
5000.00 1398.15 35.112870 81.324974 -403662.307917 10.422450 41.390377 cpx Na0.01Ca0.26Fe''0.62Mg1.01Fe'''0.03Ti0.01Al0.15Si1.90O6 50.6817 0.440836 3.3808 1.07366 19.6693 0 18.1051 6.48821 0.160396 0 0
5000.00 1393.15 35.108821 81.152202 -403173.546895 10.413148 41.352660 cpx Na0.01Ca0.26Fe''0.62Mg1.01Fe'''0.03Ti0.01Al0.15Si1.90O6 50.6783 0.441953 3.34345 1.05229 19.8759 0 18.0818 6.36938 0.15699 0 0
5000.00 1388.15 35.054928 80.864438 -402233.939315 10.390581 41.259251 cpx Na0.01Ca0.25Fe''0.63Mg1.01Fe'''0.03Ti0.01Al0.15Si1.91O6 50.6909 0.437015 3.29845 1.02674 20.0519 0 18.0655 6.27609 0.153356 0 0
5000.00 1383.15 34.899207 80.342367 -400343.750627 10.340624 41.051236 cpx Na0.01Ca0.25Fe''0.63Mg1.01Fe'''0.03Ti0.01Al0.14Si1.91O6 50.7349 0.420271 3.23641 0.993151 20.173 0 18.0606 6.23242 0.149282 0 0
5000.00 1378.15 34.747159 79.832064 -398531.035737 10.292086 40.849625 cpx Na0.01Ca0.25Fe''0.64Mg1.01Fe'''0.03Ti0.01Al0.14Si1.91O6 50.7786 0.404628 3.1774 0.960829 20.2842 0 18.0631 6.18576 0.145459 0 0
5000.00 1373.15 34.598398 79.332015 -396781.450644 10.244751 40.653392 cpx Na0.01Ca0.25Fe''0.64Mg1.01Fe'''0.03Ti0.01Al0.14Si1.91O6 50.8215 0.389942 3.12127 0.929809 20.388 0 18.0709 6.13669 0.141852 0 0
5000.00 1368.15 34.452538 78.840877 -395084.219416 10.198445 40.461705 cpx Na0.01Ca0.25Fe''0.64Mg1.01Fe'''0.03Ti0.01Al0.14Si1.91O6 50.8634 0.376083 3.06769 0.900015 20.486 0 18.0826 6.08575 0.138427 0 0
5000.00 1363.15 34.310178 78.359689 -393441.113491 10.153295 40.274972 cpx Na0.01Ca0.24Fe''0.65Mg1.02Fe'''0.02Ti0.01Al0.13Si1.92O6 50.9041 0.362978 3.01657 0.871466 20.5793 0 18.0972 6.03322 0.135172 0 0
5000.00 1358.15 34.171459 77.888495 -391850.325041 10.109310 40.093149 cpx Na0.01Ca0.24Fe''0.65Mg1.02Fe'''0.02Ti0.01Al0.13Si1.92O6 50.9434 0.35055 2.96775 0.844109 20.6689 0 18.1138 5.97942 0.13207 0 0
5000.00 1353.15 34.036474 77.427293 -390310.485006 10.066496 39.916192 cpx Na0.01Ca0.24Fe''0.65Mg1.02Fe'''0.02Ti0.01Al0.13Si1.92O6 50.9814 0.338738 2.92103 0.817882 20.7553 0 18.1319 5.92457 0.129108 0 0
5000.00 1348.15 33.905283 76.976029 -388820.411023 10.024852 39.744052 cpx Na0.01Ca0.24Fe''0.66Mg1.02Fe'''0.02Ti0.01Al0.13Si1.92O6 51.018 0.327487 2.87625 0.792725 20.8392 0 18.1512 5.86889 0.126273 0 0
5000.00 1343.15 33.777902 76.534590 -387378.937668 9.984374 39.576658 cpx Na0.01Ca0.23Fe''0.66Mg1.02Fe'''0.02Ti0.01Al0.13Si1.92O6 51.0533 0.316752 2.83328 0.768577 20.9208 0 18.1712 5.81254 0.123556 0 0
5000.00 1338.15 33.654319 76.102807 -385984.852709 9.945046 39.413923 cpx Na0.01Ca0.23Fe''0.66Mg1.02Fe'''0.02Ti0.01Al0.12Si1.92O6 51.0873 0.306493 2.79197 0.74538 21.0005 0 18.1918 5.75566 0.120947 0 0
5000.00 1333.15 33.534492 75.680472 -384636.881947 9.906852 39.255740 cpx Na0.01Ca0.23Fe''0.66Mg1.02Fe'''0.02Ti0.01Al0.12Si1.92O6 51.12 0.296676 2.75222 0.723081 21.0785 0 18.2127 5.69839 0.118439 0 0
5000.00 1328.15 33.418360 75.267340 -383333.695268 9.869767 39.101991 cpx Na0.01Ca0.23Fe''0.67Mg1.02Fe'''0.02Ti0.01Al0.12Si1.93O6 51.1515 0.287269 2.71391 0.701629 21.155 0 18.2338 5.64081 0.116026 0 0
5000.00 1323.15 33.305846 74.863143 -382073.920810 9.833765 38.952549 cpx Na0.01Ca0.23Fe''0.67Mg1.02Fe'''0.02Ti0.01Al0.12Si1.93O6 51.1819 0.278246 2.67696 0.680977 21.2302 0 18.2551 5.58302 0.113701 0 0
5000.00 1318.15 33.196862 74.467598 -380856.161051 9.798817 38.807279 cpx Na0.01Ca0.22Fe''0.67Mg1.03Fe'''0.02Ti0.01Al0.12Si1.93O6 51.2111 0.269583 2.64127 0.661081 21.3041 0 18.2763 5.5251 0.111458 0 0
5000.00 1313.15 33.091312 74.080411 -379679.008038 9.764892 38.666043 cpx Na0.01Ca0.22Fe''0.67Mg1.03Fe'''0.02Ti0.01Al0.12Si1.93O6 51.2393 0.261257 2.60677 0.6419 21.377 0 18.2974 5.4671 0.109293 0 0
5000.00 1308.15 32.989094 73.701283 -378541.056680 9.731958 38.528700 cpx Na0.01Ca0.22Fe''0.68Mg1.03Fe'''0.02Ti0.01Al0.11Si1.93O6 51.2664 0.253249 2.57338 0.623396 21.4489 0 18.3184 5.4091 0.107201 0 0
5000.00 1303.15 32.839792 73.221737 -376928.918849 9.685606 38.339016 cpx Na0.01Ca0.22Fe''0.68Mg1.03Fe'''0.02Ti0.01Al0.11Si1.93O6 51.2867 0.245645 2.55626 0.609324 21.4994 0 18.3463 5.35092 0.105403 0 0
5000.00 1298.15 32.694082 72.753197 -375390.648498 9.640526 38.154643 cpx Na0.01Ca0.21Fe''0.68Mg1.03Fe'''0.02Ti0.01Al0.11Si1.93O6 51.3017 0.238069 2.55013 0.598571 21.5381 0 18.3759 5.29363 0.103898 0 0
5000.00 1293.15 32.584844 72.365526 -374253.342466 9.606054 38.011885 cpx Na0.01Ca0.21Fe''0.68Mg1.03Fe'''0.02Ti0.01Al0.11Si1.93O6 51.3158 0.230416 2.54323 0.588128 21.5809 0 18.4015 5.23746 0.1025 0 0
5000.00 1288.15 32.500471 72.032700 -373387.342932 9.578792 37.897331 cpx Na0.01Ca0.21Fe''0.68Mg1.03Fe'''0.02Ti0.01Al0.11Si1.93O6 51.3292 0.222743 2.53587 0.577962 21.6269 0 18.4239 5.18222 0.101189 0 0
5000.00 1283.15 32.433958 71.739007 -372714.385955 9.556686 37.802889 cpx Na0.01Ca0.21Fe''0.68Mg1.04Fe'''0.02Ti0.01Al0.11Si1.93O6 51.3417 0.215092 2.52822 0.568052 21.6757 0 18.4434 5.12778 0.0999544 0 0
5000.00 1278.15 32.380732 71.474195 -372183.372729 9.538398 37.723278 cpx Na0.01Ca0.20Fe''0.68Mg1.04Fe'''0.02Ti0.01Al0.11Si1.93O6 51.3535 0.207496 2.5204 0.558384 21.727 0 18.4604 5.07401 0.0987875 0 0
5000.00 1273.15 32.181593 70.893032 -370052.658131 9.477835 37.478666 cpx Na0.01Ca0.20Fe''0.69Mg1.04Fe'''0.02Ti0.01Al0.11Si1.93O6 51.3666 0.20415 2.51657 0.548254 21.7584 0 18.5011 5.00745 0.0975059 0 0
5000.00 1268.15 32.110800 70.590466 -369285.453496 9.453957 37.377947 cpx Na0.01Ca0.20Fe''0.69Mg1.04Fe'''0.02Ti0.01Al0.11Si1.93O6 51.373 0.200372 2.51074 0.539532 21.8189 0 18.518 4.94269 0.0967184 0 0
5000.00 1263.15 32.042298 70.292953 -368544.937885 9.430772 37.279764 cpx Na0.01Ca0.20Fe''0.69Mg1.04Fe'''0.02Ti0.01Al0.11Si1.93O6 51.3791 0.196653 2.50499 0.530899 21.8791 0 18.5345 4.87873 0.0959429 0 0
5000.00 1258.15 31.975988 70.000253 -367829.961821 9.408250 37.184001 cpx Na0.01Ca0.19Fe''0.69Mg1.04Fe'''0.01Ti0.01Al0.11Si1.94O6 51.3852 0.192992 2.49931 0.522357 21.9389 0 18.5506 4.81554 0.0951793 0 0
5000.00 1253.15 31.911780 69.712140 -367139.452893 9.386363 37.090550 cpx Na0.01Ca0.19Fe''0.69Mg1.04Fe'''0.01Ti0.01Al0.11Si1.94O6 51.391 0.189387 2.4937 0.513904 21.9982 0 18.5662 4.75311 0.0944272 0 0
5000.00 1248.15 31.849591 69.428403 -366472.409855 9.365086 36.999310 cpx Na0.01Ca0.19Fe''0.69Mg1.04Fe'''0.01Ti0.01Al0.11Si1.94O6 51.3967 0.185837 2.48817 0.505538 22.0572 0 18.5814 4.69143 0.0936863 0 0
5000.00 1243.15 31.789339 69.148846 -365827.897315 9.344395 36.910187 cpx Na0.01Ca0.19Fe''0.70Mg1.04Fe'''0.01Ti0.01Al0.11Si1.94O6 51.4022 0.182341 2.48272 0.49726 22.1158 0 18.5962 4.63046 0.0929565 0 0
5000.00 1238.15 31.730953 68.873284 -365205.040961 9.324267 36.823093 cpx Na0.01Ca0.18Fe''0.70Mg1.05Fe'''0.01Ti0.01Al0.11Si1.94O6 51.4076 0.178899 2.47734 0.489069 22.1741 0 18.6106 4.57021 0.0922374 0 0
5000.00 1233.15 31.674364 68.601543 -364603.023280 9.304680 36.737945 cpx Na0.01Ca0.18Fe''0.70Mg1.05Fe'''0.01Ti0.00Al0.11Si1.94O6 51.4128 0.175509 2.47203 0.480963 22.232 0 18.6245 4.51065 0.0915288 0 0
5000.00 1228.15 31.619506 68.333461 -364021.079696 9.285617 36.654667 cpx Na0.01Ca0.18Fe''0.70Mg1.05Fe'''0.01Ti0.00Al0.11Si1.94O6 51.4179 0.172169 2.46679 0.472943 22.2896 0 18.638 4.45176 0.0908306 0 0
5000.00 1223.15 31.566321 68.068886 -363458.495110 9.267057 36.573185 cpx Na0.01Ca0.18Fe''0.70Mg1.05Fe'''0.01Ti0.00Al0.11Si1.94O6 51.4228 0.16888 2.46162 0.465007 22.3469 0 18.6512 4.39354 0.0901425 0 0
5000.00 1218.15 31.514751 67.807675 -362914.600804 9.248985 36.493433 cpx Na0.01Ca0.18Fe''0.71Mg1.05Fe'''0.01Ti0.00Al0.11Si1.94O6 51.4275 0.165641 2.45652 0.457155 22.4039 0 18.6639 4.33597 0.0894642 0 0
5000.00 1213.15 31.464746 67.549693 -362388.771656 9.231384 36.415346 cpx Na0.01Ca0.17Fe''0.71Mg1.05Fe'''0.01Ti0.00Al0.11Si1.94O6 51.4321 0.162449 2.4515 0.449387 22.4606 0 18.6762 4.27903 0.0887957 0 0
5000.00 1208.15 31.416254 67.294815 -361880.423677 9.214238 36.338867 cpx Na0.01Ca0.17Fe''0.71Mg1.05Fe'''0.01Ti0.00Al0.11Si1.94O6 51.4365 0.159306 2.44654 0.441702 22.517 0 18.6881 4.22272 0.0881367 0 0
5000.00 1203.15 31.369233 67.042922 -361389.011823 9.197535 36.263939 cpx Na0.01Ca0.17Fe''0.71Mg1.05Fe'''0.01Ti0.00Al0.11Si1.94O6 51.4408 0.156209 2.44165 0.434099 22.5731 0 18.6997 4.16702 0.087487 0 0
5000.00 1198.15 31.323638 66.793904 -360914.028067 9.181260 36.190510 cpx Na0.01Ca0.17Fe''0.71Mg1.05Fe'''0.01Ti0.00Al0.11Si1.94O6 51.4449 0.153158 2.43683 0.426577 22.629 0 18.7108 4.11192 0.0868465 0 0
5000.00 1193.15 31.279431 66.547657 -360454.999738 9.165403 36.118533 cpx Na0.01Ca0.16Fe''0.71Mg1.05Fe'''0.01Ti0.00Al0.11Si1.94O6 51.4489 0.150152 2.43209 0.419137 22.6846 0 18.7216 4.05741 0.086215 0 0
5000.00 1188.15 31.236575 66.304084 -360011.488095 9.149951 36.047962 cpx Na0.01Ca0.16Fe''0.72Mg1.05Fe'''0.01Ti0.00Al0.11Si1.94O6 51.4527 0.147191 2.42741 0.411778 22.7399 0 18.732 4.00347 0.0855923 0 0
5000.00 1183.15 31.195037 66.063095 -359583.087138 9.134894 35.978757 cpx Na0.01Ca0.16Fe''0.72Mg1.05Fe'''0.01Ti0.00Al0.11Si1.94O6 51.4563 0.144274 2.4228 0.4045 22.795 0 18.742 3.95011 0.0849783 0 0

feldspar_0 thermodynamic data and composition:
Pressure Temperature mass S H V Cp formula SiO2 TiO2 Al2O3 Fe2O3 FeO MnO MgO CaO Na2O K2O P2O5
5000.00 1508.15 1.434647 3.579177 -19449.120852 0.539708 1.774967 K0.00Na0.34Ca0.65Al1.65Si2.35O8 51.688 0 30.9205 0 0 0 0 13.449 3.91095 0.0315205 0
5000.00 1503.15 5.842006 14.565983 -79213.331703 2.199894 7.226243 K0.00Na0.36Ca0.64Al1.64Si2.36O8 52.0673 0 30.6641 0 0 0 0 13.149 4.08397 0.0356528 0
5000.00 1498.15 9.707401 24.187452 -131651.581791 3.658838 12.004760 K0.00Na0.37Ca0.62Al1.62Si2.38O8 52.4274 0 30.4206 0 0 0 0 12.8641 4.24797 0.0400309 0
5000.00 1493.15 13.127299 32.684523 -178070.032001 4.952113 16.230068 K0.00Na0.39Ca0.61Al1.61Si2.39O8 52.7681 0 30.19 0 0 0 0 12.5944 4.40286 0.0446447 0
5000.00 1488.15 16.173009 40.235400 -219434.123359 6.105985 19.990550 K0.00Na0.40Ca0.60Al1.60Si2.40O8 53.0894 0 29.9725 0 0 0 0 12.3399 4.54866 0.0494786 0
5000.00 1483.15 18.898582 46.975267 -256475.447957 7.140340 23.353203 K0.00Na0.41Ca0.59Al1.59Si2.41O8 53.3916 0 29.7679 0 0 0 0 12.1006 4.68547 0.0545115 0
5000.00 1478.15 21.346035 53.009353 -289762.640978 8.070623 26.370129 K0.00Na0.42Ca0.57Al1.57Si2.43O8 53.6747 0 29.576 0 0 0 0 11.8762 4.81339 0.0597159 0
5000.00 1473.15 23.549707 58.423772 -319760.268820 8.909462 29.083912 K0.00Na0.43Ca0.56Al1.56Si2.44O8 53.9393 0 29.3966 0 0 0 0 11.6665 4.93261 0.0650613 0
5000.00 1468.15 25.513436 63.229542 -346518.116873 9.658103 31.499529 K0.00Na0.44Ca0.55Al1.55Si2.45O8 54.1889 0 29.2272 0 0 0 0 11.4685 5.04489 0.0705032 0
5000.00 1463.15 27.282708 67.539847 -370653.124516 10.333410 33.673236 K0.00Na0.45Ca0.55Al1.55Si2.45O8 54.4201 0 29.0702 0 0 0 0 11.2851 5.1486 0.0760006 0
5000.00 1458.15 28.876205 71.401742 -392417.937021 10.942228 35.628225 K0.00Na0.46Ca0.54Al1.54Si2.46O8 54.6326 0 28.9259 0 0 0 0 11.1164 5.24365 0.0815008 0
5000.00 1453.15 30.308214 74.851420 -412005.470685 11.489780 37.382257 K0.00Na0.47Ca0.53Al1.53Si2.47O8 54.8264 0 28.7941 0 0 0 0 10.9625 5.33009 0.0869468 0
5000.00 1448.15 31.591306 77.920840 -429585.393944 11.980672 38.950974 K0.01Na0.47Ca0.52Al1.52Si2.48O8 55.0016 0 28.6749 0 0 0 0 10.8232 5.40801 0.0922799 0
5000.00 1443.15 32.736966 80.639295 -445312.611478 12.419131 40.348672 K0.01Na0.48Ca0.52Al1.52Si2.48O8 55.1586 0 28.568 0 0 0 0 10.6984 5.4776 0.097444 0
5000.00 1438.15 33.756069 83.034599 -459333.726510 12.809187 41.588901 K0.01Na0.48Ca0.51Al1.51Si2.49O8 55.2979 0 28.473 0 0 0 0 10.5875 5.53913 0.102388 0
5000.00 1433.15 34.659199 85.133831 -471791.379461 13.154788 42.687498 K0.01Na0.49Ca0.51Al1.51Si2.49O8 55.4203 0 28.3895 0 0 0 0 10.4901 5.593 0.107072 0
5000.00 1428.15 35.456772 86.963763 -482825.777282 13.459851 43.652376 K0.01Na0.49Ca0.50Al1.50Si2.50O8 55.5269 0 28.3168 0 0 0 0 10.4052 5.6397 0.111464 0
5000.00 1423.15 36.159021 88.550623 -492574.746659 13.728248 44.498692 K0.01Na0.50Ca0.50Al1.50Si2.50O8 55.6189 0 28.2539 0 0 0 0 10.3319 5.67984 0.115548 0
5000.00 1418.15 36.775880 89.919896 -501172.042280 13.963761 45.238821 K0.01Na0.50Ca0.49Al1.49Si2.51O8 55.6976 0 28.2 0 0 0 0 10.269 5.71405 0.119316 0
5000.00 1413.15 37.316807 91.095834 -508744.980685 14.170008 45.884537 K0.01Na0.50Ca0.49Al1.49Si2.51O8 55.7647 0 28.1541 0 0 0 0 10.2155 5.74303 0.122774 0
5000.00 1408.15 37.790611 92.101019 -515412.145033 14.350367 46.446809 K0.01Na0.50Ca0.49Al1.49Si2.51O8 55.8215 0 28.1151 0 0 0 0 10.17 5.76746 0.125933 0
5000.00 1403.15 38.205351 92.956141 -521281.793518 14.507949 46.935658 K0.01Na0.50Ca0.49Al1.49Si2.51O8 55.8697 0 28.0819 0 0 0 0 10.1315 5.78801 0.128898 0
5000.00 1398.15 38.566755 93.675995 -526431.041011 14.644961 47.358245 K0.01Na0.51Ca0.49Al1.49Si2.51O8 55.9103 0 28.054 0 0 0 0 10.0989 5.80521 0.131577 0
5000.00 1393.15 38.881657 94.278062 -530951.871934 14.764043 47.723069 K0.01Na0.51Ca0.49Al1.49Si2.51O8 55.9446 0 28.0304 0 0 0 0 10.0714 5.81963 0.134015 0
5000.00 1388.15 39.212129 94.909106 -535696.768845 14.888041 48.105729 K0.01Na0.51Ca0.48Al1.48Si2.52O8 55.9554 0 28.0225 0 0 0 0 10.0624 5.82314 0.136547 0
5000.00 1383.15 39.626313 95.729563 -541602.414096 15.042110 48.589115 K0.01Na0.51Ca0.49Al1.49Si2.51O8 55.9264 0 28.0413 0 0 0 0 10.0847 5.80796 0.139578 0
5000.00 1378.15 39.996506 96.440645 -546910.385298 15.179612 49.018108 K0.01Na0.51Ca0.49Al1.49Si2.51O8 55.902 0 28.0572 0 0 0 0 10.1035 5.79497 0.142405 0
5000.00 1373.15 40.329760 97.059632 -551716.724519 15.303183 49.401382 K0.01Na0.50Ca0.49Al1.49Si2.51O8 55.8807 0 28.0709 0 0 0 0 10.1198 5.78357 0.14505 0
5000.00 1368.15 40.632279 97.601706 -556105.908348 15.415145 49.746563 K0.01Na0.50Ca0.49Al1.49Si2.51O8 55.8616 0 28.0832 0 0 0 0 10.1344 5.77329 0.147543 0
5000.00 1363.15 40.908165 98.077025 -560133.651215 15.517048 50.058714 K0.01Na0.50Ca0.49Al1.49Si2.51O8 55.8445 0 28.0942 0 0 0 0 10.1475 5.76395 0.149889 0
5000.00 1358.15 41.161142 98.494767 -563850.563553 15.610293 50.342420 K0.01Na0.50Ca0.49Al1.49Si2.51O8 55.8287 0 28.1043 0 0 0 0 10.1595 5.75538 0.152104 0
5000.00 1353.15 41.394259 98.862457 -567298.085992 15.696030 50.601438 K0.01Na0.50Ca0.49Al1.49Si2.51O8 55.8142 0 28.1136 0 0 0 0 10.1705 5.74743 0.154199 0
5000.00 1348.15 41.610026 99.186291 -570510.296353 15.775207 50.838860 K0.01Na0.50Ca0.49Al1.49Si2.51O8 55.8007 0 28.1223 0 0 0 0 10.1808 5.74001 0.156186 0
5000.00 1343.15 41.810524 99.471413 -573515.466334 15.848609 51.057251 K0.01Na0.50Ca0.49Al1.49Si2.51O8 55.7881 0 28.1304 0 0 0 0 10.1905 5.73304 0.158075 0
5000.00 1338.15 41.997496 99.722135 -576337.254537 15.916896 51.258758 K0.01Na0.50Ca0.49Al1.49Si2.51O8 55.7761 0 28.138 0 0 0 0 10.1995 5.72646 0.159872 0
5000.00 1333.15 42.172413 99.942096 -578995.623269 15.980623 51.445194 K0.01Na0.50Ca0.49Al1.49Si2.51O8 55.7648 0 28.1452 0 0 0 0 10.2081 5.72022 0.161586 0
5000.00 1328.15 42.336526 100.134394 -581507.547380 16.040264 51.618101 K0.01Na0.50Ca0.49Al1.49Si2.51O8 55.7541 0 28.1521 0 0 0 0 10.2163 5.71429 0.163223 0
5000.00 1323.15 42.490907 100.301684 -583887.566489 16.096224 51.778799 K0.01Na0.50Ca0.49Al1.49Si2.51O8 55.7438 0 28.1586 0 0 0 0 10.2241 5.70862 0.164789 0
5000.00 1318.15 42.636480 100.446258 -586148.218768 16.148853 51.928427 K0.01Na0.50Ca0.49Al1.49Si2.51O8 55.734 0 28.1649 0 0 0 0 10.2316 5.7032 0.166287 0
5000.00 1313.15 42.774048 100.570105 -588300.384551 16.198454 52.067974 K0.01Na0.50Ca0.49Al1.49Si2.51O8 55.7246 0 28.1709 0 0 0 0 10.2387 5.698 0.167724 0
5000.00 1308.15 42.904312 100.674866 -590353.688301 16.245289 52.525597 K0.01Na0.50Ca0.49Al1.49Si2.51O8 55.7156 0 28.1767 0 0 0 0 10.2456 5.693 0.169103 0
5000.00 1303.15 43.398701 101.625440 -597399.931308 16.429229 53.099517 K0.01Na0.49Ca0.49Al1.49Si2.51O8 55.688 0 28.1918 0 0 0 0 10.2645 5.67114 0.184565 0
5000.00 1298.15 44.016561 102.857874 -606133.993880 16.659645 53.821506 K0.01Na0.49Ca0.50Al1.50Si2.50O8 55.654 0 28.209 0 0 0 0 10.2866 5.64067 0.209599 0
5000.00 1293.15 44.494169 103.758077 -612943.217968 16.837204 54.371826 K0.01Na0.49Ca0.50Al1.50Si2.50O8 55.627 0 28.222 0 0 0 0 10.3037 5.6144 0.23292 0
5000.00 1288.15 44.875920 104.430848 -618438.451491 16.978627 54.804895 K0.01Na0.49Ca0.50Al1.50Si2.50O8 55.6045 0 28.2323 0 0 0 0 10.3174 5.59133 0.254404 0
5000.00 1283.15 45.187935 104.937899 -622979.234099 17.093749 55.152747 K0.02Na0.49Ca0.50Al1.50Si2.50O8 55.5851 0 28.241 0 0 0 0 10.3291 5.57084 0.273916 0
5000.00 1278.15 45.446406 105.317538 -626788.461598 17.188664 55.435250 K0.02Na0.48Ca0.50Al1.50Si2.50O8 55.5678 0 28.2487 0 0 0 0 10.3395 5.5526 0.291324 0
5000.00 1273.15 45.734916 105.763006 -631004.842223 17.294889 55.752951 K0.02Na0.48Ca0.50Al1.50Si2.50O8 55.5489 0 28.2565 0 0 0 0 10.3503 5.53075 0.313527 0
5000.00 1268.15 45.726930 105.525371 -631173.005815 17.289641 55.714140 K0.02Na0.48Ca0.50Al1.50Si2.50O8 55.5493 0 28.2562 0 0 0 0 10.35 5.53092 0.313582 0
5000.00 1263.15 45.718767 105.286657 -631338.472422 17.284331 55.675019 K0.02Na0.48Ca0.50Al1.50Si2.50O8 55.5498 0 28.2559 0 0 0 0 10.3496 5.53111 0.313638 0
5000.00 1258.15 45.710422 105.046853 -631501.170575 17.278956 55.635586 K0.02Na0.48Ca0.50Al1.50Si2.50O8 55.5503 0 28.2555 0 0 0 0 10.3492 5.5313 0.313695 0
5000.00 1253.15 45.701890 104.805943 -631661.025518 17.273516 55.595843 K0.02Na0.48Ca0.50Al1.50Si2.50O8 55.5508 0 28.2552 0 0 0 0 10.3488 5.53149 0.313754 0
5000.00 1248.15 45.693166 104.563913 -631817.958974 17.268007 55.555792 K0.02Na0.48Ca0.50Al1.50Si2.50O8 55.5513 0 28.2548 0 0 0 0 10.3484 5.5317 0.313813 0
5000.00 1243.15 45.684243 104.320748 -631971.888892 17.262428 55.515434 K0.02Na0.48Ca0.50Al1.50Si2.50O8 55.5518 0 28.2544 0 0 0 0 10.3479 5.53191 0.313875 0
5000.00 1238.15 45.675117 104.076432 -632122.729165 17.256776 55.474771 K0.02Na0.48Ca0.50Al1.50Si2.50O8 55.5524 0 28.254 0 0 0 0 10.3475 5.53213 0.313937 0
5000.00 1233.15 45.665780 103.830948 -632270.389319 17.251050 55.433806 K0.02Na0.48Ca0.50Al1.50Si2.50O8 55.553 0 28.2536 0 0 0 0 10.347 5.53237 0.314002 0
5000.00 1228.15 45.656227 103.584280 -632414.774175 17.245247 55.392542 K0.02Na0.48Ca0.50Al1.50Si2.50O8 55.5536 0 28.2532 0 0 0 0 10.3465 5.53261 0.314067 0
5000.00 1223.15 45.646450 103.336408 -632555.783465 17.239364 55.350983 K0.02Na0.48Ca0.50Al1.50Si2.50O8 55.5542 0 28.2528 0 0 0 0 10.346 5.53286 0.314135 0
5000.00 1218.15 45.636443 103.087316 -632693.311413 17.233399 55.309133 K0.02Na0.48Ca0.50Al1.50Si2.50O8 55.5549 0 28.2523 0 0 0 0 10.3455 5.53312 0.314203 0
5000.00 1213.15 45.626196 102.836983 -632827.246264 17.227348 55.266997 K0.02Na0.48Ca0.50Al1.50Si2.50O8 55.5556 0 28.2518 0 0 0 0 10.3449 5.5334 0.314274 0
5000.00 1208.15 45.615703 102.585388 -632957.469760 17.221209 55.224581 K0.02Na0.48Ca0.50Al1.50Si2.50O8 55.5563 0 28.2513 0 0 0 0 10.3443 5.53368 0.314346 0
5000.00 1203.15 45.604955 102.332510 -633083.856549 17.214979 55.181892 K0.02Na0.48Ca0.50Al1.50Si2.50O8 55.557 0 28.2508 0 0 0 0 10.3437 5.53398 0.31442 0
5000.00 1198.15 45.593942 102.078326 -633206.273523 17.208654 55.138939 K0.02Na0.48Ca0.50Al1.50Si2.50O8 55.5578 0 28.2503 0 0 0 0 10.3431 5.53429 0.314496 0
5000.00 1193.15 45.582654 101.822812 -633324.579072 17.202230 55.095730 K0.02Na0.48Ca0.50Al1.50Si2.50O8 55.5586 0 28.2497 0 0 0 0 10.3425 5.53462 0.314574 0
5000.00 1188.15 45.571081 101.565942 -633438.622230 17.195704 55.052276 K0.02Na0.48Ca0.50Al1.50Si2.50O8 55.5594 0 28.2491 0 0 0 0 10.3418 5.53496 0.314654 0
5000.00 1183.15 45.559213 101.307691 -633548.241719 17.189071 55.008589 K0.02Na0.48Ca0.50Al1.50Si2.50O8 55.5603 0 28.2485 0 0 0 0 10.3411 5.53532 0.314736 0

rhm-oxide_0 thermodynamic data and composition:
Pressure Temperature mass S H V Cp formula SiO2 TiO2 Al2O3 Fe2O3 FeO MnO MgO CaO Na2O K2O P2O5
5000.00 1388.15 0.075029 0.152295 -561.443483 0.016512 0.068765 Mn0.02Fe''0.76Mg0.15Fe'''0.12Ti0.94O3 0 50.8401 0 6.6545 37.2369 1.18519 4.08339 0 0 0 0
5000.00 1383.15 0.291700 0.591030 -2182.869279 0.064161 0.267211 Mn0.03Fe''0.77Mg0.15Fe'''0.12Ti0.94O3 0 50.8726 0 6.53933 37.2789 1.29593 4.01329 0 0 0 0
5000.00 1378.15 0.471255 0.953117 -3527.002286 0.103605 0.431481 Mn0.03Fe''0.77Mg0.14Fe'''0.12Ti0.94O3 0 50.9059 0 6.42775 37.3129 1.4036 3.94988 0 0 0 0
5000.00 1373.15 0.623232 1.258230 -4665.418233 0.136955 0.570362 Mn0.03Fe''0.77Mg0.14Fe'''0.12Ti0.94O3 0 50.9393 0 6.31992 37.3407 1.50855 3.89149 0 0 0 0
5000.00 1368.15 0.754565 1.520639 -5650.030465 0.165744 0.690236 Mn0.03Fe''0.77Mg0.14Fe'''0.12Ti0.94O3 0 50.9725 0 6.21555 37.3635 1.61163 3.83687 0 0 0 0
5000.00 1363.15 0.869097 1.748301 -6509.558517 0.190823 0.794647 Mn0.04Fe''0.77Mg0.14Fe'''0.11Ti0.94O3 0 51.005 0 6.11478 37.3824 1.71253 3.78532 0 0 0 0
5000.00 1358.15 0.970078 1.947921 -7268.268876 0.212910 0.886587 Mn0.04Fe''0.77Mg0.14Fe'''0.11Ti0.94O3 0 51.0367 0 6.01746 37.3983 1.81139 3.73624 0 0 0 0
5000.00 1353.15 1.059940 2.124523 -7944.299938 0.232542 0.968297 Mn0.04Fe''0.77Mg0.14Fe'''0.11Ti0.95O3 0 51.0674 0 5.9234 37.4116 1.90832 3.68919 0 0 0 0
5000.00 1348.15 1.140539 2.281933 -8551.461826 0.250130 1.041483 Mn0.04Fe''0.77Mg0.13Fe'''0.11Ti0.95O3 0 51.0973 0 5.83241 37.423 2.00345 3.64383 0 0 0 0
5000.00 1343.15 1.213316 2.423129 -9100.488287 0.265991 1.107473 Mn0.04Fe''0.77Mg0.13Fe'''0.11Ti0.95O3 0 51.1262 0 5.74431 37.4327 2.09685 3.59991 0 0 0 0
5000.00 1338.15 1.279414 2.550471 -9599.871732 0.280378 1.167318 Mn0.05Fe''0.77Mg0.13Fe'''0.10Ti0.95O3 0 51.1542 0 5.65891 37.441 2.18859 3.55723 0 0 0 0
5000.00 1333.15 1.339749 2.665856 -10056.436256 0.293494 1.221864 Mn0.05Fe''0.77Mg0.13Fe'''0.10Ti0.95O3 0 51.1813 0 5.57606 37.4483 2.27873 3.51562 0 0 0 0
5000.00 1328.15 1.395071 2.770831 -10475.740648 0.305504 1.271797 Mn0.05Fe''0.77Mg0.13Fe'''0.10Ti0.95O3 0 51.2075 0 5.49559 37.4546 2.36733 3.47496 0 0 0 0
5000.00 1323.15 1.445997 2.866671 -10862.368017 0.316544 1.317687 Mn0.05Fe''0.77Mg0.13Fe'''0.10Ti0.95O3 0 51.2329 0 5.41736 37.4602 2.45442 3.43513 0 0 0 0
5000.00 1318.15 1.493041 2.954441 -11220.137953 0.326728 1.360006 Mn0.05Fe''0.77Mg0.12Fe'''0.10Ti0.95O3 0 51.2575 0 5.34124 37.4652 2.54004 3.39606 0 0 0 0
5000.00 1313.15 1.536636 3.035037 -11552.264610 0.336150 1.399153 Mn0.05Fe''0.77Mg0.12Fe'''0.10Ti0.95O3 0 51.2812 0 5.26711 37.4697 2.62424 3.35767 0 0 0 0
5000.00 1308.15 1.577149 3.109220 -11861.476336 0.344894 1.435465 Mn0.06Fe''0.77Mg0.12Fe'''0.10Ti0.95O3 0 51.3043 0 5.19485 37.4739 2.70703 3.31991 0 0 0 0
5000.00 1303.15 1.697390 3.340949 -12764.275608 0.370928 1.544356 Mn0.06Fe''0.77Mg0.12Fe'''0.10Ti0.95O3 0 51.2847 0 5.16579 37.2323 3.08824 3.22899 0 0 0 0
5000.00 1298.15 1.842224 3.620918 -13846.654187 0.402183 1.675587 Mn0.08Fe''0.76Mg0.11Fe'''0.10Ti0.95O3 0 51.2316 0 5.17003 36.7791 3.72404 3.09523 0 0 0 0
5000.00 1293.15 1.953767 3.834555 -14678.695674 0.426114 1.776452 Mn0.09Fe''0.75Mg0.11Fe'''0.10Ti0.95O3 0 51.1781 0 5.17506 36.2963 4.38974 2.96085 0 0 0 0
5000.00 1288.15 2.042848 4.003349 -15342.612100 0.445108 1.856826 Mn0.11Fe''0.74Mg0.10Fe'''0.10Ti0.95O3 0 51.125 0 5.18027 35.7844 5.08284 2.82741 0 0 0 0
5000.00 1283.15 2.115914 4.140094 -15887.453134 0.460586 1.922584 Mn0.12Fe''0.73Mg0.10Fe'''0.10Ti0.95O3 0 51.0732 0 5.18519 35.245 5.80036 2.69619 0 0 0 0
5000.00 1278.15 2.177019 4.252843 -16344.153475 0.473445 1.977423 Mn0.14Fe''0.72Mg0.09Fe'''0.10Ti0.95O3 0 51.0233 0 5.18944 34.6803 6.53872 2.56827 0 0 0 0
5000.00 1273.15 2.225690 4.339599 -16719.704961 0.483950 2.020978 Mn0.14Fe''0.72Mg0.09Fe'''0.10Ti0.95O3 0 51.0398 0 5.1546 34.7343 6.507 2.56436 0 0 0 0
5000.00 1268.15 2.222570 4.325062 -16703.233104 0.483166 2.017469 Mn0.14Fe''0.72Mg0.09Fe'''0.10Ti0.95O3 0 51.0493 0 5.12739 34.8058 6.4639 2.55353 0 0 0 0
5000.00 1263.15 2.219373 4.310370 -16686.115762 0.482366 2.013887 Mn0.13Fe''0.72Mg0.09Fe'''0.10Ti0.95O3 0 51.0589 0 5.10015 34.8775 6.42093 2.54252 0 0 0 0
5000.00 1258.15 2.216098 4.295517 -16668.332879 0.481548 2.010229 Mn0.13Fe''0.73Mg0.09Fe'''0.09Ti0.95O3 0 51.0683 0 5.07289 34.9494 6.37809 2.53132 0 0 0 0
5000.00 1253.15 2.212742 4.280500 -16649.863294 0.480713 2.006494 Mn0.13Fe''0.73Mg0.09Fe'''0.09Ti0.95O3 0 51.0777 0 5.04561 35.0214 6.33538 2.51994 0 0 0 0
5000.00 1248.15 2.209302 4.265313 -16630.684655 0.479858 2.002678 Mn0.13Fe''0.73Mg0.09Fe'''0.09Ti0.95O3 0 51.087 0 5.0183 35.0935 6.29281 2.50838 0 0 0 0
5000.00 1243.15 2.205774 4.249952 -16610.773322 0.478985 1.998779 Mn0.13Fe''0.73Mg0.09Fe'''0.09Ti0.95O3 0 51.0963 0 4.99097 35.1657 6.25036 2.49663 0 0 0 0
5000.00 1238.15 2.202156 4.234412 -16590.104260 0.478092 1.994794 Mn0.13Fe''0.73Mg0.09Fe'''0.09Ti0.95O3 0 51.1055 0 4.96362 35.2381 6.20804 2.48471 0 0 0 0
5000.00 1233.15 2.198443 4.218685 -16568.650924 0.477179 1.990719 Mn0.13Fe''0.73Mg0.09Fe'''0.09Ti0.95O3 0 51.1146 0 4.93624 35.3107 6.16586 2.4726 0 0 0 0
5000.00 1228.15 2.194633 4.202768 -16546.385126 0.476244 1.986552 Mn0.13Fe''0.73Mg0.09Fe'''0.09Ti0.95O3 0 51.1237 0 4.90884 35.3833 6.12381 2.46032 0 0 0 0
5000.00 1223.15 2.190722 4.186652 -16523.276888 0.475287 1.982289 Mn0.13Fe''0.74Mg0.09Fe'''0.09Ti0.95O3 0 51.1327 0 4.88141 35.4561 6.0819 2.44785 0 0 0 0
5000.00 1218.15 2.186704 4.170332 -16499.294287 0.474307 1.977926 Mn0.13Fe''0.74Mg0.09Fe'''0.09Ti0.95O3 0 51.1417 0 4.85396 35.529 6.04011 2.43521 0 0 0 0
5000.00 1213.15 2.182576 4.153800 -16474.403267 0.473303 1.973459 Mn0.13Fe''0.74Mg0.09Fe'''0.09Ti0.95O3 0 51.1506 0 4.82649 35.602 5.99847 2.4224 0 0 0 0
5000.00 1208.15 2.178333 4.137048 -16448.567440 0.472274 1.968884 Mn0.13Fe''0.74Mg0.09Fe'''0.09Ti0.96O3 0 51.1594 0 4.799 35.6752 5.95695 2.4094 0 0 0 0
5000.00 1203.15 2.173969 4.120069 -16421.747856 0.471219 1.964197 Mn0.12Fe''0.74Mg0.09Fe'''0.09Ti0.96O3 0 51.1682 0 4.77148 35.7485 5.91557 2.39624 0 0 0 0
5000.00 1198.15 2.169480 4.102852 -16393.902750 0.470136 1.959392 Mn0.12Fe''0.74Mg0.09Fe'''0.09Ti0.96O3 0 51.177 0 4.74394 35.8219 5.87432 2.3829 0 0 0 0
5000.00 1193.15 2.164860 4.085389 -16364.987246 0.469026 1.954465 Mn0.12Fe''0.75Mg0.09Fe'''0.09Ti0.96O3 0 51.1856 0 4.71638 35.8954 5.83321 2.36939 0 0 0 0
5000.00 1188.15 2.160101 4.067670 -16334.953030 0.467885 1.949410 Mn0.12Fe''0.75Mg0.09Fe'''0.09Ti0.96O3 0 51.1942 0 4.68879 35.969 5.79223 2.35571 0 0 0 0
5000.00 1183.15 2.155198 4.049682 -16303.747975 0.466713 1.944220 Mn0.12Fe''0.75Mg0.09Fe'''0.09Ti0.96O3 0 51.2028 0 4.66118 36.0428 5.75138 2.34186 0 0 0 0

olivine_0 thermodynamic data and composition:
Pressure Temperature mass S H V Cp formula SiO2 TiO2 Al2O3 Fe2O3 FeO MnO MgO CaO Na2O K2O P2O5
5000.00 1273.15 0.119892 0.252556 -1030.314551 0.031130 0.122898 (Ca0.01Mg0.31Fe''0.39Mn0.31Co0.00Ni0.00)2SiO4 32.6643 0 0 0 30.2072 23.5407 13.2812 0.306506 0 0 0
5000.00 1268.15 0.124933 0.262650 -1073.844367 0.032427 0.127992 (Ca0.00Mg0.31Fe''0.39Mn0.30Co0.00Ni0.00)2SiO4 32.6595 0 0 0 30.2575 23.5201 13.2632 0.299691 0 0 0
5000.00 1263.15 0.129979 0.272709 -1117.420026 0.033723 0.133085 (Ca0.00Mg0.31Fe''0.39Mn0.30Co0.00Ni0.00)2SiO4 32.6546 0 0 0 30.308 23.4997 13.2447 0.292981 0 0 0
5000.00 1258.15 0.135029 0.282733 -1161.041100 0.035020 0.138175 (Ca0.00Mg0.31Fe''0.39Mn0.30Co0.00Ni0.00)2SiO4 32.6496 0 0 0 30.3587 23.4796 13.2257 0.286376 0 0 0
5000.00 1253.15 0.140084 0.292720 -1204.707344 0.036317 0.143262 (Ca0.00Mg0.31Fe''0.39Mn0.30Co0.00Ni0.00)2SiO4 32.6444 0 0 0 30.4097 23.4599 13.2061 0.279876 0 0 0
5000.00 1248.15 0.145143 0.302672 -1248.418707 0.037614 0.148347 (Ca0.00Mg0.31Fe''0.39Mn0.30Co0.00Ni0.00)2SiO4 32.6392 0 0 0 30.461 23.4404 13.1859 0.273479 0 0 0
5000.00 1243.15 0.150207 0.312588 -1292.175357 0.038912 0.153430 (Ca0.00Mg0.31Fe''0.39Mn0.30Co0.00Ni0.00)2SiO4 32.6338 0 0 0 30.5125 23.4213 13.1652 0.267184 0 0 0
5000.00 1238.15 0.155276 0.322468 -1335.977704 0.040209 0.158511 (Ca0.00Mg0.30Fe''0.39Mn0.30Co0.00Ni0.00)2SiO4 32.6283 0 0 0 30.5643 23.4025 13.1439 0.260992 0 0 0
5000.00 1233.15 0.160349 0.332312 -1379.826417 0.041507 0.163590 (Ca0.00Mg0.30Fe''0.39Mn0.30Co0.00Ni0.00)2SiO4 32.6227 0 0 0 30.6163 23.384 13.122 0.2549 0 0 0
5000.00 1228.15 0.165429 0.342121 -1423.722459 0.042805 0.168667 (Ca0.00Mg0.30Fe''0.39Mn0.30Co0.00Ni0.00)2SiO4 32.617 0 0 0 30.6686 23.3659 13.0996 0.248909 0 0 0
5000.00 1223.15 0.170514 0.351894 -1467.667110 0.044103 0.173742 (Ca0.00Mg0.30Fe''0.39Mn0.30Co0.00Ni0.00)2SiO4 32.6111 0 0 0 30.7212 23.3481 13.0766 0.243017 0 0 0
5000.00 1218.15 0.175605 0.361633 -1511.662007 0.045402 0.178815 (Ca0.00Mg0.30Fe''0.39Mn0.30Co0.00Ni0.00)2SiO4 32.6051 0 0 0 30.7741 23.3307 13.0529 0.237223 0 0 0
5000.00 1213.15 0.180702 0.371337 -1555.709174 0.046701 0.183887 (Ca0.00Mg0.30Fe''0.40Mn0.30Co0.00Ni0.00)2SiO4 32.599 0 0 0 30.8273 23.3136 13.0287 0.231527 0 0 0
5000.00 1208.15 0.185806 0.381007 -1599.811069 0.048001 0.188958 (Ca0.00Mg0.30Fe''0.40Mn0.30Co0.00Ni0.00)2SiO4 32.5927 0 0 0 30.8807 23.2968 13.0038 0.225928 0 0 0
5000.00 1203.15 0.190918 0.390643 -1643.970627 0.049302 0.194028 (Ca0.00Mg0.30Fe''0.40Mn0.30Co0.00Ni0.00)2SiO4 32.5863 0 0 0 30.9345 23.2804 12.9784 0.220424 0 0 0
5000.00 1198.15 0.196037 0.400247 -1688.191316 0.050603 0.199098 (Ca0.00Mg0.30Fe''0.40Mn0.30Co0.00Ni0.00)2SiO4 32.5798 0 0 0 30.9886 23.2644 12.9523 0.215016 0 0 0
5000.00 1193.15 0.201165 0.409819 -1732.477195 0.051906 0.204169 (Ca0.00Mg0.30Fe''0.40Mn0.30Co0.00Ni0.00)2SiO4 32.5731 0 0 0 31.0429 23.2487 12.9255 0.209702 0 0 0
5000.00 1188.15 0.206302 0.419361 -1776.832979 0.053209 0.209240 (Ca0.00Mg0.30Fe''0.40Mn0.30Co0.00Ni0.00)2SiO4 32.5663 0 0 0 31.0976 23.2335 12.8982 0.204481 0 0 0
5000.00 1183.15 0.211449 0.428872 -1821.264123 0.054514 0.214313 (Ca0.00Mg0.30Fe''0.40Mn0.30Co0.00Ni0.00)2SiO4 32.5593 0 0 0 31.1526 23.2185 12.8701 0.199353 0 0 0

whitlockite thermodynamic data and composition:
Pressure Temperature mass S H V Cp formula
5000.00 1403.15 0.016020 0.037814 -189.150094 0.005042 0.016935 Ca3(PO4)2
5000.00 1398.15 0.027147 0.063976 -320.673410 0.008544 0.028687 Ca3(PO4)2
5000.00 1393.15 0.037244 0.087630 -440.141702 0.011721 0.039340 Ca3(PO4)2
5000.00 1388.15 0.051978 0.122098 -614.530314 0.016358 0.054880 Ca3(PO4)2
5000.00 1383.15 0.075477 0.177011 -892.756638 0.023754 0.079657 Ca3(PO4)2
5000.00 1378.15 0.094706 0.221746 -1120.702530 0.029806 0.099909 Ca3(PO4)2
5000.00 1373.15 0.110785 0.258970 -1311.560355 0.034866 0.116822 Ca3(PO4)2
5000.00 1368.15 0.125658 0.288940 -1494.217204 0.039547 0.178696 Ca3(PO4)2
5000.00 1363.15 0.138598 0.317973 -1649.070537 0.043619 0.196511 Ca3(PO4)2
5000.00 1358.15 0.149957 0.343254 -1785.290301 0.047194 0.211985 Ca3(PO4)2
5000.00 1353.15 0.160026 0.365468 -1906.286322 0.050363 0.225547 Ca3(PO4)2
5000.00 1348.15 0.169022 0.385133 -2014.641116 0.053194 0.237522 Ca3(PO4)2
5000.00 1343.15 0.177115 0.402651 -2112.351589 0.055741 0.248161 Ca3(PO4)2
5000.00 1338.15 0.184439 0.418338 -2200.989675 0.058046 0.257662 Ca3(PO4)2
5000.00 1333.15 0.191100 0.432449 -2281.812184 0.060143 0.266185 Ca3(PO4)2
5000.00 1328.15 0.197185 0.445188 -2355.837803 0.062058 0.273856 Ca3(PO4)2
5000.00 1323.15 0.202764 0.456724 -2423.902246 0.063813 0.280783 Ca3(PO4)2
5000.00 1318.15 0.207897 0.467197 -2486.698526 0.065429 0.287053 Ca3(PO4)2
5000.00 1313.15 0.212632 0.476725 -2544.806861 0.066919 0.292739 Ca3(PO4)2
5000.00 1308.15 0.217012 0.485406 -2598.717228 0.068298 0.297904 Ca3(PO4)2
5000.00 1303.15 0.241250 0.538355 -2890.619635 0.075926 0.330220 Ca3(PO4)2
5000.00 1298.15 0.272692 0.607084 -3269.209514 0.085821 0.372182 Ca3(PO4)2
5000.00 1293.15 0.297034 0.659714 -3563.065127 0.093482 0.404241 Ca3(PO4)2
5000.00 1288.15 0.316658 0.701632 -3800.617148 0.099658 0.429713 Ca3(PO4)2
5000.00 1283.15 0.332981 0.736045 -3998.784910 0.104795 0.450573 Ca3(PO4)2
5000.00 1278.15 0.346895 0.764971 -4168.220043 0.109174 0.468063 Ca3(PO4)2
5000.00 1273.15 0.364590 0.802065 -4383.292346 0.114743 0.490541 Ca3(PO4)2
5000.00 1268.15 0.364590 0.800138 -4385.741572 0.114743 0.489151 Ca3(PO4)2
5000.00 1263.15 0.364590 0.798208 -4388.183868 0.114743 0.487769 Ca3(PO4)2
5000.00 1258.15 0.364590 0.796276 -4390.619273 0.114743 0.486394 Ca3(PO4)2
5000.00 1253.15 0.364590 0.794342 -4393.047826 0.114743 0.485028 Ca3(PO4)2
5000.00 1248.15 0.364590 0.792406 -4395.469563 0.114743 0.483669 Ca3(PO4)2
5000.00 1243.15 0.364590 0.790467 -4397.884524 0.114743 0.482317 Ca3(PO4)2
5000.00 1238.15 0.364590 0.788526 -4400.292747 0.114743 0.480973 Ca3(PO4)2
5000.00 1233.15 0.364590 0.786583 -4402.694267 0.114743 0.479637 Ca3(PO4)2
5000.00 1228.15 0.364590 0.784637 -4405.089124 0.114743 0.478307 Ca3(PO4)2
5000.00 1223.15 0.364590 0.782688 -4407.477354 0.114743 0.476986 Ca3(PO4)2
5000.00 1218.15 0.364590 0.780737 -4409.858994 0.114743 0.475671 Ca3(PO4)2
5000.00 1213.15 0.364590 0.778783 -4412.234080 0.114743 0.474364 Ca3(PO4)2
5000.00 1208.15 0.364590 0.776827 -4414.602649 0.114743 0.473064 Ca3(PO4)2
5000.00 1203.15 0.364590 0.774868 -4416.964736 0.114743 0.471772 Ca3(PO4)2
5000.00 1198.15 0.364590 0.772906 -4419.320379 0.114743 0.470486 Ca3(PO4)2
5000.00 1193.15 0.364590 0.770941 -4421.669613 0.114743 0.469208 Ca3(PO4)2
5000.00 1188.15 0.364590 0.768973 -4424.012472 0.114743 0.467937 Ca3(PO4)2
5000.00 1183.15 0.364590 0.767002 -4426.348993 0.114743 0.466673 Ca3(PO4)2

quartz thermodynamic data and composition:
Pressure Temperature mass S H V Cp formula
5000.00 1303.15 0.577682 1.297005 -7999.383993 0.226458 0.687313 SiO2
5000.00 1298.15 1.365220 3.058934 -18912.852171 0.535182 1.623710 SiO2
5000.00 1293.15 1.948954 4.357914 -27011.100013 0.764013 2.317106 SiO2
5000.00 1288.15 2.395013 5.344285 -33207.390445 0.938873 2.846356 SiO2
5000.00 1283.15 2.742700 6.107447 -38044.444858 1.075170 3.258331 SiO2
5000.00 1278.15 3.016726 6.703658 -41863.416452 1.182592 3.582506 SiO2
5000.00 1273.15 3.369891 7.472766 -46784.334268 1.321037 4.000365 SiO2
5000.00 1268.15 3.369867 7.456974 -46803.996211 1.321027 3.998781 SiO2
5000.00 1263.15 3.369894 7.441238 -46824.352370 1.321038 3.997244 SiO2
5000.00 1258.15 3.369972 7.425559 -46845.419969 1.321068 3.995755 SiO2
5000.00 1253.15 3.370103 7.409940 -46867.217065 1.321120 3.994314 SiO2
5000.00 1248.15 3.370288 7.394380 -46889.762602 1.321192 3.992924 SiO2
5000.00 1243.15 3.370529 7.378884 -46913.076486 1.321287 3.991585 SiO2
5000.00 1238.15 3.370827 7.363451 -46937.179649 1.321403 3.990300 SiO2
5000.00 1233.15 3.371183 7.348085 -46962.094131 1.321543 3.989068 SiO2
5000.00 1228.15 3.371600 7.332788 -46987.843174 1.321707 3.987893 SiO2
5000.00 1223.15 3.372079 7.317561 -47014.451312 1.321894 3.986776 SiO2
5000.00 1218.15 3.372621 7.302408 -47041.944485 1.322107 3.985718 SiO2
5000.00 1213.15 3.373229 7.287331 -47070.350162 1.322345 3.984722 SiO2
5000.00 1208.15 3.373904 7.272334 -47099.697472 1.322610 3.983789 SiO2
5000.00 1203.15 3.374649 7.257418 -47130.017361 1.322902 3.982922 SiO2
5000.00 1198.15 3.375466 7.242588 -47161.342762 1.323222 3.982123 SiO2
5000.00 1193.15 3.376358 7.227848 -47193.708791 1.323572 3.981395 SiO2
5000.00 1188.15 3.377326 7.213200 -47227.152963 1.323951 3.980740 SiO2
5000.00 1183.15 3.378374 7.198650 -47261.715447 1.324362 3.980162 SiO2
