Title: Gale2013MORB-5

System Thermodynamic Data:
Pressure Temperature mass F phi S H V dVdP*10^6 dVdT*10^6 Cp logfO2(absolute) logfO2-QFM rhol rhos viscosity aH2O chisqr
5000.00 1573.15 100.141748 1.0000000000000000 1.000000 275.967126 -1190224.189841 36.398936 -178.961498 2537.107723 150.458932 -7.247 0.000 2.751227 0.000000 1.888 0 0.000
5000.00 1568.15 100.141896 1.0000000000000000 1.000000 275.488484 -1190978.595330 36.386373 -179.010818 2537.169082 150.459695 -7.296 0.000 2.752181 0.000000 1.907 0 0.000
5000.00 1563.15 100.142050 1.0000000000000000 1.000000 275.008320 -1191733.084201 36.373815 -179.060289 2537.232641 150.460485 -7.346 0.000 2.753136 0.000000 1.927 0 0.000
5000.00 1558.15 100.142210 1.0000000000000000 1.000000 274.526622 -1192487.657975 36.361260 -179.109918 2537.298430 150.461304 -7.396 0.000 2.754091 0.000000 1.947 0 0.000
5000.00 1553.15 100.142375 1.0000000000000000 1.000000 274.043382 -1193242.318203 36.348709 -179.159708 2537.366484 150.462150 -7.447 0.000 2.755046 0.000000 1.966 0 0.000
5000.00 1548.15 100.142546 1.0000000000000000 1.000000 273.558589 -1193997.066471 36.336162 -179.209665 2537.436836 150.463025 -7.498 0.000 2.756002 0.000000 1.986 0 0.000
5000.00 1543.15 100.142722 1.0000000000000000 1.000000 273.072232 -1194751.904396 36.323618 -179.259793 2537.509520 150.463929 -7.549 0.000 2.756959 0.000000 2.007 0 0.000
5000.00 1538.15 100.143005 0.9936006078975990 0.994521 272.395367 -1195799.361694 36.279951 -178.633876 2531.054991 150.221111 -7.600 0.000 2.757730 3.224006 2.031 0 0.000
5000.00 1533.15 100.143854 0.9606195840694204 0.966169 270.936417 -1198055.124703 36.107179 -175.194746 2496.963809 148.967221 -7.652 0.000 2.757587 3.228421 2.072 0 0.000
5000.00 1528.15 100.144854 0.9200509391832762 0.929813 269.309699 -1200562.635163 35.924976 -170.515657 2450.989813 147.505859 -7.704 0.000 2.758343 3.175341 2.107 0 0.000
5000.00 1523.15 100.145488 0.8426216313224647 0.855395 266.836874 -1204346.800533 35.683433 -159.962616 2352.336693 144.999620 -7.757 0.000 2.764590 3.054398 2.109 0 0.000
5000.00 1518.15 100.145914 0.7723640194484178 0.786883 264.579943 -1207786.509216 35.466189 -150.216851 2262.029272 142.748621 -7.810 0.000 2.771599 3.016076 2.106 0 0.000
5000.00 1513.15 100.146197 0.7078359995169664 0.723130 262.497075 -1210948.540886 35.268436 -141.104867 2178.344953 140.702801 -7.863 0.000 2.779488 2.996391 2.098 0 0.000
5000.00 1508.15 100.146403 0.6481340663373907 0.663443 260.560231 -1213878.176696 35.086950 -132.526200 2100.230223 138.829499 -7.917 0.000 2.788372 2.984068 2.083 0 0.000
5000.00 1503.15 100.146597 0.5927558459391557 0.607490 258.751357 -1216605.231894 34.919644 -124.436659 2027.134910 137.108690 -7.970 0.000 2.798355 2.975575 2.062 0 0.000
5000.00 1498.15 100.146840 0.5414492198462391 0.555161 257.058697 -1219149.727030 34.765137 -116.827525 1958.818782 135.528143 -8.025 0.000 2.809521 2.969461 2.033 0 0.000

Title: Gale2013MORB-5

Liquid Composition:
Pressure Temperature mass SiO2 TiO2 Al2O3 Fe2O3 FeO MnO MgO CaO Na2O K2O P2O5 
5000.00 1573.15 100.141748 48.7044 1.59106 16.3969 1.4128 8.60966 0.165868 7.45108 12.5265 2.84851 0.132308 0.160937
5000.00 1568.15 100.141896 48.7043 1.59105 16.3969 1.41428 8.60832 0.165868 7.45107 12.5265 2.8485 0.132307 0.160937
5000.00 1563.15 100.142050 48.7042 1.59105 16.3968 1.41581 8.60692 0.165868 7.45106 12.5265 2.8485 0.132307 0.160937
5000.00 1558.15 100.142210 48.7041 1.59105 16.3968 1.4174 8.60548 0.165867 7.45104 12.5265 2.84849 0.132307 0.160937
5000.00 1553.15 100.142375 48.7041 1.59105 16.3968 1.41904 8.60398 0.165867 7.45103 12.5265 2.84849 0.132307 0.160936
5000.00 1548.15 100.142546 48.704 1.59104 16.3968 1.42074 8.60244 0.165867 7.45102 12.5264 2.84848 0.132307 0.160936
5000.00 1543.15 100.142722 48.7039 1.59104 16.3967 1.4225 8.60084 0.165867 7.45101 12.5264 2.84848 0.132306 0.160936
5000.00 1538.15 99.502150 48.6918 1.5984 16.4639 1.42524 8.62158 0.166934 7.39618 12.4758 2.86498 0.133158 0.161972
5000.00 1533.15 96.200148 48.6371 1.63618 16.814 1.43126 8.73338 0.172664 7.11079 12.2064 2.95298 0.137729 0.167532
5000.00 1528.15 92.138367 48.5853 1.68692 17.0675 1.4462 8.90921 0.180276 6.8613 11.8953 3.04945 0.143628 0.174917
5000.00 1523.15 84.384755 48.4581 1.81068 16.9065 1.50914 9.42997 0.19684 6.74477 11.4227 3.17473 0.155631 0.190989
5000.00 1518.15 77.349100 48.2895 1.9401 16.7344 1.57329 9.96399 0.214745 6.6277 10.9909 3.28884 0.168227 0.208361
5000.00 1513.15 70.887083 48.0745 2.07691 16.5486 1.6394 10.5159 0.234321 6.50962 10.6 3.39183 0.181525 0.227355
5000.00 1508.15 64.908296 47.8085 2.2224 16.3471 1.70806 11.0898 0.255904 6.39119 10.2497 3.48346 0.19559 0.248297
5000.00 1503.15 59.362481 47.4877 2.37721 16.1288 1.7796 11.6888 0.279812 6.27435 9.93859 3.5632 0.210421 0.271494
5000.00 1498.15 54.224428 47.1097 2.54116 15.8936 1.85406 12.3155 0.306325 6.16211 9.66413 3.63033 0.225935 0.29722
Title: Gale2013MORB-5

liquid_0 thermodynamic data and composition:
Pressure Temperature mass S H V Cp viscosity SiO2 TiO2 Al2O3 Fe2O3 FeO MnO MgO CaO Na2O K2O P2O5 Mg#
5000.00 1573.15 100.141748 275.967126 -1190224.189841 36.398936 150.458932 1.888 48.7044 1.59106 16.3969 1.4128 8.60966 0.165868 7.45108 12.5265 2.84851 0.132308 0.160937 60.7
5000.00 1568.15 100.141896 275.488484 -1190978.595330 36.386373 150.459695 1.907 48.7043 1.59105 16.3969 1.41428 8.60832 0.165868 7.45107 12.5265 2.8485 0.132307 0.160937 60.7
5000.00 1563.15 100.142050 275.008320 -1191733.084201 36.373815 150.460485 1.927 48.7042 1.59105 16.3968 1.41581 8.60692 0.165868 7.45106 12.5265 2.8485 0.132307 0.160937 60.7
5000.00 1558.15 100.142210 274.526622 -1192487.657975 36.361260 150.461304 1.947 48.7041 1.59105 16.3968 1.4174 8.60548 0.165867 7.45104 12.5265 2.84849 0.132307 0.160937 60.7
5000.00 1553.15 100.142375 274.043382 -1193242.318203 36.348709 150.462150 1.966 48.7041 1.59105 16.3968 1.41904 8.60398 0.165867 7.45103 12.5265 2.84849 0.132307 0.160936 60.7
5000.00 1548.15 100.142546 273.558589 -1193997.066471 36.336162 150.463025 1.986 48.704 1.59104 16.3968 1.42074 8.60244 0.165867 7.45102 12.5264 2.84848 0.132307 0.160936 60.7
5000.00 1543.15 100.142722 273.072232 -1194751.904396 36.323618 150.463929 2.007 48.7039 1.59104 16.3967 1.4225 8.60084 0.165867 7.45101 12.5264 2.84848 0.132306 0.160936 60.7
5000.00 1538.15 99.502150 270.854129 -1187670.413365 36.081175 149.454259 2.031 48.6918 1.5984 16.4639 1.42524 8.62158 0.166934 7.39618 12.4758 2.86498 0.133158 0.161972 60.5
5000.00 1533.15 96.200148 261.467952 -1148081.806913 34.885620 144.253857 2.072 48.6371 1.63618 16.814 1.43126 8.73338 0.172664 7.11079 12.2064 2.95298 0.137729 0.167532 59.2
5000.00 1528.15 92.138367 250.048632 -1098609.116686 33.403519 137.916356 2.107 48.5853 1.68692 17.0675 1.4462 8.90921 0.180276 6.8613 11.8953 3.04945 0.143628 0.174917 57.9
5000.00 1523.15 84.384755 228.647682 -1001184.174123 30.523421 125.992196 2.109 48.4581 1.81068 16.9065 1.50914 9.42997 0.19684 6.74477 11.4227 3.17473 0.155631 0.190989 56.0
5000.00 1518.15 77.349100 209.234138 -912949.699261 27.907754 115.197132 2.106 48.2895 1.9401 16.7344 1.57329 9.96399 0.214745 6.6277 10.9909 3.28884 0.168227 0.208361 54.2
5000.00 1513.15 70.887083 191.413946 -832082.380844 25.503651 105.306799 2.098 48.0745 2.07691 16.5486 1.6394 10.5159 0.234321 6.50962 10.6 3.39183 0.181525 0.227355 52.5
5000.00 1508.15 64.908296 174.940133 -757441.471418 23.278204 96.180268 2.083 47.8085 2.2224 16.3471 1.70806 11.0898 0.255904 6.39119 10.2497 3.48346 0.19559 0.248297 50.7
5000.00 1503.15 59.362481 159.674815 -688390.811811 21.213347 87.738338 2.062 47.4877 2.37721 16.1288 1.7796 11.6888 0.279812 6.27435 9.93859 3.5632 0.210421 0.271494 48.9
5000.00 1498.15 54.224428 145.547770 -624605.564585 19.300236 79.939962 2.033 47.1097 2.54116 15.8936 1.85406 12.3155 0.306325 6.16211 9.66413 3.63033 0.225935 0.29722 47.1

clinopyroxene_0 thermodynamic data and composition:
Pressure Temperature mass S H V Cp structure formula SiO2 TiO2 Al2O3 Fe2O3 FeO MnO MgO CaO Na2O K2O P2O5
5000.00 1538.15 0.640854 1.541239 -8128.948329 0.198776 0.766852 cpx Na0.02Ca0.80Fe''0.15Mg0.87Fe'''0.04Ti0.01Al0.26Si1.85O6 50.5597 0.447604 5.95443 1.43547 4.9807 0 15.9606 20.3762 0.285283 0 0
5000.00 1533.15 3.943707 9.468466 -49973.317791 1.221559 4.713364 cpx Na0.02Ca0.80Fe''0.16Mg0.86Fe'''0.04Ti0.01Al0.27Si1.84O6 50.3184 0.489545 6.21333 1.49506 5.10744 0 15.7478 20.3301 0.298394 0 0
5000.00 1528.15 7.312726 17.529981 -92551.055403 2.262032 8.730800 cpx Na0.02Ca0.79Fe''0.16Mg0.85Fe'''0.04Ti0.01Al0.28Si1.84O6 50.1115 0.53345 6.42057 1.54931 5.26712 0 15.5858 20.2206 0.311628 0 0
5000.00 1523.15 11.311111 27.090956 -142847.580979 3.494310 13.501002 cpx Na0.02Ca0.78Fe''0.17Mg0.86Fe'''0.04Ti0.02Al0.28Si1.84O6 50.0635 0.577974 6.39646 1.57942 5.57697 0 15.6491 19.8327 0.323936 0 0
5000.00 1518.15 14.864062 35.568874 -187289.691700 4.585670 17.736697 cpx Na0.02Ca0.76Fe''0.18Mg0.86Fe'''0.04Ti0.02Al0.28Si1.83O6 50.0074 0.623374 6.37964 1.61102 5.90278 0 15.7102 19.4298 0.335823 0 0
5000.00 1513.15 18.061037 43.179343 -227023.729391 5.564001 21.544117 cpx Na0.02Ca0.75Fe''0.19Mg0.86Fe'''0.05Ti0.02Al0.28Si1.83O6 49.941 0.670232 6.37106 1.64493 6.24254 0 15.7641 19.0188 0.347359 0 0
5000.00 1508.15 20.963563 50.069688 -262843.714701 6.448509 24.995670 cpx Na0.03Ca0.73Fe''0.20Mg0.87Fe'''0.05Ti0.02Al0.28Si1.83O6 49.8621 0.719286 6.37192 1.68196 6.59166 0 15.8047 18.6097 0.358651 0 0
5000.00 1503.15 23.613170 56.338421 -295296.677430 7.252231 28.139638 cpx Na0.03Ca0.72Fe''0.21Mg0.87Fe'''0.05Ti0.02Al0.28Si1.83O6 49.7688 0.771349 6.38344 1.72274 6.9433 0 15.826 18.2145 0.369849 0 0
5000.00 1498.15 26.038735 62.053490 -324776.683502 7.984350 31.009281 cpx Na0.03Ca0.70Fe''0.22Mg0.87Fe'''0.05Ti0.02Al0.28Si1.83O6 49.6599 0.827167 6.40661 1.76764 7.28969 0 15.8236 17.8442 0.381121 0 0

feldspar_0 thermodynamic data and composition:
Pressure Temperature mass S H V Cp formula SiO2 TiO2 Al2O3 Fe2O3 FeO MnO MgO CaO Na2O K2O P2O5
5000.00 1528.15 0.693761 1.731087 -9402.463074 0.259425 0.858703 K0.00Na0.26Ca0.74Al1.74Si2.26O8 49.4686 0 32.4173 0 0 0 0 15.2018 2.88932 0.0229204 0
5000.00 1523.15 4.449622 11.098235 -60315.045432 1.665703 5.506422 K0.00Na0.27Ca0.73Al1.73Si2.27O8 49.8786 0 32.1404 0 0 0 0 14.8777 3.07707 0.0262128 0
5000.00 1518.15 7.932751 19.776931 -107547.118255 2.972765 9.814793 K0.00Na0.29Ca0.71Al1.71Si2.29O8 50.2824 0 31.8676 0 0 0 0 14.5584 3.26167 0.0299133 0
5000.00 1513.15 11.198076 27.903785 -151842.430651 4.200783 13.851886 K0.00Na0.30Ca0.69Al1.69Si2.31O8 50.6776 0 31.6005 0 0 0 0 14.2458 3.44201 0.0340907 0
5000.00 1508.15 14.274544 35.550411 -193592.990576 5.360238 17.653561 K0.00Na0.32Ca0.68Al1.68Si2.32O8 51.0618 0 31.3407 0 0 0 0 13.9418 3.61696 0.0388178 0
5000.00 1503.15 17.170946 42.738121 -232917.742653 6.454066 21.230714 K0.00Na0.33Ca0.66Al1.66Si2.34O8 51.4329 0 31.0895 0 0 0 0 13.648 3.78549 0.0441672 0
5000.00 1498.15 19.883676 49.457437 -269767.478943 7.480551 24.578901 K0.00Na0.35Ca0.65Al1.65Si2.35O8 51.7894 0 30.848 0 0 0 0 13.3656 3.94684 0.0502076 0

Title: Gale2013MORB-5

Phase Masses:
Pressure Temperature mass liquid_0 clinopyroxene_0 feldspar_0 
5000.00 1573.15 100.141748 100.141748 0.000000 0.000000 
5000.00 1568.15 100.141896 100.141896 0.000000 0.000000 
5000.00 1563.15 100.142050 100.142050 0.000000 0.000000 
5000.00 1558.15 100.142210 100.142210 0.000000 0.000000 
5000.00 1553.15 100.142375 100.142375 0.000000 0.000000 
5000.00 1548.15 100.142546 100.142546 0.000000 0.000000 
5000.00 1543.15 100.142722 100.142722 0.000000 0.000000 
5000.00 1538.15 100.143005 99.502150 0.640854 0.000000 
5000.00 1533.15 100.143854 96.200148 3.943707 0.000000 
5000.00 1528.15 100.144854 92.138367 7.312726 0.693761 
5000.00 1523.15 100.145488 84.384755 11.311111 4.449622 
5000.00 1518.15 100.145914 77.349100 14.864062 7.932751 
5000.00 1513.15 100.146197 70.887083 18.061037 11.198076 
5000.00 1508.15 100.146403 64.908296 20.963563 14.274544 
5000.00 1503.15 100.146597 59.362481 23.613170 17.170946 
5000.00 1498.15 100.146840 54.224428 26.038735 19.883676 

Title: Gale2013MORB-5

Phase Volumes:
Pressure Temperature mass V liquid_0 clinopyroxene_0 feldspar_0 
5000.00 1573.15 100.141748 36.398936 36.398936 0.000000 0.000000 
5000.00 1568.15 100.141896 36.386373 36.386373 0.000000 0.000000 
5000.00 1563.15 100.142050 36.373815 36.373815 0.000000 0.000000 
5000.00 1558.15 100.142210 36.361260 36.361260 0.000000 0.000000 
5000.00 1553.15 100.142375 36.348709 36.348709 0.000000 0.000000 
5000.00 1548.15 100.142546 36.336162 36.336162 0.000000 0.000000 
5000.00 1543.15 100.142722 36.323618 36.323618 0.000000 0.000000 
5000.00 1538.15 100.143005 36.279951 36.081175 0.198776 0.000000 
5000.00 1533.15 100.143854 36.107179 34.885620 1.221559 0.000000 
5000.00 1528.15 100.144854 35.924976 33.403519 2.262032 0.259425 
5000.00 1523.15 100.145488 35.683433 30.523421 3.494310 1.665703 
5000.00 1518.15 100.145914 35.466189 27.907754 4.585670 2.972765 
5000.00 1513.15 100.146197 35.268436 25.503651 5.564001 4.200783 
5000.00 1508.15 100.146403 35.086950 23.278204 6.448509 5.360238 
5000.00 1503.15 100.146597 34.919644 21.213347 7.252231 6.454066 
5000.00 1498.15 100.146840 34.765137 19.300236 7.984350 7.480551 

Title: Gale2013MORB-5

Solid Composition:
Pressure Temperature mass SiO2 TiO2 Al2O3 Fe2O3 FeO MnO MgO CaO Na2O K2O P2O5 
5000.00 1573.15 0.000000 ---
5000.00 1568.15 0.000000 ---
5000.00 1563.15 0.000000 ---
5000.00 1558.15 0.000000 ---
5000.00 1553.15 0.000000 ---
5000.00 1548.15 0.000000 ---
5000.00 1543.15 0.000000 ---
5000.00 1538.15 0.640854 50.5597 0.447604 5.95443 1.43547 4.9807 0 15.9606 20.3762 0.285283 0 0
5000.00 1533.15 3.943707 50.3184 0.489545 6.21333 1.49506 5.10744 0 15.7478 20.3301 0.298394 0 0
5000.00 1528.15 8.006487 50.0558 0.487226 8.67318 1.41506 4.81073 0 14.2353 19.7857 0.534985 0.00198604 0
5000.00 1523.15 15.760734 50.0113 0.414798 13.6646 1.13352 4.00246 0 11.231 18.4338 1.10121 0.00740047 0
5000.00 1518.15 22.796813 50.1031 0.406455 15.2489 1.05042 3.84875 0 10.2434 17.7347 1.35395 0.0104091 0
5000.00 1513.15 29.259114 50.2229 0.41372 16.0269 1.01538 3.85339 0 9.73085 17.1921 1.53175 0.0130472 0
5000.00 1508.15 35.238108 50.3481 0.427912 16.4865 1.00062 3.92145 0 9.4024 16.7188 1.67855 0.0157246 0
5000.00 1503.15 40.784116 50.4694 0.446595 16.7852 0.997432 4.02003 0 9.16295 16.2919 1.80791 0.0185953 0
5000.00 1498.15 45.922411 50.582 0.469017 16.9893 1.00228 4.13337 0 8.97224 15.905 1.92502 0.0217391 0
Title: Gale2013MORB-5

Bulk Composition:
Pressure Temperature mass SiO2 TiO2 Al2O3 Fe2O3 FeO MnO MgO CaO Na2O K2O P2O5 
5000.00 1573.15 100.141748 48.7044 1.59106 16.3969 1.4128 8.60966 0.165868 7.45108 12.5265 2.84851 0.132308 0.160937
5000.00 1568.15 100.141896 48.7043 1.59105 16.3969 1.41428 8.60832 0.165868 7.45107 12.5265 2.8485 0.132307 0.160937
5000.00 1563.15 100.142050 48.7042 1.59105 16.3968 1.41581 8.60692 0.165868 7.45106 12.5265 2.8485 0.132307 0.160937
5000.00 1558.15 100.142210 48.7041 1.59105 16.3968 1.4174 8.60548 0.165867 7.45104 12.5265 2.84849 0.132307 0.160937
5000.00 1553.15 100.142375 48.7041 1.59105 16.3968 1.41904 8.60398 0.165867 7.45103 12.5265 2.84849 0.132307 0.160936
5000.00 1548.15 100.142546 48.704 1.59104 16.3968 1.42074 8.60244 0.165867 7.45102 12.5264 2.84848 0.132307 0.160936
5000.00 1543.15 100.142722 48.7039 1.59104 16.3967 1.4225 8.60084 0.165867 7.45101 12.5264 2.84848 0.132306 0.160936
5000.00 1538.15 100.143005 48.7038 1.59104 16.3967 1.42531 8.59828 0.165866 7.45099 12.5264 2.84847 0.132306 0.160935
5000.00 1533.15 100.143854 48.7033 1.59102 16.3965 1.43377 8.59059 0.165865 7.45092 12.5263 2.84845 0.132305 0.160934
5000.00 1528.15 100.144854 48.7029 1.59101 16.3964 1.44371 8.58154 0.165863 7.45085 12.5261 2.84842 0.132303 0.160932
5000.00 1523.15 100.145488 48.7025 1.591 16.3963 1.45003 8.5758 0.165862 7.4508 12.5261 2.8484 0.132303 0.160931
5000.00 1518.15 100.145914 48.7023 1.59099 16.3962 1.45426 8.57194 0.165861 7.45077 12.526 2.84839 0.132302 0.160931
5000.00 1513.15 100.146197 48.7022 1.59099 16.3962 1.45708 8.56938 0.165861 7.45075 12.526 2.84838 0.132302 0.16093
5000.00 1508.15 100.146403 48.7021 1.59098 16.3961 1.45914 8.56751 0.16586 7.45073 12.526 2.84837 0.132301 0.16093
5000.00 1503.15 100.146597 48.702 1.59098 16.3961 1.46106 8.56576 0.16586 7.45072 12.5259 2.84837 0.132301 0.16093
5000.00 1498.15 100.146840 48.7019 1.59098 16.3961 1.46348 8.56356 0.16586 7.4507 12.5259 2.84836 0.132301 0.160929
