Title: Gale2013MORB-5

liquid_0 thermodynamic data and composition:
Pressure Temperature mass S H V Cp viscosity SiO2 TiO2 Al2O3 Fe2O3 FeO MnO MgO CaO Na2O K2O P2O5 Mg#
5000.00 1573.15 100.141748 275.967126 -1190224.189841 36.398936 150.458932 1.888 48.7044 1.59106 16.3969 1.4128 8.60966 0.165868 7.45108 12.5265 2.84851 0.132308 0.160937 60.7
5000.00 1568.15 100.141896 275.488484 -1190978.595330 36.386373 150.459695 1.907 48.7043 1.59105 16.3969 1.41428 8.60832 0.165868 7.45107 12.5265 2.8485 0.132307 0.160937 60.7
5000.00 1563.15 100.142050 275.008320 -1191733.084201 36.373815 150.460485 1.927 48.7042 1.59105 16.3968 1.41581 8.60692 0.165868 7.45106 12.5265 2.8485 0.132307 0.160937 60.7
5000.00 1558.15 100.142210 274.526622 -1192487.657975 36.361260 150.461304 1.947 48.7041 1.59105 16.3968 1.4174 8.60548 0.165867 7.45104 12.5265 2.84849 0.132307 0.160937 60.7
5000.00 1553.15 100.142375 274.043382 -1193242.318203 36.348709 150.462150 1.966 48.7041 1.59105 16.3968 1.41904 8.60398 0.165867 7.45103 12.5265 2.84849 0.132307 0.160936 60.7
5000.00 1548.15 100.142546 273.558589 -1193997.066471 36.336162 150.463025 1.986 48.704 1.59104 16.3968 1.42074 8.60244 0.165867 7.45102 12.5264 2.84848 0.132307 0.160936 60.7
5000.00 1543.15 100.142722 273.072232 -1194751.904396 36.323618 150.463929 2.007 48.7039 1.59104 16.3967 1.4225 8.60084 0.165867 7.45101 12.5264 2.84848 0.132306 0.160936 60.7
5000.00 1538.15 99.502150 270.854129 -1187670.413365 36.081175 149.454259 2.031 48.6918 1.5984 16.4639 1.42524 8.62158 0.166934 7.39618 12.4758 2.86498 0.133158 0.161972 60.5
5000.00 1533.15 96.200148 261.467952 -1148081.806913 34.885620 144.253857 2.072 48.6371 1.63618 16.814 1.43126 8.73338 0.172664 7.11079 12.2064 2.95298 0.137729 0.167532 59.2
5000.00 1528.15 92.138367 250.048632 -1098609.116686 33.403519 137.916356 2.107 48.5853 1.68692 17.0675 1.4462 8.90921 0.180276 6.8613 11.8953 3.04945 0.143628 0.174917 57.9
5000.00 1523.15 84.384755 228.647682 -1001184.174123 30.523421 125.992196 2.109 48.4581 1.81068 16.9065 1.50914 9.42997 0.19684 6.74477 11.4227 3.17473 0.155631 0.190989 56.0
5000.00 1518.15 77.349100 209.234138 -912949.699261 27.907754 115.197132 2.106 48.2895 1.9401 16.7344 1.57329 9.96399 0.214745 6.6277 10.9909 3.28884 0.168227 0.208361 54.2
5000.00 1513.15 70.887083 191.413946 -832082.380844 25.503651 105.306799 2.098 48.0745 2.07691 16.5486 1.6394 10.5159 0.234321 6.50962 10.6 3.39183 0.181525 0.227355 52.5
5000.00 1508.15 64.908296 174.940133 -757441.471418 23.278204 96.180268 2.083 47.8085 2.2224 16.3471 1.70806 11.0898 0.255904 6.39119 10.2497 3.48346 0.19559 0.248297 50.7
5000.00 1503.15 59.362481 159.674815 -688390.811811 21.213347 87.738338 2.062 47.4877 2.37721 16.1288 1.7796 11.6888 0.279812 6.27435 9.93859 3.5632 0.210421 0.271494 48.9
5000.00 1498.15 54.224428 145.547770 -624605.564585 19.300236 79.939962 2.033 47.1097 2.54116 15.8936 1.85406 12.3155 0.306325 6.16211 9.66413 3.63033 0.225935 0.29722 47.1

clinopyroxene_0 thermodynamic data and composition:
Pressure Temperature mass S H V Cp structure formula SiO2 TiO2 Al2O3 Fe2O3 FeO MnO MgO CaO Na2O K2O P2O5
5000.00 1538.15 0.640854 1.541239 -8128.948329 0.198776 0.766852 cpx Na0.02Ca0.80Fe''0.15Mg0.87Fe'''0.04Ti0.01Al0.26Si1.85O6 50.5597 0.447604 5.95443 1.43547 4.9807 0 15.9606 20.3762 0.285283 0 0
5000.00 1533.15 3.943707 9.468466 -49973.317791 1.221559 4.713364 cpx Na0.02Ca0.80Fe''0.16Mg0.86Fe'''0.04Ti0.01Al0.27Si1.84O6 50.3184 0.489545 6.21333 1.49506 5.10744 0 15.7478 20.3301 0.298394 0 0
5000.00 1528.15 7.312726 17.529981 -92551.055403 2.262032 8.730800 cpx Na0.02Ca0.79Fe''0.16Mg0.85Fe'''0.04Ti0.01Al0.28Si1.84O6 50.1115 0.53345 6.42057 1.54931 5.26712 0 15.5858 20.2206 0.311628 0 0
5000.00 1523.15 11.311111 27.090956 -142847.580979 3.494310 13.501002 cpx Na0.02Ca0.78Fe''0.17Mg0.86Fe'''0.04Ti0.02Al0.28Si1.84O6 50.0635 0.577974 6.39646 1.57942 5.57697 0 15.6491 19.8327 0.323936 0 0
5000.00 1518.15 14.864062 35.568874 -187289.691700 4.585670 17.736697 cpx Na0.02Ca0.76Fe''0.18Mg0.86Fe'''0.04Ti0.02Al0.28Si1.83O6 50.0074 0.623374 6.37964 1.61102 5.90278 0 15.7102 19.4298 0.335823 0 0
5000.00 1513.15 18.061037 43.179343 -227023.729391 5.564001 21.544117 cpx Na0.02Ca0.75Fe''0.19Mg0.86Fe'''0.05Ti0.02Al0.28Si1.83O6 49.941 0.670232 6.37106 1.64493 6.24254 0 15.7641 19.0188 0.347359 0 0
5000.00 1508.15 20.963563 50.069688 -262843.714701 6.448509 24.995670 cpx Na0.03Ca0.73Fe''0.20Mg0.87Fe'''0.05Ti0.02Al0.28Si1.83O6 49.8621 0.719286 6.37192 1.68196 6.59166 0 15.8047 18.6097 0.358651 0 0
5000.00 1503.15 23.613170 56.338421 -295296.677430 7.252231 28.139638 cpx Na0.03Ca0.72Fe''0.21Mg0.87Fe'''0.05Ti0.02Al0.28Si1.83O6 49.7688 0.771349 6.38344 1.72274 6.9433 0 15.826 18.2145 0.369849 0 0
5000.00 1498.15 26.038735 62.053490 -324776.683502 7.984350 31.009281 cpx Na0.03Ca0.70Fe''0.22Mg0.87Fe'''0.05Ti0.02Al0.28Si1.83O6 49.6599 0.827167 6.40661 1.76764 7.28969 0 15.8236 17.8442 0.381121 0 0

feldspar_0 thermodynamic data and composition:
Pressure Temperature mass S H V Cp formula SiO2 TiO2 Al2O3 Fe2O3 FeO MnO MgO CaO Na2O K2O P2O5
5000.00 1528.15 0.693761 1.731087 -9402.463074 0.259425 0.858703 K0.00Na0.26Ca0.74Al1.74Si2.26O8 49.4686 0 32.4173 0 0 0 0 15.2018 2.88932 0.0229204 0
5000.00 1523.15 4.449622 11.098235 -60315.045432 1.665703 5.506422 K0.00Na0.27Ca0.73Al1.73Si2.27O8 49.8786 0 32.1404 0 0 0 0 14.8777 3.07707 0.0262128 0
5000.00 1518.15 7.932751 19.776931 -107547.118255 2.972765 9.814793 K0.00Na0.29Ca0.71Al1.71Si2.29O8 50.2824 0 31.8676 0 0 0 0 14.5584 3.26167 0.0299133 0
5000.00 1513.15 11.198076 27.903785 -151842.430651 4.200783 13.851886 K0.00Na0.30Ca0.69Al1.69Si2.31O8 50.6776 0 31.6005 0 0 0 0 14.2458 3.44201 0.0340907 0
5000.00 1508.15 14.274544 35.550411 -193592.990576 5.360238 17.653561 K0.00Na0.32Ca0.68Al1.68Si2.32O8 51.0618 0 31.3407 0 0 0 0 13.9418 3.61696 0.0388178 0
5000.00 1503.15 17.170946 42.738121 -232917.742653 6.454066 21.230714 K0.00Na0.33Ca0.66Al1.66Si2.34O8 51.4329 0 31.0895 0 0 0 0 13.648 3.78549 0.0441672 0
5000.00 1498.15 19.883676 49.457437 -269767.478943 7.480551 24.578901 K0.00Na0.35Ca0.65Al1.65Si2.35O8 51.7894 0 30.848 0 0 0 0 13.3656 3.94684 0.0502076 0
