Title: Gale2013MORB-5

Solid Composition:
Pressure Temperature mass SiO2 TiO2 Al2O3 Fe2O3 FeO MnO MgO CaO Na2O K2O P2O5 
5000.00 1573.15 0.000000 ---
5000.00 1568.15 0.000000 ---
5000.00 1563.15 0.000000 ---
5000.00 1558.15 0.000000 ---
5000.00 1553.15 0.000000 ---
5000.00 1548.15 0.000000 ---
5000.00 1543.15 0.000000 ---
5000.00 1538.15 0.640854 50.5597 0.447604 5.95443 1.43547 4.9807 0 15.9606 20.3762 0.285283 0 0
5000.00 1533.15 3.943707 50.3184 0.489545 6.21333 1.49506 5.10744 0 15.7478 20.3301 0.298394 0 0
5000.00 1528.15 8.006487 50.0558 0.487226 8.67318 1.41506 4.81073 0 14.2353 19.7857 0.534985 0.00198604 0
5000.00 1523.15 15.760734 50.0113 0.414798 13.6646 1.13352 4.00246 0 11.231 18.4338 1.10121 0.00740047 0
5000.00 1518.15 22.796813 50.1031 0.406455 15.2489 1.05042 3.84875 0 10.2434 17.7347 1.35395 0.0104091 0
5000.00 1513.15 29.259114 50.2229 0.41372 16.0269 1.01538 3.85339 0 9.73085 17.1921 1.53175 0.0130472 0
5000.00 1508.15 35.238108 50.3481 0.427912 16.4865 1.00062 3.92145 0 9.4024 16.7188 1.67855 0.0157246 0
5000.00 1503.15 40.784116 50.4694 0.446595 16.7852 0.997432 4.02003 0 9.16295 16.2919 1.80791 0.0185953 0
5000.00 1498.15 45.922411 50.582 0.469017 16.9893 1.00228 4.13337 0 8.97224 15.905 1.92502 0.0217391 0