Title: Gale2013MORB

System Thermodynamic Data:
Pressure Temperature mass F phi S H V dVdP*10^6 dVdT*10^6 Cp logfO2(absolute) logfO2-QFM rhol rhos viscosity aH2O chisqr
5000.00 1573.15 99.399075 1.0000000000000000 1.000000 278.544290 -1179858.946275 36.775398 -221.295896 2911.439964 149.410719 -7.247 0.000 2.702869 0.000000 1.866 0.0225487 0.000
5000.00 1563.15 99.399374 1.0000000000000000 1.000000 277.592169 -1181357.300154 36.746535 -221.088029 2910.715353 149.408687 -7.346 0.000 2.705000 0.000000 1.905 0.0225371 0.000
5000.00 1553.15 99.399695 1.0000000000000000 1.000000 276.633982 -1182855.954951 36.717695 -220.881659 2909.966412 149.406792 -7.447 0.000 2.707133 0.000000 1.944 0.0225267 0.000
5000.00 1543.15 99.400037 1.0000000000000000 1.000000 275.669650 -1184354.923381 36.688880 -220.676824 2909.193405 149.405038 -7.549 0.000 2.709269 0.000000 1.984 0.0225175 0.000
5000.00 1533.15 99.400402 1.0000000000000000 1.000000 274.699090 -1185854.218688 36.660089 -220.473563 2908.396607 149.403427 -7.652 0.000 2.711406 0.000000 2.024 0.0225095 0.000
5000.00 1523.15 99.400791 1.0000000000000000 1.000000 273.722219 -1187353.854670 36.631325 -220.271919 2907.576305 149.401964 -7.757 0.000 2.713546 0.000000 2.065 0.0225029 0.000
5000.00 1513.15 99.400328 0.9492316364720858 0.957013 271.311550 -1191004.612161 36.363052 -214.721524 2854.242502 147.491629 -7.863 0.000 2.711327 3.228356 2.142 0.0241409 0.000
5000.00 1503.15 94.354770 0.9483022411141492 0.956363 256.878765 -1130887.153014 34.541379 -208.105021 2733.669275 139.573995 -7.970 0.000 2.708620 3.236262 2.222 0.0259062 0.000
5000.00 1493.15 89.477986 0.9512460225293795 0.959009 243.091019 -1072686.487375 32.801474 -202.101471 2620.451337 132.075021 -8.079 0.000 2.705782 3.244513 2.304 0.0276596 0.000
5000.00 1483.15 85.116992 0.9539775130921159 0.961463 230.745233 -1020808.995755 31.246748 -196.719064 2518.551460 125.380912 -8.190 0.000 2.702821 3.253107 2.387 0.0293959 0.000
5000.00 1473.15 81.201281 0.9536655596763372 0.960854 219.606346 -974442.854692 29.849512 -191.475637 2423.012543 116.330527 -8.302 0.000 2.700003 3.219928 2.468 0.0313128 0.000
5000.00 1463.15 77.440625 0.9177556692305993 0.923991 208.363144 -930579.967441 28.477980 -181.369425 2290.429148 109.993599 -8.415 0.000 2.700964 2.942411 2.503 0.0363189 0.000
5000.00 1453.15 71.072387 0.9119544379659177 0.917883 190.880206 -850822.000799 26.132779 -169.482897 2134.396392 100.551135 -8.530 0.000 2.702098 2.916016 2.529 0.0426285 0.000

Title: Gale2013MORB

Liquid Composition:
Pressure Temperature mass SiO2 TiO2 Al2O3 Fe2O3 FeO MnO MgO CaO Na2O K2O P2O5 H2O 
5000.00 1573.15 99.399075 50.4612 1.54156 14.9651 1.39953 8.82086 0.17314 7.69786 11.3615 2.7628 0.144166 0.169217 0.503023
5000.00 1563.15 99.399374 50.4611 1.54156 14.9651 1.40253 8.81814 0.17314 7.69784 11.3614 2.76279 0.144166 0.169216 0.503021
5000.00 1553.15 99.399695 50.4609 1.54155 14.965 1.40574 8.81521 0.173139 7.69781 11.3614 2.76279 0.144165 0.169216 0.50302
5000.00 1543.15 99.400037 50.4607 1.54155 14.965 1.40917 8.81209 0.173139 7.69778 11.3614 2.76278 0.144165 0.169215 0.503018
5000.00 1533.15 99.400402 50.4606 1.54154 14.9649 1.41283 8.80876 0.173138 7.69776 11.3613 2.76277 0.144164 0.169215 0.503016
5000.00 1523.15 99.400791 50.4604 1.54154 14.9649 1.41673 8.80521 0.173137 7.69773 11.3613 2.76275 0.144164 0.169214 0.503014
5000.00 1513.15 94.353936 50.3999 1.60468 15.5171 1.42451 8.93147 0.182398 7.15269 11.0292 2.89792 0.151875 0.178265 0.52992
5000.00 1503.15 89.476840 50.3584 1.66849 16.0878 1.43039 9.05567 0.19234 6.59887 10.6592 3.04186 0.160153 0.187982 0.558804
5000.00 1493.15 85.115578 50.3398 1.72753 16.6323 1.43426 9.16613 0.202196 6.07764 10.2833 3.18341 0.168359 0.197614 0.587437
5000.00 1483.15 81.199697 50.3432 1.78146 17.1507 1.43628 9.26236 0.211947 5.58731 9.90509 3.32235 0.176478 0.207144 0.615766
5000.00 1473.15 77.438865 50.3667 1.83553 17.605 1.44018 9.3704 0.22224 5.13804 9.51462 3.45938 0.184971 0.217204 0.645671
5000.00 1463.15 71.071572 50.3733 1.96681 17.5049 1.49251 9.83715 0.24215 4.87003 8.97371 3.59908 0.200188 0.236663 0.703516
5000.00 1453.15 64.814779 50.3317 2.13148 17.2966 1.55426 10.2903 0.265526 4.5288 8.61244 3.74027 0.217686 0.259509 0.771429
Title: Gale2013MORB

liquid_0 thermodynamic data and composition:
Pressure Temperature mass S H V Cp viscosity SiO2 TiO2 Al2O3 Fe2O3 FeO MnO MgO CaO Na2O K2O P2O5 H2O Mg#
5000.00 1573.15 99.399075 278.544290 -1179858.946275 36.775398 149.410719 1.866 50.4612 1.54156 14.9651 1.39953 8.82086 0.17314 7.69786 11.3615 2.7628 0.144166 0.169217 0.503023 60.9
5000.00 1563.15 99.399374 277.592169 -1181357.300154 36.746535 149.408687 1.905 50.4611 1.54156 14.9651 1.40253 8.81814 0.17314 7.69784 11.3614 2.76279 0.144166 0.169216 0.503021 60.9
5000.00 1553.15 99.399695 276.633982 -1182855.954951 36.717695 149.406792 1.944 50.4609 1.54155 14.965 1.40574 8.81521 0.173139 7.69781 11.3614 2.76279 0.144165 0.169216 0.50302 60.9
5000.00 1543.15 99.400037 275.669650 -1184354.923381 36.688880 149.405038 1.984 50.4607 1.54155 14.965 1.40917 8.81209 0.173139 7.69778 11.3614 2.76278 0.144165 0.169215 0.503018 60.9
5000.00 1533.15 99.400402 274.699090 -1185854.218688 36.660089 149.403427 2.024 50.4606 1.54154 14.9649 1.41283 8.80876 0.173138 7.69776 11.3613 2.76277 0.144164 0.169215 0.503016 60.9
5000.00 1523.15 99.400791 273.722219 -1187353.854670 36.631325 149.401964 2.065 50.4604 1.54154 14.9649 1.41673 8.80521 0.173137 7.69773 11.3613 2.76275 0.144164 0.169214 0.503014 60.9
5000.00 1513.15 94.353936 259.195473 -1127380.061249 34.799906 141.418074 2.142 50.3999 1.60468 15.5171 1.42451 8.93147 0.182398 7.15269 11.0292 2.89792 0.151875 0.178265 0.52992 58.8
5000.00 1503.15 89.476840 245.218333 -1069480.747149 33.034106 133.722955 2.222 50.3584 1.66849 16.0878 1.43039 9.05567 0.19234 6.59887 10.6592 3.04186 0.160153 0.187982 0.558804 56.5
5000.00 1493.15 85.115578 232.707235 -1017865.773711 31.456924 126.859343 2.304 50.3398 1.72753 16.6323 1.43426 9.16613 0.202196 6.07764 10.2833 3.18341 0.168359 0.197614 0.587437 54.2
5000.00 1483.15 81.199697 221.460092 -971676.504049 30.042578 120.712452 2.387 50.3432 1.78146 17.1507 1.43628 9.26236 0.211947 5.58731 9.90509 3.32235 0.176478 0.207144 0.615766 51.8
5000.00 1473.15 77.438865 210.703056 -927115.723936 28.681034 111.850445 2.468 50.3667 1.83553 17.605 1.44018 9.3704 0.22224 5.13804 9.51462 3.45938 0.184971 0.217204 0.645671 49.4
5000.00 1463.15 71.071572 193.052343 -847642.864229 26.313411 102.288856 2.503 50.3733 1.96681 17.5049 1.49251 9.83715 0.24215 4.87003 8.97371 3.59908 0.200188 0.236663 0.703516 46.9
5000.00 1453.15 64.814779 175.788326 -769623.915597 23.986834 92.940058 2.529 50.3317 2.13148 17.2966 1.55426 10.2903 0.265526 4.5288 8.61244 3.74027 0.217686 0.259509 0.771429 44.0

clinopyroxene_0 thermodynamic data and composition:
Pressure Temperature mass S H V Cp structure formula SiO2 TiO2 Al2O3 Fe2O3 FeO MnO MgO CaO Na2O K2O P2O5 H2O
5000.00 1513.15 5.046392 12.116076 -63624.550912 1.563146 6.073555 cpx Na0.02Ca0.69Fe''0.20Mg0.97Fe'''0.03Ti0.01Al0.20Si1.88O6 51.5955 0.361092 4.64036 1.17983 6.5277 0 17.8891 17.5707 0.235714 0 0 0
5000.00 1503.15 4.877930 11.660432 -61406.405865 1.507273 5.851040 cpx Na0.02Ca0.70Fe''0.20Mg0.94Fe'''0.04Ti0.01Al0.22Si1.87O6 51.1625 0.434037 5.04737 1.28259 6.68371 0 17.3139 17.8186 0.257194 0 0 0
5000.00 1493.15 4.362408 10.383784 -54820.713664 1.344549 5.215678 cpx Na0.02Ca0.71Fe''0.21Mg0.92Fe'''0.04Ti0.01Al0.24Si1.86O6 50.7205 0.516222 5.46114 1.38828 6.86942 0 16.7709 17.9942 0.279331 0 0 0
5000.00 1483.15 3.917296 9.285141 -49132.491707 1.204170 4.668460 cpx Na0.02Ca0.71Fe''0.22Mg0.89Fe'''0.04Ti0.02Al0.25Si1.85O6 50.265 0.609071 5.88307 1.49774 7.07492 0 16.2436 18.1242 0.302345 0 0 0
5000.00 1473.15 3.540026 8.357025 -44299.851905 1.085216 4.206011 cpx Na0.02Ca0.72Fe''0.23Mg0.87Fe'''0.04Ti0.02Al0.27Si1.83O6 49.8193 0.709928 6.28301 1.6059 7.33041 0 15.7681 18.158 0.325312 0 0 0
5000.00 1463.15 3.218715 7.588375 -40028.427267 0.983759 3.824732 cpx Na0.02Ca0.67Fe''0.26Mg0.88Fe'''0.04Ti0.02Al0.27Si1.83O6 49.7903 0.73252 6.20716 1.61939 8.29987 0 16.0871 16.9354 0.328346 0 0 0
5000.00 1453.15 1.630539 3.891283 -19621.709880 0.494134 1.970807 cpx Na0.01Ca0.29Fe''0.43Mg1.13Fe'''0.04Ti0.01Al0.22Si1.87O6 50.9059 0.386273 5.11518 1.30094 13.9524 0 20.6786 7.48484 0.175826 0 0 0

clinopyroxene_1 thermodynamic data and composition:
Pressure Temperature mass S H V Cp structure formula SiO2 TiO2 Al2O3 Fe2O3 FeO MnO MgO CaO Na2O K2O P2O5 H2O
5000.00 1453.15 1.194687 2.805903 -14797.347295 0.364076 1.415730 cpx Na0.02Ca0.66Fe''0.27Mg0.87Fe'''0.05Ti0.02Al0.27Si1.83O6 49.5196 0.840282 6.28795 1.70228 8.79018 0 15.8082 16.7076 0.343838 0 0 0

feldspar_0 thermodynamic data and composition:
Pressure Temperature mass S H V Cp formula SiO2 TiO2 Al2O3 Fe2O3 FeO MnO MgO CaO Na2O K2O P2O5 H2O
5000.00 1473.15 0.222390 0.546265 -3027.278851 0.083263 0.274071 K0.00Na0.29Ca0.71Al1.71Si2.29O8 50.3426 0 31.8277 0 0 0 0 14.5115 3.29116 0.0270938 0 0
5000.00 1463.15 3.150338 7.722427 -42908.675946 1.180810 3.880011 K0.00Na0.31Ca0.69Al1.69Si2.31O8 50.8115 0 31.5111 0 0 0 0 14.1408 3.50601 0.0305836 0 0
5000.00 1453.15 3.432382 8.394694 -46779.028027 1.287734 4.224540 K0.00Na0.33Ca0.67Al1.67Si2.33O8 51.2196 0 31.2353 0 0 0 0 13.8181 3.69251 0.0344998 0 0

Title: Gale2013MORB

Phase Masses:
Pressure Temperature mass liquid_0 clinopyroxene_0 clinopyroxene_1 feldspar_0 
5000.00 1573.15 99.399075 99.399075 0.000000 0.000000 0.000000 
5000.00 1563.15 99.399374 99.399374 0.000000 0.000000 0.000000 
5000.00 1553.15 99.399695 99.399695 0.000000 0.000000 0.000000 
5000.00 1543.15 99.400037 99.400037 0.000000 0.000000 0.000000 
5000.00 1533.15 99.400402 99.400402 0.000000 0.000000 0.000000 
5000.00 1523.15 99.400791 99.400791 0.000000 0.000000 0.000000 
5000.00 1513.15 99.400328 94.353936 5.046392 0.000000 0.000000 
5000.00 1503.15 94.354770 89.476840 4.877930 0.000000 0.000000 
5000.00 1493.15 89.477986 85.115578 4.362408 0.000000 0.000000 
5000.00 1483.15 85.116992 81.199697 3.917296 0.000000 0.000000 
5000.00 1473.15 81.201281 77.438865 3.540026 0.000000 0.222390 
5000.00 1463.15 77.440625 71.071572 3.218715 0.000000 3.150338 
5000.00 1453.15 71.072387 64.814779 1.630539 1.194687 3.432382 

Title: Gale2013MORB

Phase Volumes:
Pressure Temperature mass V liquid_0 clinopyroxene_0 clinopyroxene_1 feldspar_0 
5000.00 1573.15 99.399075 36.775398 36.775398 0.000000 0.000000 0.000000 
5000.00 1563.15 99.399374 36.746535 36.746535 0.000000 0.000000 0.000000 
5000.00 1553.15 99.399695 36.717695 36.717695 0.000000 0.000000 0.000000 
5000.00 1543.15 99.400037 36.688880 36.688880 0.000000 0.000000 0.000000 
5000.00 1533.15 99.400402 36.660089 36.660089 0.000000 0.000000 0.000000 
5000.00 1523.15 99.400791 36.631325 36.631325 0.000000 0.000000 0.000000 
5000.00 1513.15 99.400328 36.363052 34.799906 1.563146 0.000000 0.000000 
5000.00 1503.15 94.354770 34.541379 33.034106 1.507273 0.000000 0.000000 
5000.00 1493.15 89.477986 32.801474 31.456924 1.344549 0.000000 0.000000 
5000.00 1483.15 85.116992 31.246748 30.042578 1.204170 0.000000 0.000000 
5000.00 1473.15 81.201281 29.849512 28.681034 1.085216 0.000000 0.083263 
5000.00 1463.15 77.440625 28.477980 26.313411 0.983759 0.000000 1.180810 
5000.00 1453.15 71.072387 26.132779 23.986834 0.494134 0.364076 1.287734 

Title: Gale2013MORB

Solid Composition:
Pressure Temperature mass SiO2 TiO2 Al2O3 Fe2O3 FeO MnO MgO CaO Na2O K2O P2O5 H2O 
5000.00 1573.15 0.000000 ---
5000.00 1563.15 0.000000 ---
5000.00 1553.15 0.000000 ---
5000.00 1543.15 0.000000 ---
5000.00 1533.15 0.000000 ---
5000.00 1523.15 0.000000 ---
5000.00 1513.15 5.046392 51.5955 0.361092 4.64036 1.17983 6.5277 0 17.8891 17.5707 0.235714 0 0 0
5000.00 1503.15 4.877930 51.1625 0.434037 5.04737 1.28259 6.68371 0 17.3139 17.8186 0.257194 0 0 0
5000.00 1493.15 4.362408 50.7205 0.516222 5.46114 1.38828 6.86942 0 16.7709 17.9942 0.279331 0 0 0
5000.00 1483.15 3.917296 50.265 0.609071 5.88307 1.49774 7.07492 0 16.2436 18.1242 0.302345 0 0 0
5000.00 1473.15 3.762416 49.8502 0.667965 7.79291 1.51097 6.89712 0 14.8361 17.9425 0.500618 0.00160146 0 0
5000.00 1463.15 6.369052 50.2954 0.370192 18.7233 0.818385 4.19449 0 8.1299 15.5531 1.90012 0.0151276 0 0
5000.00 1453.15 6.257608 50.8133 0.261075 19.6663 0.663978 5.31377 0 8.40628 12.7195 2.13685 0.0189236 0 0
Title: Gale2013MORB

Bulk Composition:
Pressure Temperature mass SiO2 TiO2 Al2O3 Fe2O3 FeO MnO MgO CaO Na2O K2O P2O5 H2O 
5000.00 1573.15 99.399075 50.4612 1.54156 14.9651 1.39953 8.82086 0.17314 7.69786 11.3615 2.7628 0.144166 0.169217 0.503023
5000.00 1563.15 99.399374 50.4611 1.54156 14.9651 1.40253 8.81814 0.17314 7.69784 11.3614 2.76279 0.144166 0.169216 0.503021
5000.00 1553.15 99.399695 50.4609 1.54155 14.965 1.40574 8.81521 0.173139 7.69781 11.3614 2.76279 0.144165 0.169216 0.50302
5000.00 1543.15 99.400037 50.4607 1.54155 14.965 1.40917 8.81209 0.173139 7.69778 11.3614 2.76278 0.144165 0.169215 0.503018
5000.00 1533.15 99.400402 50.4606 1.54154 14.9649 1.41283 8.80876 0.173138 7.69776 11.3613 2.76277 0.144164 0.169215 0.503016
5000.00 1523.15 99.400791 50.4604 1.54154 14.9649 1.41673 8.80521 0.173137 7.69773 11.3613 2.76275 0.144164 0.169214 0.503014
5000.00 1513.15 99.400328 50.4606 1.54154 14.9649 1.41209 8.80944 0.173138 7.69776 11.3613 2.76277 0.144165 0.169215 0.503016
5000.00 1503.15 94.354770 50.4 1.60467 15.517 1.42275 8.93304 0.182397 7.15282 11.0293 2.8979 0.151874 0.178263 0.529915
5000.00 1493.15 89.477986 50.3584 1.66847 16.0877 1.43202 9.05416 0.192338 6.59898 10.6593 3.04183 0.160151 0.187979 0.558797
5000.00 1483.15 85.116992 50.3396 1.7275 16.6321 1.43911 9.16169 0.202192 6.07774 10.2834 3.18336 0.168357 0.19761 0.587427
5000.00 1473.15 81.201281 50.3428 1.78143 17.1504 1.44346 9.2558 0.211942 5.5874 9.90512 3.32229 0.176475 0.20714 0.615754
5000.00 1463.15 77.440625 50.3669 1.8355 17.6051 1.43707 9.37307 0.222235 5.13813 9.51483 3.45935 0.184968 0.217199 0.645656
5000.00 1453.15 71.072387 50.3741 1.9668 17.5052 1.47587 9.85213 0.242147 4.8702 8.97405 3.59909 0.200186 0.23666 0.703508
