Title: Gale2013MORB

liquid_0 thermodynamic data and composition:
Pressure Temperature mass S H V Cp viscosity SiO2 TiO2 Al2O3 Fe2O3 FeO MnO MgO CaO Na2O K2O P2O5 H2O Mg#
5000.00 1573.15 99.399075 278.544290 -1179858.946275 36.775398 149.410719 1.866 50.4612 1.54156 14.9651 1.39953 8.82086 0.17314 7.69786 11.3615 2.7628 0.144166 0.169217 0.503023 60.9
5000.00 1563.15 99.399374 277.592169 -1181357.300154 36.746535 149.408687 1.905 50.4611 1.54156 14.9651 1.40253 8.81814 0.17314 7.69784 11.3614 2.76279 0.144166 0.169216 0.503021 60.9
5000.00 1553.15 99.399695 276.633982 -1182855.954951 36.717695 149.406792 1.944 50.4609 1.54155 14.965 1.40574 8.81521 0.173139 7.69781 11.3614 2.76279 0.144165 0.169216 0.50302 60.9
5000.00 1543.15 99.400037 275.669650 -1184354.923381 36.688880 149.405038 1.984 50.4607 1.54155 14.965 1.40917 8.81209 0.173139 7.69778 11.3614 2.76278 0.144165 0.169215 0.503018 60.9
5000.00 1533.15 99.400402 274.699090 -1185854.218688 36.660089 149.403427 2.024 50.4606 1.54154 14.9649 1.41283 8.80876 0.173138 7.69776 11.3613 2.76277 0.144164 0.169215 0.503016 60.9
5000.00 1523.15 99.400791 273.722219 -1187353.854670 36.631325 149.401964 2.065 50.4604 1.54154 14.9649 1.41673 8.80521 0.173137 7.69773 11.3613 2.76275 0.144164 0.169214 0.503014 60.9
5000.00 1513.15 94.353936 259.195473 -1127380.061249 34.799906 141.418074 2.142 50.3999 1.60468 15.5171 1.42451 8.93147 0.182398 7.15269 11.0292 2.89792 0.151875 0.178265 0.52992 58.8
5000.00 1503.15 89.476840 245.218333 -1069480.747149 33.034106 133.722955 2.222 50.3584 1.66849 16.0878 1.43039 9.05567 0.19234 6.59887 10.6592 3.04186 0.160153 0.187982 0.558804 56.5
5000.00 1493.15 85.115578 232.707235 -1017865.773711 31.456924 126.859343 2.304 50.3398 1.72753 16.6323 1.43426 9.16613 0.202196 6.07764 10.2833 3.18341 0.168359 0.197614 0.587437 54.2
5000.00 1483.15 81.199697 221.460092 -971676.504049 30.042578 120.712452 2.387 50.3432 1.78146 17.1507 1.43628 9.26236 0.211947 5.58731 9.90509 3.32235 0.176478 0.207144 0.615766 51.8
5000.00 1473.15 77.438865 210.703056 -927115.723936 28.681034 111.850445 2.468 50.3667 1.83553 17.605 1.44018 9.3704 0.22224 5.13804 9.51462 3.45938 0.184971 0.217204 0.645671 49.4
5000.00 1463.15 71.071572 193.052343 -847642.864229 26.313411 102.288856 2.503 50.3733 1.96681 17.5049 1.49251 9.83715 0.24215 4.87003 8.97371 3.59908 0.200188 0.236663 0.703516 46.9
5000.00 1453.15 64.814779 175.788326 -769623.915597 23.986834 92.940058 2.529 50.3317 2.13148 17.2966 1.55426 10.2903 0.265526 4.5288 8.61244 3.74027 0.217686 0.259509 0.771429 44.0

clinopyroxene_0 thermodynamic data and composition:
Pressure Temperature mass S H V Cp structure formula SiO2 TiO2 Al2O3 Fe2O3 FeO MnO MgO CaO Na2O K2O P2O5 H2O
5000.00 1513.15 5.046392 12.116076 -63624.550912 1.563146 6.073555 cpx Na0.02Ca0.69Fe''0.20Mg0.97Fe'''0.03Ti0.01Al0.20Si1.88O6 51.5955 0.361092 4.64036 1.17983 6.5277 0 17.8891 17.5707 0.235714 0 0 0
5000.00 1503.15 4.877930 11.660432 -61406.405865 1.507273 5.851040 cpx Na0.02Ca0.70Fe''0.20Mg0.94Fe'''0.04Ti0.01Al0.22Si1.87O6 51.1625 0.434037 5.04737 1.28259 6.68371 0 17.3139 17.8186 0.257194 0 0 0
5000.00 1493.15 4.362408 10.383784 -54820.713664 1.344549 5.215678 cpx Na0.02Ca0.71Fe''0.21Mg0.92Fe'''0.04Ti0.01Al0.24Si1.86O6 50.7205 0.516222 5.46114 1.38828 6.86942 0 16.7709 17.9942 0.279331 0 0 0
5000.00 1483.15 3.917296 9.285141 -49132.491707 1.204170 4.668460 cpx Na0.02Ca0.71Fe''0.22Mg0.89Fe'''0.04Ti0.02Al0.25Si1.85O6 50.265 0.609071 5.88307 1.49774 7.07492 0 16.2436 18.1242 0.302345 0 0 0
5000.00 1473.15 3.540026 8.357025 -44299.851905 1.085216 4.206011 cpx Na0.02Ca0.72Fe''0.23Mg0.87Fe'''0.04Ti0.02Al0.27Si1.83O6 49.8193 0.709928 6.28301 1.6059 7.33041 0 15.7681 18.158 0.325312 0 0 0
5000.00 1463.15 3.218715 7.588375 -40028.427267 0.983759 3.824732 cpx Na0.02Ca0.67Fe''0.26Mg0.88Fe'''0.04Ti0.02Al0.27Si1.83O6 49.7903 0.73252 6.20716 1.61939 8.29987 0 16.0871 16.9354 0.328346 0 0 0
5000.00 1453.15 1.630539 3.891283 -19621.709880 0.494134 1.970807 cpx Na0.01Ca0.29Fe''0.43Mg1.13Fe'''0.04Ti0.01Al0.22Si1.87O6 50.9059 0.386273 5.11518 1.30094 13.9524 0 20.6786 7.48484 0.175826 0 0 0

clinopyroxene_1 thermodynamic data and composition:
Pressure Temperature mass S H V Cp structure formula SiO2 TiO2 Al2O3 Fe2O3 FeO MnO MgO CaO Na2O K2O P2O5 H2O
5000.00 1453.15 1.194687 2.805903 -14797.347295 0.364076 1.415730 cpx Na0.02Ca0.66Fe''0.27Mg0.87Fe'''0.05Ti0.02Al0.27Si1.83O6 49.5196 0.840282 6.28795 1.70228 8.79018 0 15.8082 16.7076 0.343838 0 0 0

feldspar_0 thermodynamic data and composition:
Pressure Temperature mass S H V Cp formula SiO2 TiO2 Al2O3 Fe2O3 FeO MnO MgO CaO Na2O K2O P2O5 H2O
5000.00 1473.15 0.222390 0.546265 -3027.278851 0.083263 0.274071 K0.00Na0.29Ca0.71Al1.71Si2.29O8 50.3426 0 31.8277 0 0 0 0 14.5115 3.29116 0.0270938 0 0
5000.00 1463.15 3.150338 7.722427 -42908.675946 1.180810 3.880011 K0.00Na0.31Ca0.69Al1.69Si2.31O8 50.8115 0 31.5111 0 0 0 0 14.1408 3.50601 0.0305836 0 0
5000.00 1453.15 3.432382 8.394694 -46779.028027 1.287734 4.224540 K0.00Na0.33Ca0.67Al1.67Si2.33O8 51.2196 0 31.2353 0 0 0 0 13.8181 3.69251 0.0344998 0 0
