Title: Gale2013MORB

Solid Composition:
Pressure Temperature mass SiO2 TiO2 Al2O3 Fe2O3 FeO MnO MgO CaO Na2O K2O P2O5 H2O 
5000.00 1573.15 0.000000 ---
5000.00 1563.15 0.000000 ---
5000.00 1553.15 0.000000 ---
5000.00 1543.15 0.000000 ---
5000.00 1533.15 0.000000 ---
5000.00 1523.15 0.000000 ---
5000.00 1513.15 5.046392 51.5955 0.361092 4.64036 1.17983 6.5277 0 17.8891 17.5707 0.235714 0 0 0
5000.00 1503.15 4.877930 51.1625 0.434037 5.04737 1.28259 6.68371 0 17.3139 17.8186 0.257194 0 0 0
5000.00 1493.15 4.362408 50.7205 0.516222 5.46114 1.38828 6.86942 0 16.7709 17.9942 0.279331 0 0 0
5000.00 1483.15 3.917296 50.265 0.609071 5.88307 1.49774 7.07492 0 16.2436 18.1242 0.302345 0 0 0
5000.00 1473.15 3.762416 49.8502 0.667965 7.79291 1.51097 6.89712 0 14.8361 17.9425 0.500618 0.00160146 0 0
5000.00 1463.15 6.369052 50.2954 0.370192 18.7233 0.818385 4.19449 0 8.1299 15.5531 1.90012 0.0151276 0 0
5000.00 1453.15 6.257608 50.8133 0.261075 19.6663 0.663978 5.31377 0 8.40628 12.7195 2.13685 0.0189236 0 0