Title: Gale2013MORB-6

System Thermodynamic Data:
Pressure Temperature mass F phi S H V dVdP*10^6 dVdT*10^6 Cp logfO2(absolute) logfO2-QFM rhol rhos viscosity aH2O chisqr
5000.00 1573.15 100.155117 1.0000000000000000 1.000000 276.118204 -1179332.845580 36.271464 -176.020646 2541.958550 150.360422 -7.247 0.000 2.761265 0.000000 1.803 0 0.000
5000.00 1568.15 100.155279 1.0000000000000000 1.000000 275.639907 -1180086.964172 36.258889 -176.027302 2542.025563 150.361255 -7.296 0.000 2.762227 0.000000 1.822 0 0.000
5000.00 1563.15 100.155448 1.0000000000000000 1.000000 275.160088 -1180841.174215 36.246318 -176.034125 2542.094978 150.362119 -7.346 0.000 2.763190 0.000000 1.841 0 0.000
5000.00 1558.15 100.155622 1.0000000000000000 1.000000 274.678738 -1181595.477373 36.233751 -176.041119 2542.166828 150.363012 -7.396 0.000 2.764153 0.000000 1.860 0 0.000
5000.00 1553.15 100.155802 1.0000000000000000 1.000000 274.195846 -1182349.875345 36.221188 -176.048290 2542.241152 150.363937 -7.447 0.000 2.765116 0.000000 1.880 0 0.000
5000.00 1548.15 100.155988 1.0000000000000000 1.000000 273.711404 -1183104.369868 36.208629 -176.055642 2542.317984 150.364892 -7.498 0.000 2.766081 0.000000 1.899 0 0.000
5000.00 1543.15 100.156335 0.9776269207182410 0.980713 272.564748 -1184882.329612 36.087305 -173.702099 2519.955304 149.514043 -7.549 0.000 2.766655 3.219549 1.931 0 0.000
5000.00 1538.15 100.156950 0.9445618167189397 0.952043 271.106963 -1187139.354037 35.914282 -170.215435 2486.182335 148.258162 -7.600 0.000 2.766862 3.223848 1.969 0 0.000
5000.00 1533.15 100.157778 0.9130376987205442 0.924527 269.700321 -1189314.413680 35.749095 -166.884833 2453.153565 147.063360 -7.652 0.000 2.766869 3.228200 2.008 0 0.000
5000.00 1528.15 100.158809 0.8829183035017150 0.898074 268.340501 -1191414.431478 35.591086 -163.695198 2420.764906 145.924364 -7.704 0.000 2.766663 3.232602 2.048 0 0.000
5000.00 1523.15 100.160032 0.8540852286314475 0.872604 267.023718 -1193445.447971 35.439684 -160.633435 2388.929402 144.836589 -7.757 0.000 2.766231 3.237052 2.090 0 0.000
5000.00 1518.15 100.161435 0.8264355511519161 0.848049 265.746647 -1195412.736744 35.294389 -157.688187 2357.575494 143.796047 -7.810 0.000 2.765559 3.241545 2.133 0 0.000
5000.00 1513.15 100.162080 0.7630115195173149 0.785647 263.669800 -1198572.132115 35.096931 -148.860485 2275.201022 141.768713 -7.863 0.000 2.771647 3.155233 2.133 0 0.000
5000.00 1508.15 100.162629 0.7039657843033575 0.726813 261.729092 -1201513.780114 34.915248 -140.486563 2197.809859 139.902507 -7.917 0.000 2.778557 3.108656 2.127 0 0.000
5000.00 1503.15 100.163152 0.6493020170114717 0.671751 259.918489 -1204249.367534 34.747890 -132.604432 2125.570848 138.191460 -7.970 0.000 2.786238 3.079703 2.117 0 0.000
5000.00 1498.15 100.163701 0.5985644695278157 0.620141 258.222109 -1206804.978817 34.593000 -125.172928 2057.966337 136.617533 -8.025 0.000 2.794748 3.059958 2.101 0 0.000
5000.00 1493.15 100.164325 0.5514605191695190 0.571807 256.628457 -1209199.798026 34.449228 -118.172993 1994.671679 135.167944 -8.079 0.000 2.804131 3.045755 2.080 0 0.000
5000.00 1488.15 100.165063 0.5077805026318888 0.526638 255.128576 -1211448.915703 34.315526 -111.595734 1935.452736 133.832763 -8.134 0.000 2.814422 3.035227 2.053 0 0.000
5000.00 1483.15 100.165946 0.4673436686735408 0.484536 253.714838 -1213565.168080 34.191014 -105.434064 1880.097817 132.603335 -8.190 0.000 2.825648 3.027313 2.019 0 0.000
5000.00 1478.15 100.166999 0.4299700515594365 0.445391 252.381919 -1215557.724587 34.074900 -99.678238 1828.384659 130.170374 -8.245 0.000 2.837831 3.021350 1.981 0 0.000
5000.00 1473.15 100.168236 0.3954628070919691 0.409061 251.123628 -1217436.799503 33.966443 -94.312897 1780.062079 129.259291 -8.302 0.000 2.851005 3.016894 1.936 0 0.000

Title: Gale2013MORB-6

Liquid Composition:
Pressure Temperature mass SiO2 TiO2 Al2O3 Fe2O3 FeO MnO MgO CaO Na2O K2O P2O5 
5000.00 1573.15 100.155117 48.7758 1.58847 14.891 1.54584 9.27686 0.190862 7.93171 12.465 3.03257 0.137738 0.164102
5000.00 1568.15 100.155279 48.7757 1.58847 14.891 1.54746 9.27538 0.190861 7.9317 12.465 3.03256 0.137738 0.164102
5000.00 1563.15 100.155448 48.7756 1.58847 14.891 1.54913 9.27386 0.190861 7.93168 12.465 3.03256 0.137737 0.164102
5000.00 1558.15 100.155622 48.7755 1.58847 14.891 1.55087 9.27228 0.190861 7.93167 12.465 3.03255 0.137737 0.164102
5000.00 1553.15 100.155802 48.7755 1.58846 14.8909 1.55266 9.27065 0.19086 7.93166 12.4649 3.03254 0.137737 0.164101
5000.00 1548.15 100.155988 48.7754 1.58846 14.8909 1.55451 9.26896 0.19086 7.93164 12.4649 3.03254 0.137737 0.164101
5000.00 1543.15 97.915530 48.723 1.61553 15.1111 1.56221 9.36218 0.195227 7.73821 12.2883 3.0955 0.140888 0.167856
5000.00 1538.15 94.604431 48.6542 1.65558 15.4417 1.57191 9.49941 0.20206 7.44748 12.0148 3.19325 0.145819 0.173731
5000.00 1533.15 91.447827 48.6001 1.69344 15.7624 1.58024 9.62741 0.209035 7.165 11.7398 3.29204 0.150853 0.179727
5000.00 1528.15 88.432046 48.561 1.72889 16.0733 1.58722 9.74563 0.216163 6.89041 11.4635 3.392 0.155997 0.185857
5000.00 1523.15 85.545204 48.5375 1.76166 16.3747 1.59284 9.85346 0.223458 6.62338 11.1864 3.49322 0.161262 0.192129
5000.00 1518.15 82.776971 48.5298 1.79151 16.6669 1.59711 9.95025 0.230931 6.3636 10.9089 3.5958 0.166654 0.198554
5000.00 1513.15 76.424821 48.3922 1.90117 16.4971 1.65865 10.4485 0.250125 6.23526 10.4908 3.73197 0.17912 0.215057
5000.00 1508.15 70.511063 48.214 2.01609 16.3088 1.72278 10.9668 0.271103 6.11061 10.1047 3.85969 0.192312 0.233094
5000.00 1503.15 65.036136 47.9945 2.13513 16.1098 1.78882 11.5005 0.293925 5.98808 9.75213 3.97824 0.206138 0.252716
5000.00 1498.15 59.954433 47.7319 2.25814 15.8999 1.85695 12.0518 0.318838 5.86905 9.43126 4.08743 0.220586 0.274136
5000.00 1493.15 55.236671 47.4248 2.38445 15.6798 1.92721 12.6225 0.34607 5.75534 9.1396 4.18704 0.235589 0.29755
5000.00 1488.15 50.861866 47.0732 2.51292 15.4502 1.99953 13.2142 0.375837 5.6489 8.8743 4.2768 0.251031 0.323144
5000.00 1483.15 46.811921 46.6772 2.64207 15.212 2.07376 13.8282 0.408353 5.55161 8.6324 4.35653 0.266744 0.3511
5000.00 1478.15 43.068810 46.2377 2.77016 14.966 2.14973 14.4662 0.443843 5.46504 8.41105 4.42615 0.282513 0.381615
5000.00 1473.15 39.612812 45.7555 2.89538 14.7123 2.22733 15.1301 0.482566 5.39052 8.20769 4.48561 0.298079 0.414908
Title: Gale2013MORB-6

liquid_0 thermodynamic data and composition:
Pressure Temperature mass S H V Cp viscosity SiO2 TiO2 Al2O3 Fe2O3 FeO MnO MgO CaO Na2O K2O P2O5 Mg#
5000.00 1573.15 100.155117 276.118204 -1179332.845580 36.271464 150.360422 1.803 48.7758 1.58847 14.891 1.54584 9.27686 0.190862 7.93171 12.465 3.03257 0.137738 0.164102 60.4
5000.00 1568.15 100.155279 275.639907 -1180086.964172 36.258889 150.361255 1.822 48.7757 1.58847 14.891 1.54746 9.27538 0.190861 7.9317 12.465 3.03256 0.137738 0.164102 60.4
5000.00 1563.15 100.155448 275.160088 -1180841.174215 36.246318 150.362119 1.841 48.7756 1.58847 14.891 1.54913 9.27386 0.190861 7.93168 12.465 3.03256 0.137737 0.164102 60.4
5000.00 1558.15 100.155622 274.678738 -1181595.477373 36.233751 150.363012 1.860 48.7755 1.58847 14.891 1.55087 9.27228 0.190861 7.93167 12.465 3.03255 0.137737 0.164102 60.4
5000.00 1553.15 100.155802 274.195846 -1182349.875345 36.221188 150.363937 1.880 48.7755 1.58846 14.8909 1.55266 9.27065 0.19086 7.93166 12.4649 3.03254 0.137737 0.164101 60.4
5000.00 1548.15 100.155988 273.711404 -1183104.369868 36.208629 150.364892 1.899 48.7754 1.58846 14.8909 1.55451 9.26896 0.19086 7.93164 12.4649 3.03254 0.137737 0.164101 60.4
5000.00 1543.15 97.915530 267.164441 -1156478.893738 35.391306 146.828463 1.931 48.723 1.61553 15.1111 1.56221 9.36218 0.195227 7.73821 12.2883 3.0955 0.140888 0.167856 59.6
5000.00 1538.15 94.604431 257.747865 -1116831.544607 34.191956 141.611413 1.969 48.6542 1.65558 15.4417 1.57191 9.49941 0.20206 7.44748 12.0148 3.19325 0.145819 0.173731 58.3
5000.00 1533.15 91.447827 248.779586 -1079144.492857 33.051012 136.649262 2.008 48.6001 1.69344 15.7624 1.58024 9.62741 0.209035 7.165 11.7398 3.29204 0.150853 0.179727 57.0
5000.00 1528.15 88.432046 240.220558 -1043249.168868 31.963432 131.919719 2.048 48.561 1.72889 16.0733 1.58722 9.74563 0.216163 6.89041 11.4635 3.392 0.155997 0.185857 55.8
5000.00 1523.15 85.545204 232.036817 -1008999.115990 30.924826 127.403409 2.090 48.5375 1.76166 16.3747 1.59284 9.85346 0.223458 6.62338 11.1864 3.49322 0.161262 0.192129 54.5
5000.00 1518.15 82.776971 224.198794 -976266.965605 29.931371 123.083472 2.133 48.5298 1.79151 16.6669 1.59711 9.95025 0.230931 6.3636 10.9089 3.5958 0.166654 0.198554 53.3
5000.00 1513.15 76.424821 206.669176 -896915.051440 27.573791 113.355829 2.133 48.3922 1.90117 16.4971 1.65865 10.4485 0.250125 6.23526 10.4908 3.73197 0.17912 0.215057 51.5
5000.00 1508.15 70.511063 190.361671 -823174.101242 25.376862 104.324109 2.127 48.214 2.01609 16.3088 1.72278 10.9668 0.271103 6.11061 10.1047 3.85969 0.192312 0.233094 49.8
5000.00 1503.15 65.036136 175.275779 -755074.570501 23.341916 95.985438 2.117 47.9945 2.13513 16.1098 1.78882 11.5005 0.293925 5.98808 9.75213 3.97824 0.206138 0.252716 48.1
5000.00 1498.15 59.954433 161.286244 -692037.434789 21.452537 88.267654 2.101 47.7319 2.25814 15.8999 1.85695 12.0518 0.318838 5.86905 9.43126 4.08743 0.220586 0.274136 46.5
5000.00 1493.15 55.236671 148.311967 -633686.926800 19.698317 81.123504 2.080 47.4248 2.38445 15.6798 1.92721 12.6225 0.34607 5.75534 9.1396 4.18704 0.235589 0.29755 44.8
5000.00 1488.15 50.861866 136.294149 -579749.272965 18.071866 74.518325 2.053 47.0732 2.51292 15.4502 1.99953 13.2142 0.375837 5.6489 8.8743 4.2768 0.251031 0.323144 43.2
5000.00 1483.15 46.811921 125.181648 -529985.207932 16.566793 68.421831 2.019 46.6772 2.64207 15.212 2.07376 13.8282 0.408353 5.55161 8.6324 4.35653 0.266744 0.3511 41.7
5000.00 1478.15 43.068810 114.925063 -484153.028352 15.176664 61.502800 1.981 46.2377 2.77016 14.966 2.14973 14.4662 0.443843 5.46504 8.41105 4.42615 0.282513 0.381615 40.2
5000.00 1473.15 39.612812 105.469322 -441990.958957 13.894332 56.462321 1.936 45.7555 2.89538 14.7123 2.22733 15.1301 0.482566 5.39052 8.20769 4.48561 0.298079 0.414908 38.8

clinopyroxene_0 thermodynamic data and composition:
Pressure Temperature mass S H V Cp structure formula SiO2 TiO2 Al2O3 Fe2O3 FeO MnO MgO CaO Na2O K2O P2O5
5000.00 1543.15 2.240806 5.400308 -28403.435875 0.696000 2.685580 cpx Na0.02Ca0.79Fe''0.15Mg0.89Fe'''0.04Ti0.01Al0.23Si1.87O6 51.0548 0.405569 5.26887 1.37235 5.05502 0 16.3825 20.1802 0.280714 0 0
5000.00 1538.15 5.552519 13.359098 -70307.809430 1.722326 6.646748 cpx Na0.02Ca0.79Fe''0.16Mg0.88Fe'''0.04Ti0.01Al0.24Si1.86O6 50.8305 0.444688 5.50398 1.43072 5.18531 0 16.1794 20.1315 0.293881 0 0
5000.00 1533.15 8.709951 20.920734 -110169.920823 2.698083 10.414098 cpx Na0.02Ca0.79Fe''0.16Mg0.87Fe'''0.04Ti0.01Al0.25Si1.85O6 50.6054 0.485886 5.73814 1.48917 5.319 0 15.9791 20.0759 0.307353 0 0
5000.00 1528.15 11.726763 28.119943 -148165.262610 3.627654 14.004645 cpx Na0.02Ca0.79Fe''0.17Mg0.86Fe'''0.04Ti0.01Al0.26Si1.85O6 50.3799 0.529095 5.97085 1.54759 5.45612 0 15.7817 20.0136 0.321129 0 0
5000.00 1523.15 14.614828 34.986902 -184446.331982 4.514858 17.433180 cpx Na0.02Ca0.78Fe''0.17Mg0.85Fe'''0.04Ti0.02Al0.27Si1.84O6 50.1544 0.574218 6.2016 1.60587 5.59668 0 15.5871 19.9449 0.335204 0 0
5000.00 1518.15 17.384464 41.547852 -219145.771138 5.363018 20.712575 cpx Na0.02Ca0.78Fe''0.18Mg0.84Fe'''0.05Ti0.02Al0.28Si1.83O6 49.9293 0.621131 6.42991 1.66389 5.74067 0 15.3954 19.87 0.349577 0 0
5000.00 1513.15 20.614982 49.216075 -259325.588495 6.351195 24.550210 cpx Na0.03Ca0.77Fe''0.19Mg0.84Fe'''0.05Ti0.02Al0.28Si1.83O6 49.8636 0.669285 6.42112 1.69836 6.03167 0 15.4195 19.5336 0.362921 0 0
5000.00 1508.15 23.547142 56.154830 -295563.369514 7.244598 28.027923 cpx Na0.03Ca0.76Fe''0.19Mg0.85Fe'''0.05Ti0.02Al0.28Si1.83O6 49.7913 0.719294 6.41577 1.73465 6.33178 0 15.4386 19.1925 0.376123 0 0
5000.00 1503.15 26.218930 62.454729 -328360.623567 8.055156 31.190031 cpx Na0.03Ca0.74Fe''0.20Mg0.85Fe'''0.05Ti0.02Al0.28Si1.83O6 49.708 0.771697 6.41903 1.77374 6.6349 0 15.4453 18.858 0.389294 0 0
5000.00 1498.15 28.667294 68.203910 -358204.651703 8.794483 34.079853 cpx Na0.03Ca0.73Fe''0.21Mg0.85Fe'''0.05Ti0.02Al0.28Si1.83O6 49.6129 0.827011 6.43159 1.816 6.93664 0 15.4366 18.5367 0.402536 0 0
5000.00 1493.15 30.920035 73.468565 -385469.974118 9.471391 36.729946 cpx Na0.03Ca0.72Fe''0.22Mg0.85Fe'''0.05Ti0.02Al0.28Si1.82O6 49.5054 0.885669 6.45395 1.86164 7.23244 0 15.4106 18.2344 0.415953 0 0
5000.00 1488.15 32.999278 78.301530 -410460.817964 10.092953 39.166375 cpx Na0.03Ca0.71Fe''0.23Mg0.84Fe'''0.05Ti0.03Al0.28Si1.82O6 49.3857 0.947967 6.48633 1.91069 7.51814 0 15.3666 17.9549 0.429642 0 0
5000.00 1483.15 34.923726 82.747821 -433437.662601 10.665191 41.411443 cpx Na0.03Ca0.70Fe''0.24Mg0.84Fe'''0.05Ti0.03Al0.28Si1.82O6 49.2542 1.01403 6.52871 1.96302 7.79049 0 15.3054 17.7005 0.443678 0 0
5000.00 1478.15 36.709857 86.847489 -454630.813180 11.193434 43.485090 cpx Na0.03Ca0.69Fe''0.25Mg0.84Fe'''0.06Ti0.03Al0.29Si1.81O6 49.112 1.0838 6.58082 2.01844 8.04722 0 15.2283 17.4713 0.458115 0 0
5000.00 1473.15 38.372585 90.637132 -474247.726456 11.682509 45.405611 cpx Na0.03Ca0.68Fe''0.26Mg0.83Fe'''0.06Ti0.03Al0.29Si1.81O6 48.9602 1.15707 6.64222 2.07667 8.28707 0 15.1376 17.2662 0.472987 0 0

feldspar_0 thermodynamic data and composition:
Pressure Temperature mass S H V Cp formula SiO2 TiO2 Al2O3 Fe2O3 FeO MnO MgO CaO Na2O K2O P2O5
5000.00 1513.15 3.122277 7.784550 -42331.492179 1.171945 3.862674 K0.00Na0.31Ca0.69Al1.69Si2.31O8 50.8736 0 31.4685 0 0 0 0 14.0912 3.53277 0.0339347 0
5000.00 1508.15 6.104423 15.212591 -82776.309358 2.293787 7.550475 K0.00Na0.33Ca0.67Al1.67Si2.33O8 51.288 0 31.1884 0 0 0 0 13.7634 3.72179 0.0385061 0
5000.00 1503.15 8.908085 22.187981 -120814.173466 3.350819 11.015991 K0.00Na0.34Ca0.65Al1.65Si2.35O8 51.6917 0 30.9153 0 0 0 0 13.4438 3.90554 0.0436366 0
5000.00 1498.15 11.541974 28.731955 -156562.892326 4.345979 14.270026 K0.00Na0.36Ca0.64Al1.64Si2.36O8 52.083 0 30.6504 0 0 0 0 13.1341 4.08314 0.0493893 0
5000.00 1493.15 14.007620 34.847925 -190042.897108 5.279519 17.314494 K0.00Na0.37Ca0.62Al1.62Si2.38O8 52.4604 0 30.3947 0 0 0 0 12.8351 4.25395 0.0558261 0
5000.00 1488.15 16.303919 40.532897 -221238.824774 6.150707 20.148063 K0.00Na0.39Ca0.61Al1.61Si2.39O8 52.8232 0 30.1488 0 0 0 0 12.5475 4.41753 0.0630068 0
5000.00 1483.15 18.430300 45.785369 -250142.297548 6.959030 22.770061 K0.00Na0.40Ca0.59Al1.59Si2.41O8 53.1709 0 29.9128 0 0 0 0 12.2716 4.57368 0.0709897 0
5000.00 1478.15 20.388332 50.609366 -276773.883055 7.704803 25.182485 K0.00Na0.41Ca0.58Al1.58Si2.42O8 53.5035 0 29.6867 0 0 0 0 12.0075 4.72234 0.0798316 0
5000.00 1473.15 22.182839 55.017174 -301198.114090 8.389602 27.391359 K0.01Na0.43Ca0.57Al1.57Si2.43O8 53.8214 0 29.4704 0 0 0 0 11.7549 4.86364 0.0895916 0

Title: Gale2013MORB-6

Phase Masses:
Pressure Temperature mass liquid_0 clinopyroxene_0 feldspar_0 
5000.00 1573.15 100.155117 100.155117 0.000000 0.000000 
5000.00 1568.15 100.155279 100.155279 0.000000 0.000000 
5000.00 1563.15 100.155448 100.155448 0.000000 0.000000 
5000.00 1558.15 100.155622 100.155622 0.000000 0.000000 
5000.00 1553.15 100.155802 100.155802 0.000000 0.000000 
5000.00 1548.15 100.155988 100.155988 0.000000 0.000000 
5000.00 1543.15 100.156335 97.915530 2.240806 0.000000 
5000.00 1538.15 100.156950 94.604431 5.552519 0.000000 
5000.00 1533.15 100.157778 91.447827 8.709951 0.000000 
5000.00 1528.15 100.158809 88.432046 11.726763 0.000000 
5000.00 1523.15 100.160032 85.545204 14.614828 0.000000 
5000.00 1518.15 100.161435 82.776971 17.384464 0.000000 
5000.00 1513.15 100.162080 76.424821 20.614982 3.122277 
5000.00 1508.15 100.162629 70.511063 23.547142 6.104423 
5000.00 1503.15 100.163152 65.036136 26.218930 8.908085 
5000.00 1498.15 100.163701 59.954433 28.667294 11.541974 
5000.00 1493.15 100.164325 55.236671 30.920035 14.007620 
5000.00 1488.15 100.165063 50.861866 32.999278 16.303919 
5000.00 1483.15 100.165946 46.811921 34.923726 18.430300 
5000.00 1478.15 100.166999 43.068810 36.709857 20.388332 
5000.00 1473.15 100.168236 39.612812 38.372585 22.182839 

Title: Gale2013MORB-6

Phase Volumes:
Pressure Temperature mass V liquid_0 clinopyroxene_0 feldspar_0 
5000.00 1573.15 100.155117 36.271464 36.271464 0.000000 0.000000 
5000.00 1568.15 100.155279 36.258889 36.258889 0.000000 0.000000 
5000.00 1563.15 100.155448 36.246318 36.246318 0.000000 0.000000 
5000.00 1558.15 100.155622 36.233751 36.233751 0.000000 0.000000 
5000.00 1553.15 100.155802 36.221188 36.221188 0.000000 0.000000 
5000.00 1548.15 100.155988 36.208629 36.208629 0.000000 0.000000 
5000.00 1543.15 100.156335 36.087305 35.391306 0.696000 0.000000 
5000.00 1538.15 100.156950 35.914282 34.191956 1.722326 0.000000 
5000.00 1533.15 100.157778 35.749095 33.051012 2.698083 0.000000 
5000.00 1528.15 100.158809 35.591086 31.963432 3.627654 0.000000 
5000.00 1523.15 100.160032 35.439684 30.924826 4.514858 0.000000 
5000.00 1518.15 100.161435 35.294389 29.931371 5.363018 0.000000 
5000.00 1513.15 100.162080 35.096931 27.573791 6.351195 1.171945 
5000.00 1508.15 100.162629 34.915248 25.376862 7.244598 2.293787 
5000.00 1503.15 100.163152 34.747890 23.341916 8.055156 3.350819 
5000.00 1498.15 100.163701 34.593000 21.452537 8.794483 4.345979 
5000.00 1493.15 100.164325 34.449228 19.698317 9.471391 5.279519 
5000.00 1488.15 100.165063 34.315526 18.071866 10.092953 6.150707 
5000.00 1483.15 100.165946 34.191014 16.566793 10.665191 6.959030 
5000.00 1478.15 100.166999 34.074900 15.176664 11.193434 7.704803 
5000.00 1473.15 100.168236 33.966443 13.894332 11.682509 8.389602 

Title: Gale2013MORB-6

Solid Composition:
Pressure Temperature mass SiO2 TiO2 Al2O3 Fe2O3 FeO MnO MgO CaO Na2O K2O P2O5 
5000.00 1573.15 0.000000 ---
5000.00 1568.15 0.000000 ---
5000.00 1563.15 0.000000 ---
5000.00 1558.15 0.000000 ---
5000.00 1553.15 0.000000 ---
5000.00 1548.15 0.000000 ---
5000.00 1543.15 2.240806 51.0548 0.405569 5.26887 1.37235 5.05502 0 16.3825 20.1802 0.280714 0 0
5000.00 1538.15 5.552519 50.8305 0.444688 5.50398 1.43072 5.18531 0 16.1794 20.1315 0.293881 0 0
5000.00 1533.15 8.709951 50.6054 0.485886 5.73814 1.48917 5.319 0 15.9791 20.0759 0.307353 0 0
5000.00 1528.15 11.726763 50.3799 0.529095 5.97085 1.54759 5.45612 0 15.7817 20.0136 0.321129 0 0
5000.00 1523.15 14.614828 50.1544 0.574218 6.2016 1.60587 5.59668 0 15.5871 19.9449 0.335204 0 0
5000.00 1518.15 17.384464 49.9293 0.621131 6.42991 1.66389 5.74067 0 15.3954 19.87 0.349577 0 0
5000.00 1513.15 23.737259 49.9964 0.58125 9.71573 1.47496 5.23829 0 13.3913 18.8177 0.779866 0.00446359 0
5000.00 1508.15 29.651565 50.0994 0.571212 11.5157 1.37753 5.02825 0 12.2603 18.0748 1.0649 0.00792733 0
5000.00 1503.15 35.127015 50.2111 0.575998 12.6312 1.32393 4.95231 0 11.5284 17.485 1.281 0.0110661 0
5000.00 1498.15 40.209269 50.3219 0.589619 13.3835 1.29472 4.9455 0 11.0056 16.9859 1.45905 0.0141771 0
5000.00 1493.15 44.927654 50.4267 0.609534 13.9182 1.28122 4.9775 0 10.6058 16.551 1.61257 0.0174055 0
5000.00 1488.15 49.303197 50.5224 0.634487 14.3112 1.27885 5.03199 0 10.2851 16.1668 1.74838 0.0208355 0
5000.00 1483.15 53.354025 50.6072 0.663749 14.6064 1.28493 5.09939 0 10.0184 15.8252 1.87032 0.0245223 0
5000.00 1478.15 57.098189 50.6801 0.696804 14.8314 1.2977 5.17376 0 9.79066 15.5203 1.98076 0.0285059 0
5000.00 1473.15 60.555424 50.741 0.733209 15.0047 1.31594 5.25133 0 9.59233 15.2473 2.08138 0.0328194 0
Title: Gale2013MORB-6

Bulk Composition:
Pressure Temperature mass SiO2 TiO2 Al2O3 Fe2O3 FeO MnO MgO CaO Na2O K2O P2O5 
5000.00 1573.15 100.155117 48.7758 1.58847 14.891 1.54584 9.27686 0.190862 7.93171 12.465 3.03257 0.137738 0.164102
5000.00 1568.15 100.155279 48.7757 1.58847 14.891 1.54746 9.27538 0.190861 7.9317 12.465 3.03256 0.137738 0.164102
5000.00 1563.15 100.155448 48.7756 1.58847 14.891 1.54913 9.27386 0.190861 7.93168 12.465 3.03256 0.137737 0.164102
5000.00 1558.15 100.155622 48.7755 1.58847 14.891 1.55087 9.27228 0.190861 7.93167 12.465 3.03255 0.137737 0.164102
5000.00 1553.15 100.155802 48.7755 1.58846 14.8909 1.55266 9.27065 0.19086 7.93166 12.4649 3.03254 0.137737 0.164101
5000.00 1548.15 100.155988 48.7754 1.58846 14.8909 1.55451 9.26896 0.19086 7.93164 12.4649 3.03254 0.137737 0.164101
5000.00 1543.15 100.156335 48.7752 1.58846 14.8909 1.55796 9.26582 0.190859 7.93161 12.4649 3.03253 0.137736 0.1641
5000.00 1538.15 100.156950 48.7749 1.58845 14.8908 1.56408 9.26025 0.190858 7.93157 12.4648 3.03251 0.137735 0.164099
5000.00 1533.15 100.157778 48.7745 1.58843 14.8906 1.57232 9.25274 0.190857 7.9315 12.4647 3.03248 0.137734 0.164098
5000.00 1528.15 100.158809 48.774 1.58842 14.8905 1.58258 9.24341 0.190855 7.93142 12.4646 3.03245 0.137733 0.164096
5000.00 1523.15 100.160032 48.7734 1.5884 14.8903 1.59474 9.23233 0.190852 7.93132 12.4644 3.03242 0.137731 0.164094
5000.00 1518.15 100.161435 48.7727 1.58837 14.8901 1.6087 9.21962 0.19085 7.93121 12.4642 3.03237 0.137729 0.164092
5000.00 1513.15 100.162080 48.7724 1.58836 14.89 1.61512 9.21378 0.190848 7.93116 12.4642 3.03235 0.137728 0.164091
5000.00 1508.15 100.162629 48.7721 1.58836 14.8899 1.62058 9.20881 0.190847 7.93112 12.4641 3.03234 0.137728 0.16409
5000.00 1503.15 100.163152 48.7719 1.58835 14.8898 1.62578 9.20407 0.190846 7.93107 12.464 3.03232 0.137727 0.164089
5000.00 1498.15 100.163701 48.7716 1.58834 14.8898 1.63125 9.19909 0.190845 7.93103 12.464 3.03231 0.137726 0.164088
5000.00 1493.15 100.164325 48.7713 1.58833 14.8897 1.63746 9.19344 0.190844 7.93098 12.4639 3.03229 0.137725 0.164087
5000.00 1488.15 100.165063 48.7709 1.58832 14.8896 1.6448 9.18675 0.190843 7.93092 12.4638 3.03226 0.137724 0.164086
5000.00 1483.15 100.165946 48.7705 1.5883 14.8894 1.65358 9.17875 0.190841 7.93085 12.4637 3.03224 0.137723 0.164085
5000.00 1478.15 100.166999 48.77 1.58829 14.8893 1.66405 9.16922 0.190839 7.93077 12.4636 3.03221 0.137722 0.164083
5000.00 1473.15 100.168236 48.7694 1.58827 14.8891 1.67636 9.15802 0.190837 7.93067 12.4634 3.03217 0.13772 0.164081
