Title: Gale2013MORB-6

Solid Composition:
Pressure Temperature mass SiO2 TiO2 Al2O3 Fe2O3 FeO MnO MgO CaO Na2O K2O P2O5 
5000.00 1573.15 0.000000 ---
5000.00 1568.15 0.000000 ---
5000.00 1563.15 0.000000 ---
5000.00 1558.15 0.000000 ---
5000.00 1553.15 0.000000 ---
5000.00 1548.15 0.000000 ---
5000.00 1543.15 2.240806 51.0548 0.405569 5.26887 1.37235 5.05502 0 16.3825 20.1802 0.280714 0 0
5000.00 1538.15 5.552519 50.8305 0.444688 5.50398 1.43072 5.18531 0 16.1794 20.1315 0.293881 0 0
5000.00 1533.15 8.709951 50.6054 0.485886 5.73814 1.48917 5.319 0 15.9791 20.0759 0.307353 0 0
5000.00 1528.15 11.726763 50.3799 0.529095 5.97085 1.54759 5.45612 0 15.7817 20.0136 0.321129 0 0
5000.00 1523.15 14.614828 50.1544 0.574218 6.2016 1.60587 5.59668 0 15.5871 19.9449 0.335204 0 0
5000.00 1518.15 17.384464 49.9293 0.621131 6.42991 1.66389 5.74067 0 15.3954 19.87 0.349577 0 0
5000.00 1513.15 23.737259 49.9964 0.58125 9.71573 1.47496 5.23829 0 13.3913 18.8177 0.779866 0.00446359 0
5000.00 1508.15 29.651565 50.0994 0.571212 11.5157 1.37753 5.02825 0 12.2603 18.0748 1.0649 0.00792733 0
5000.00 1503.15 35.127015 50.2111 0.575998 12.6312 1.32393 4.95231 0 11.5284 17.485 1.281 0.0110661 0
5000.00 1498.15 40.209269 50.3219 0.589619 13.3835 1.29472 4.9455 0 11.0056 16.9859 1.45905 0.0141771 0
5000.00 1493.15 44.927654 50.4267 0.609534 13.9182 1.28122 4.9775 0 10.6058 16.551 1.61257 0.0174055 0
5000.00 1488.15 49.303197 50.5224 0.634487 14.3112 1.27885 5.03199 0 10.2851 16.1668 1.74838 0.0208355 0
5000.00 1483.15 53.354025 50.6072 0.663749 14.6064 1.28493 5.09939 0 10.0184 15.8252 1.87032 0.0245223 0
5000.00 1478.15 57.098189 50.6801 0.696804 14.8314 1.2977 5.17376 0 9.79066 15.5203 1.98076 0.0285059 0
5000.00 1473.15 60.555424 50.741 0.733209 15.0047 1.31594 5.25133 0 9.59233 15.2473 2.08138 0.0328194 0