Title: Gale2013MORB-4

Liquid Composition:
Pressure Temperature mass SiO2 TiO2 Al2O3 Fe2O3 FeO MnO MgO CaO Na2O K2O P2O5 
5000.00 1573.15 100.138889 51.2442 1.48205 15.2742 1.38433 8.76141 0.170637 7.33063 11.2738 2.74649 0.14146 0.19078
5000.00 1568.15 100.139036 51.2441 1.48205 15.2742 1.38579 8.76008 0.170637 7.33062 11.2738 2.74648 0.14146 0.19078
5000.00 1563.15 100.139187 51.2441 1.48205 15.2742 1.3873 8.75871 0.170637 7.33061 11.2737 2.74648 0.14146 0.190779
5000.00 1558.15 100.139345 51.244 1.48205 15.2742 1.38886 8.75728 0.170636 7.33059 11.2737 2.74647 0.141459 0.190779
5000.00 1553.15 100.139507 51.2439 1.48204 15.2741 1.39048 8.75581 0.170636 7.33058 11.2737 2.74647 0.141459 0.190779
5000.00 1548.15 100.139675 51.2438 1.48204 15.2741 1.39215 8.75429 0.170636 7.33057 11.2737 2.74647 0.141459 0.190778
5000.00 1543.15 100.139848 51.2437 1.48204 15.2741 1.39387 8.75272 0.170636 7.33056 11.2737 2.74646 0.141459 0.190778
5000.00 1538.15 100.140028 51.2436 1.48204 15.2741 1.39566 8.7511 0.170635 7.33054 11.2737 2.74646 0.141458 0.190778
5000.00 1533.15 98.318165 51.2337 1.50461 15.4722 1.39808 8.78233 0.173797 7.12388 11.18 2.79292 0.14408 0.194313
5000.00 1528.15 95.517652 51.2302 1.53945 15.7799 1.39992 8.83273 0.178893 6.81328 11.0103 2.86708 0.148304 0.20001
5000.00 1523.15 92.819975 51.2403 1.57315 16.0803 1.40052 8.87803 0.184092 6.51677 10.8265 2.94195 0.152614 0.205823
5000.00 1518.15 90.225950 51.2638 1.60553 16.3729 1.39984 8.91566 0.189385 6.23225 10.6345 3.01738 0.157002 0.211741
5000.00 1513.15 84.704533 51.2919 1.69329 16.3792 1.42911 9.16231 0.20173 5.98199 10.3653 3.10328 0.166408 0.225543
5000.00 1508.15 76.955337 51.286 1.84337 16.1157 1.48724 9.59757 0.222043 5.74286 10.0882 3.18761 0.181142 0.248254
5000.00 1503.15 69.784464 51.2409 2.01004 15.8226 1.54732 10.034 0.24486 5.50172 9.87172 3.25607 0.197046 0.273764
5000.00 1498.15 63.235763 51.1573 2.19137 15.5058 1.60861 10.4687 0.270218 5.26579 9.70903 3.30705 0.213922 0.302115
5000.00 1493.15 57.349013 51.0378 2.38429 15.1847 1.66912 10.898 0.297955 5.04489 9.5789 3.33988 0.231451 0.333127
5000.00 1488.15 52.058345 50.882 2.58909 14.8681 1.72786 11.3202 0.328236 4.84231 9.47138 3.3544 0.249512 0.366982
5000.00 1483.15 47.265615 50.6888 2.80759 14.5558 1.78485 11.7352 0.361519 4.65667 9.38683 3.35051 0.268119 0.404194
5000.00 1478.15 42.894349 50.4565 3.04195 14.2471 1.84004 12.1426 0.398361 4.48685 9.32606 3.32787 0.287277 0.445385
5000.00 1473.15 38.882847 50.1826 3.29487 13.9411 1.89344 12.5419 0.439459 4.33196 9.29047 3.28581 0.306984 0.491335
5000.00 1468.15 35.183772 49.8637 3.56954 13.6369 1.94498 12.9322 0.485662 4.19135 9.28205 3.22338 0.327215 0.542992
5000.00 1463.15 31.760379 49.4956 3.86983 13.3332 1.9946 13.312 0.53801 4.06458 9.30346 3.1393 0.347909 0.60152
5000.00 1458.15 28.584273 49.0727 4.20056 13.0283 2.04221 13.6795 0.597791 3.95139 9.35817 3.032 0.368963 0.668357
5000.00 1453.15 25.634351 48.5879 4.56777 12.7203 2.08775 14.0324 0.666583 3.85166 9.45057 2.89961 0.390204 0.745269
5000.00 1448.15 22.896230 48.0324 4.97899 12.4064 2.13114 14.3676 0.746298 3.76534 9.58591 2.7402 0.41136 0.834395
5000.00 1443.15 20.330984 47.4175 5.44843 12.091 2.17151 14.6888 0.840462 3.68926 9.74857 2.55378 0.432442 0.918239
5000.00 1438.15 17.897570 46.7819 5.99615 11.7885 2.20629 15.0014 0.954734 3.61675 9.89931 2.34341 0.45374 0.957798
5000.00 1433.15 15.698843 46.0681 6.61689 11.4799 2.23666 15.2713 1.08845 3.55409 10.096 2.10817 0.473449 1.0071
5000.00 1428.15 13.746923 45.2886 7.31184 11.1693 2.26149 15.4805 1.243 3.49749 10.3331 1.85696 0.490926 1.06672
5000.00 1423.15 12.052458 44.4775 8.06873 10.8671 2.27904 15.6057 1.41775 3.4412 10.5964 1.60475 0.505926 1.13584
5000.00 1418.15 10.614114 43.6877 8.85959 10.5886 2.28721 15.624 1.60988 3.37906 10.864 1.36894 0.518895 1.21203
5000.00 1413.15 9.411820 42.9721 9.64893 10.3476 2.28445 15.5236 1.81553 3.30703 11.1153 1.1625 0.530816 1.29208
5000.00 1408.15 8.411298 42.3648 10.4061 10.1511 2.27035 15.3083 2.03148 3.2245 11.3373 0.990022 0.542686 1.37328
5000.00 1403.15 7.574955 41.8782 11.111 9.9988 2.2455 14.9931 2.25578 3.13329 11.5256 0.849581 0.555159 1.45399
5000.00 1398.15 6.360009 42.7549 10.9652 10.2345 2.13104 14.0288 2.61254 2.95265 11.4108 0.83197 0.602523 1.47505
5000.00 1393.15 5.197694 44.4989 10.2608 10.6844 1.9624 12.7254 3.03682 2.73516 11.0788 0.890198 0.672416 1.45473
5000.00 1388.15 4.341678 46.1152 9.60908 11.0601 1.80637 11.5606 3.43509 2.54562 10.7513 0.940611 0.737456 1.43848
5000.00 1383.15 3.686342 47.5087 9.06045 11.346 1.66959 10.5661 3.80632 2.38505 10.4606 0.972225 0.79435 1.43075
5000.00 1378.15 3.164894 48.7013 8.60206 11.5591 1.55042 9.71816 4.15342 2.24824 10.2069 0.986677 0.84343 1.43037
5000.00 1373.15 2.736665 49.7411 8.20928 11.7192 1.44544 8.98508 4.47883 2.12947 9.98169 0.988724 0.88607 1.43509
5000.00 1368.15 2.374691 50.6864 7.85867 11.8452 1.35106 8.33985 4.78482 2.02343 9.76755 0.983461 0.923935 1.43563
5000.00 1363.15 2.064124 51.5498 7.54136 11.9426 1.26583 7.76568 5.07106 1.92794 9.56778 0.972691 0.957713 1.43755
5000.00 1358.15 1.793535 52.3529 7.24837 12.018 1.18811 7.24881 5.33765 1.84076 9.37852 0.958407 0.988238 1.44014
5000.00 1353.15 1.554788 53.1122 6.97355 12.0763 1.11667 6.77902 5.58433 1.76024 9.19682 0.941994 1.01619 1.44271
5000.00 1348.15 1.341939 53.8402 6.71264 12.1206 1.05055 6.34854 5.81051 1.68513 9.02053 0.924408 1.04213 1.44475
5000.00 1343.15 1.082351 56.2646 6.1006 12.2301 0.924822 5.5383 5.3565 1.52949 8.58726 0.99 1.13625 1.34211
5000.00 1338.15 0.892756 57.7251 5.73616 12.2526 0.84446 5.02796 5.18326 1.43003 8.30983 1.00276 1.19189 1.29593
5000.00 1333.15 0.731330 59.0014 5.42886 12.2483 0.776394 4.60018 5.03267 1.34469 8.06396 1.00479 1.23996 1.25875
5000.00 1328.15 0.591544 60.1447 5.16117 12.2267 0.717428 4.23282 4.89726 1.26978 7.8404 0.999774 1.2824 1.22761
5000.00 1323.15 0.468966 61.186 4.92279 12.1931 0.665545 3.91197 4.77274 1.20297 7.63368 0.989904 1.32041 1.20083
5000.00 1318.15 0.360409 62.1459 4.70715 12.1512 0.619372 3.62819 4.65647 1.14267 7.44031 0.9766 1.35481 1.17737
5000.00 1313.15 0.263491 63.0386 4.50976 12.1031 0.577919 3.37477 4.5467 1.08777 7.25789 0.960823 1.3862 1.15653
5000.00 1308.15 0.176375 63.8744 4.32747 12.0505 0.540444 3.14668 4.44224 1.03742 7.08471 0.943247 1.415 1.13783
5000.00 1303.15 0.097609 64.6614 4.15791 11.9946 0.506371 2.94008 4.34224 0.990977 6.91954 0.924354 1.44157 1.12093
5000.00 1298.15 0.026028 65.4055 3.99931 11.9364 0.475242 2.75194 4.24605 0.947923 6.76141 0.904503 1.46617 1.10558
5000.00 1293.15 0.000000 ---
5000.00 1288.15 0.000000 ---
5000.00 1283.15 0.000000 ---
5000.00 1278.15 0.000000 ---
5000.00 1273.15 0.000000 ---
5000.00 1268.15 0.000000 ---
5000.00 1263.15 0.000000 ---
5000.00 1258.15 0.000000 ---
5000.00 1253.15 0.000000 ---
5000.00 1248.15 0.000000 ---
5000.00 1243.15 0.000000 ---
5000.00 1238.15 0.000000 ---
5000.00 1233.15 0.000000 ---
5000.00 1228.15 0.000000 ---
5000.00 1223.15 0.000000 ---
5000.00 1218.15 0.000000 ---
5000.00 1213.15 0.000000 ---
5000.00 1208.15 0.000000 ---
5000.00 1203.15 0.000000 ---
5000.00 1198.15 0.000000 ---
5000.00 1193.15 0.000000 ---
5000.00 1188.15 0.000000 ---
5000.00 1183.15 0.000000 ---
5000.00 1178.15 0.000000 ---
5000.00 1173.15 0.000000 ---
5000.00 1168.15 0.000000 ---
5000.00 1163.15 0.000000 ---
5000.00 1158.15 0.000000 ---
5000.00 1153.15 0.441816 1.84821 0.270005 0.00779381 0.0134635 0.00817701 2.21609 1.11726 51.272 7.345e-006 0.00614751 43.2408
5000.00 1148.15 0.441272 1.81199 0.258021 0.00754658 0.013127 0.00788604 2.1648 1.10239 51.3341 7.01715e-006 0.00600325 43.2942
5000.00 1143.15 0.440796 1.78115 0.245442 0.0073192 0.012752 0.00758001 2.1193 1.09119 51.3885 6.55456e-006 0.00586076 43.3409
5000.00 1138.15 0.440376 1.75482 0.232429 0.00710977 0.0123506 0.00726575 2.0787 1.08301 51.4364 5.99813e-006 0.00572175 43.3822
5000.00 1133.15 0.439970 1.72918 0.220091 0.00690858 0.0119689 0.00696823 2.03903 1.07505 51.4829 5.4868e-006 0.00558681 43.4223
5000.00 1128.15 0.439576 1.70423 0.20839 0.00671512 0.0116058 0.00668639 2.00026 1.06731 51.5282 5.01701e-006 0.00545574 43.4612
5000.00 1123.15 0.439194 1.67993 0.197292 0.00652894 0.0112604 0.00641924 1.96236 1.05979 51.5721 4.58548e-006 0.00532836 43.499
5000.00 1118.15 0.438824 1.65626 0.186765 0.00634963 0.0109316 0.00616588 1.92528 1.05249 51.6148 4.18919e-006 0.00520451 43.5357
5000.00 1113.15 0.438464 1.63321 0.176778 0.0061768 0.0106186 0.00592546 1.88901 1.0454 51.6564 3.82536e-006 0.00508402 43.5714
5000.00 1108.15 0.438115 1.61075 0.167302 0.00601009 0.0103205 0.00569722 1.85351 1.03852 51.6968 3.49144e-006 0.00496675 43.6061
5000.00 1103.15 0.437776 1.58886 0.15831 0.00584916 0.0100365 0.00548044 1.81876 1.03185 51.7361 3.18505e-006 0.00485256 43.6399
5000.00 1098.15 0.437447 1.56753 0.149779 0.00569372 0.00976603 0.00527444 1.78473 1.02539 51.7744 2.90403e-006 0.00474133 43.6727
5000.00 1093.15 0.437127 1.54674 0.141683 0.00554348 0.0095083 0.00507862 1.7514 1.01913 51.8116 2.64637e-006 0.00463292 43.7046
5000.00 1088.15 0.436817 1.52647 0.134 0.00539817 0.00926271 0.00489239 1.71875 1.01308 51.8479 2.41022e-006 0.00452723 43.7357
5000.00 1083.15 0.436515 1.50672 0.12671 0.00525755 0.00902871 0.00471521 1.68675 1.00723 51.8832 2.19387e-006 0.00442416 43.766
5000.00 1078.15 0.436221 1.48747 0.119793 0.00512138 0.00880574 0.0045466 1.65539 1.00158 51.9176 1.99575e-006 0.0043236 43.7954
5000.00 1073.15 0.435936 1.4687 0.113229 0.00498946 0.0085933 0.00438608 1.62464 0.996134 51.951 1.81441e-006 0.00422546 43.8241
5000.00 1068.15 0.435659 1.45041 0.107002 0.00486159 0.00839093 0.00423321 1.59449 0.990887 51.9836 1.64851e-006 0.00412964 43.852
5000.00 1063.15 0.435389 1.43258 0.101093 0.00473757 0.00819818 0.0040876 1.56492 0.98584 52.0154 1.49679e-006 0.00403608 43.8791
5000.00 1058.15 0.435127 1.4152 0.0954881 0.00461723 0.00801464 0.00394886 1.53592 0.980992 52.0463 1.35813e-006 0.00394468 43.9056
5000.00 1053.15 0.434872 1.39827 0.0901714 0.00450041 0.00783993 0.00381663 1.50746 0.976344 52.0764 1.23147e-006 0.00385537 43.9313
5000.00 1048.15 0.434624 1.38177 0.0851287 0.00438696 0.0076737 0.00369057 1.47954 0.971895 52.1057 1.11583e-006 0.00376809 43.9564
5000.00 1043.15 0.434382 1.36569 0.0803466 0.00427672 0.00751562 0.00357039 1.45213 0.967645 52.1343 1.01031e-006 0.00368276 43.9808
5000.00 1038.15 0.434148 1.35003 0.0758122 0.00416957 0.00736536 0.00345578 1.42523 0.963595 52.1621 9.1408e-007 0.00359933 44.0046
5000.00 1033.15 0.433919 1.33479 0.0715134 0.00406538 0.00722265 0.00334646 1.39882 0.959745 52.1892 8.26382e-007 0.00351772 44.0277
5000.00 1028.15 0.433698 1.31994 0.0674385 0.00396402 0.00708721 0.00324218 1.3729 0.956096 52.2156 7.46505e-007 0.0034379 44.0503
5000.00 1023.15 0.433482 1.30549 0.0635767 0.00386539 0.00695879 0.00314269 1.34743 0.95265 52.2413 6.73799e-007 0.00335979 44.0722