Title: Gale2013MORB-4

Phase Masses:
Pressure Temperature mass liquid_0 olivine_0 clinopyroxene_0 clinopyroxene_1 clinopyroxene_2 feldspar_0 quartz rhm-oxide_0 whitlockite 
5000.00 1573.15 100.138889 100.138889 0.000000 0.000000 0.000000 0.000000 0.000000 0.000000 0.000000 0.000000 
5000.00 1568.15 100.139036 100.139036 0.000000 0.000000 0.000000 0.000000 0.000000 0.000000 0.000000 0.000000 
5000.00 1563.15 100.139187 100.139187 0.000000 0.000000 0.000000 0.000000 0.000000 0.000000 0.000000 0.000000 
5000.00 1558.15 100.139345 100.139345 0.000000 0.000000 0.000000 0.000000 0.000000 0.000000 0.000000 0.000000 
5000.00 1553.15 100.139507 100.139507 0.000000 0.000000 0.000000 0.000000 0.000000 0.000000 0.000000 0.000000 
5000.00 1548.15 100.139675 100.139675 0.000000 0.000000 0.000000 0.000000 0.000000 0.000000 0.000000 0.000000 
5000.00 1543.15 100.139848 100.139848 0.000000 0.000000 0.000000 0.000000 0.000000 0.000000 0.000000 0.000000 
5000.00 1538.15 100.140028 100.140028 0.000000 0.000000 0.000000 0.000000 0.000000 0.000000 0.000000 0.000000 
5000.00 1533.15 100.139797 98.318165 0.000000 1.821633 0.000000 0.000000 0.000000 0.000000 0.000000 0.000000 
5000.00 1528.15 100.139529 95.517652 0.000000 4.621877 0.000000 0.000000 0.000000 0.000000 0.000000 0.000000 
5000.00 1523.15 100.139463 92.819975 0.000000 7.319489 0.000000 0.000000 0.000000 0.000000 0.000000 0.000000 
5000.00 1518.15 100.139576 90.225950 0.000000 9.913627 0.000000 0.000000 0.000000 0.000000 0.000000 0.000000 
5000.00 1513.15 100.138954 84.704533 0.000000 13.126701 0.000000 0.000000 2.307720 0.000000 0.000000 0.000000 
5000.00 1508.15 100.137377 76.955337 0.000000 16.670202 0.000000 0.000000 6.511837 0.000000 0.000000 0.000000 
5000.00 1503.15 100.135668 69.784464 0.000000 19.854740 0.000000 0.000000 10.496463 0.000000 0.000000 0.000000 
5000.00 1498.15 100.133992 63.235763 0.000000 21.206340 1.491765 0.000000 14.200124 0.000000 0.000000 0.000000 
5000.00 1493.15 100.132445 57.349013 0.000000 21.384004 3.854377 0.000000 17.545051 0.000000 0.000000 0.000000 
5000.00 1488.15 100.131013 52.058345 0.000000 21.558321 5.970232 0.000000 20.544115 0.000000 0.000000 0.000000 
5000.00 1483.15 100.129684 47.265615 0.000000 21.743894 7.871547 0.000000 23.248629 0.000000 0.000000 0.000000 
5000.00 1478.15 100.128445 42.894349 0.000000 21.946284 9.588774 0.000000 25.699038 0.000000 0.000000 0.000000 
5000.00 1473.15 100.127283 38.882847 0.000000 22.165210 11.150438 0.000000 27.928789 0.000000 0.000000 0.000000 
5000.00 1468.15 100.126184 35.183772 0.000000 22.397426 12.581107 0.000000 29.963878 0.000000 0.000000 0.000000 
5000.00 1463.15 100.125130 31.760379 0.000000 22.637936 13.901745 0.000000 31.825070 0.000000 0.000000 0.000000 
5000.00 1458.15 100.124100 28.584273 0.000000 22.880742 15.129860 0.000000 33.529224 0.000000 0.000000 0.000000 
5000.00 1453.15 100.123066 25.634351 0.000000 23.119299 16.279504 0.000000 35.089913 0.000000 0.000000 0.000000 
5000.00 1448.15 100.121995 22.896230 0.000000 23.346736 17.361270 0.000000 36.517758 0.000000 0.000000 0.000000 
5000.00 1443.15 100.120809 20.330984 0.000000 23.561370 18.393694 0.000000 37.825237 0.000000 0.000000 0.009523 
5000.00 1438.15 100.119421 17.897570 0.000000 23.764297 19.397877 0.000000 39.016796 0.000000 0.000000 0.042880 
5000.00 1433.15 100.117888 15.698843 0.000000 23.934252 20.339214 0.000000 40.073593 0.000000 0.000000 0.071985 
5000.00 1428.15 100.116192 13.746923 0.000000 24.068840 21.212892 0.000000 40.990503 0.000000 0.000000 0.097034 
5000.00 1423.15 100.114355 12.052458 0.000000 24.170411 22.012357 0.000000 41.760801 0.000000 0.000000 0.118328 
5000.00 1418.15 100.112436 10.614114 0.000000 24.245872 22.732845 0.000000 42.383248 0.000000 0.000000 0.136357 
5000.00 1413.15 100.110500 9.411820 0.000000 24.303532 23.374587 0.000000 42.868824 0.000000 0.000000 0.151737 
5000.00 1408.15 100.108586 8.411298 0.000000 24.349695 23.943047 0.000000 43.239485 0.000000 0.000000 0.165060 
5000.00 1403.15 100.106701 7.574955 0.000000 24.387861 24.446552 0.000000 43.520534 0.000000 0.000000 0.176799 
5000.00 1398.15 100.104975 6.360009 0.000000 24.803987 24.576497 0.000000 43.866553 0.000000 0.285454 0.212475 
5000.00 1393.15 100.103197 5.197694 0.000000 25.296696 24.489817 0.000000 44.216348 0.000000 0.650395 0.252248 
5000.00 1388.15 100.101226 4.341678 0.000000 25.624261 24.413427 0.000000 44.521399 0.000000 0.919459 0.281002 
5000.00 1383.15 100.099103 3.686342 0.000000 25.834469 24.351915 0.000000 44.801528 0.000000 1.122624 0.302225 
5000.00 1378.15 100.096905 3.164894 0.000000 25.967184 24.302858 0.000000 45.061336 0.000000 1.282079 0.318554 
5000.00 1373.15 100.094693 2.736665 0.000000 26.048689 24.263561 0.000000 45.302308 0.000000 1.411813 0.331657 
5000.00 1368.15 100.092497 2.374691 0.000000 26.095767 24.231670 0.000000 45.526429 0.000000 1.520960 0.342980 
5000.00 1363.15 100.090340 2.064124 0.000000 26.117739 24.206542 0.000000 45.735031 0.000000 1.614266 0.352637 
5000.00 1358.15 100.088229 1.793535 0.000000 26.121269 24.187268 0.000000 45.929781 0.000000 1.695340 0.361035 
5000.00 1353.15 100.086168 1.554788 0.000000 26.110859 24.173138 0.000000 46.112243 0.000000 1.766678 0.368462 
5000.00 1348.15 100.084157 1.341939 0.000000 26.089645 24.163572 0.000000 46.283823 0.000000 1.830066 0.375112 
5000.00 1343.15 100.080964 1.082351 0.084713 26.030297 24.065120 0.000000 46.528975 0.000000 1.903773 0.385735 
5000.00 1338.15 100.078442 0.892756 0.119532 25.969148 24.029287 0.000000 46.719514 0.000000 1.956008 0.392197 
5000.00 1333.15 100.076091 0.731330 0.144455 25.903496 24.008327 0.000000 46.891612 0.000000 1.999508 0.397362 
5000.00 1328.15 100.073885 0.591544 0.162533 25.835881 23.997588 0.000000 47.048184 0.000000 2.036545 0.401610 
5000.00 1323.15 100.071806 0.468966 0.175665 25.767754 23.994160 0.000000 47.191506 0.000000 2.068582 0.405173 
5000.00 1318.15 100.069838 0.360409 0.185118 25.699992 23.996096 0.000000 47.323389 0.000000 2.096627 0.408206 
5000.00 1313.15 100.067970 0.263491 0.191775 25.633139 24.002030 0.000000 47.445303 0.000000 2.121412 0.410820 
5000.00 1308.15 100.066190 0.176375 0.196271 25.567539 24.010972 0.000000 47.558453 0.000000 2.143486 0.413093 
5000.00 1303.15 100.064491 0.097609 0.199082 25.503400 24.022184 0.000000 47.663852 0.000000 2.163276 0.415088 
5000.00 1298.15 100.062866 0.026028 0.200564 25.440847 24.035109 0.000000 47.762352 0.000000 2.181116 0.416850 
5000.00 1293.15 100.061902 0.000000 0.204300 25.417172 24.045899 0.000000 47.791895 0.000000 2.185156 0.417479 
5000.00 1288.15 100.061325 0.000000 0.209930 25.417486 24.054765 0.000000 47.780500 0.000000 2.181166 0.417479 
5000.00 1283.15 100.060748 0.000000 0.215537 25.417913 24.063667 0.000000 47.769043 0.000000 2.177111 0.417479 
5000.00 1278.15 100.060170 0.000000 0.221120 25.418447 24.072614 0.000000 47.757523 0.000000 2.172988 0.417479 
5000.00 1273.15 100.059592 0.000000 0.226678 25.419082 24.081616 0.000000 47.745941 0.000000 2.168796 0.417479 
5000.00 1268.15 100.059012 0.000000 0.232211 25.419812 24.090682 0.000000 47.734295 0.000000 2.164534 0.417479 
5000.00 1263.15 100.058433 0.000000 0.237717 25.420633 24.099820 0.000000 47.722585 0.000000 2.160199 0.417479 
5000.00 1258.15 100.057852 0.000000 0.243196 25.421540 24.109037 0.000000 47.710811 0.000000 2.155789 0.417479 
5000.00 1253.15 100.057271 0.000000 0.248647 25.422529 24.118343 0.000000 47.698971 0.000000 2.151303 0.417479 
5000.00 1248.15 100.056690 0.000000 0.254068 25.423594 24.127745 0.000000 47.687066 0.000000 2.146738 0.417479 
5000.00 1243.15 100.056108 0.000000 0.259459 25.424733 24.137250 0.000000 47.675095 0.000000 2.142093 0.417479 
5000.00 1238.15 100.055525 0.000000 0.264819 25.425941 24.146865 0.000000 47.663057 0.000000 2.137364 0.417479 
5000.00 1233.15 100.054942 0.000000 0.270147 25.427216 24.156599 0.000000 47.650951 0.000000 2.132550 0.417479 
5000.00 1228.15 100.054359 0.000000 0.275441 25.428554 24.166458 0.000000 47.638778 0.000000 2.127649 0.417479 
5000.00 1223.15 100.053775 0.000000 0.280701 25.429952 24.176450 0.000000 47.626536 0.000000 2.122657 0.417479 
5000.00 1218.15 100.053191 0.000000 0.285926 25.431407 24.186581 0.000000 47.614226 0.000000 2.117572 0.417479 
5000.00 1213.15 100.052607 0.000000 0.291115 25.432916 24.196860 0.000000 47.601846 0.000000 2.112392 0.417479 
5000.00 1208.15 100.052022 0.000000 0.296266 25.434477 24.207292 0.000000 47.589395 0.000000 2.107113 0.417479 
5000.00 1203.15 100.051437 0.000000 0.301379 25.436087 24.217885 0.000000 47.576874 0.000000 2.101732 0.417479 
5000.00 1198.15 100.050852 0.000000 0.306453 25.437744 24.228647 0.000000 47.564281 0.000000 2.096247 0.417479 
5000.00 1193.15 100.050266 0.000000 0.311487 25.439446 24.239584 0.000000 47.551617 0.000000 2.090654 0.417479 
5000.00 1188.15 100.049681 0.000000 0.316479 25.441190 24.250705 0.000000 47.538880 0.000000 2.084949 0.417479 
5000.00 1183.15 100.049095 0.000000 0.321428 25.442974 24.262016 0.000000 47.526070 0.000000 2.079129 0.417479 
5000.00 1178.15 100.048509 0.000000 0.326334 25.444797 24.273525 0.000000 47.513185 0.000000 2.073189 0.417479 
5000.00 1173.15 100.047570 0.000000 0.331528 25.315566 24.318543 0.131394 47.487992 0.000000 2.045069 0.417479 
5000.00 1168.15 100.046126 0.000000 0.337097 24.998898 24.411295 0.451522 47.445093 0.000000 1.984743 0.417479 
5000.00 1163.15 100.044708 0.000000 0.342519 24.691992 24.501606 0.763029 47.402868 0.000000 1.925216 0.417479 
5000.00 1158.15 100.043061 0.000000 0.447510 23.150421 24.975577 2.684105 46.723528 0.168399 1.476042 0.417479 
5000.00 1153.15 100.041379 0.441816 0.547084 21.134190 25.632373 5.238817 45.781805 0.398424 0.866869 0.000000 
5000.00 1148.15 100.039618 0.441272 0.685698 19.193615 26.236147 7.714551 44.866726 0.627722 0.273887 0.000000 
5000.00 1143.15 100.038433 0.440796 0.749718 18.320125 26.501401 8.855206 44.439423 0.731765 0.000000 0.000000 
5000.00 1138.15 100.037772 0.440376 0.751323 18.345265 26.479390 8.862691 44.429355 0.729371 0.000000 0.000000 
5000.00 1133.15 100.037117 0.439970 0.752901 18.370207 26.457944 8.869845 44.419215 0.727036 0.000000 0.000000 
5000.00 1128.15 100.036469 0.439576 0.754450 18.394952 26.437053 8.876678 44.408997 0.724762 0.000000 0.000000 
5000.00 1123.15 100.035828 0.439194 0.755974 18.419503 26.416707 8.883203 44.398698 0.722549 0.000000 0.000000 
5000.00 1118.15 100.035194 0.438824 0.757470 18.443863 26.396897 8.889429 44.388312 0.720399 0.000000 0.000000 
5000.00 1113.15 100.034568 0.438464 0.758942 18.468034 26.377614 8.895367 44.377834 0.718314 0.000000 0.000000 
5000.00 1108.15 100.033948 0.438115 0.760388 18.492022 26.358847 8.901025 44.367258 0.716293 0.000000 0.000000 
5000.00 1103.15 100.033335 0.437776 0.761809 18.515829 26.340588 8.906414 44.356579 0.714340 0.000000 0.000000 
5000.00 1098.15 100.032729 0.437447 0.763207 18.539460 26.322828 8.911541 44.345791 0.712455 0.000000 0.000000 
5000.00 1093.15 100.032129 0.437127 0.764580 18.562921 26.305558 8.916415 44.334889 0.710639 0.000000 0.000000 
5000.00 1088.15 100.031537 0.436817 0.765930 18.586215 26.288770 8.921043 44.323868 0.708894 0.000000 0.000000 
5000.00 1083.15 100.030952 0.436515 0.767258 18.609349 26.272455 8.925434 44.312721 0.707220 0.000000 0.000000 
5000.00 1078.15 100.030373 0.436221 0.768562 18.632327 26.256605 8.929595 44.301443 0.705620 0.000000 0.000000 
5000.00 1073.15 100.029801 0.435936 0.769845 18.655156 26.241211 8.933532 44.290027 0.704094 0.000000 0.000000 
5000.00 1068.15 100.029236 0.435659 0.771105 18.677841 26.226267 8.937252 44.278469 0.702643 0.000000 0.000000 
5000.00 1063.15 100.028678 0.435389 0.772343 18.700388 26.211764 8.940763 44.266762 0.701269 0.000000 0.000000 
5000.00 1058.15 100.028126 0.435127 0.773561 18.722803 26.197694 8.944069 44.254899 0.699974 0.000000 0.000000 
5000.00 1053.15 100.027582 0.434872 0.774757 18.745092 26.184050 8.947177 44.242876 0.698757 0.000000 0.000000 
5000.00 1048.15 100.027043 0.434624 0.775932 18.767262 26.170826 8.950093 44.230686 0.697621 0.000000 0.000000 
5000.00 1043.15 100.026512 0.434382 0.777086 18.789317 26.158013 8.952823 44.218324 0.696567 0.000000 0.000000 
5000.00 1038.15 100.025987 0.434148 0.778221 18.811264 26.145605 8.955371 44.205784 0.695595 0.000000 0.000000 
5000.00 1033.15 100.025469 0.433919 0.779335 18.833109 26.133594 8.957744 44.193061 0.694706 0.000000 0.000000 
5000.00 1028.15 100.024957 0.433698 0.780429 18.854857 26.121976 8.959946 44.180150 0.693902 0.000000 0.000000 
5000.00 1023.15 100.024452 0.433482 0.781504 18.876512 26.110742 8.961983 44.167046 0.693184 0.000000 0.000000 
