Title: Gale2013MORB-4

Solid Composition:
Pressure Temperature mass SiO2 TiO2 Al2O3 Fe2O3 FeO MnO MgO CaO Na2O K2O P2O5 
5000.00 1573.15 0.000000 ---
5000.00 1568.15 0.000000 ---
5000.00 1563.15 0.000000 ---
5000.00 1558.15 0.000000 ---
5000.00 1553.15 0.000000 ---
5000.00 1548.15 0.000000 ---
5000.00 1543.15 0.000000 ---
5000.00 1538.15 0.000000 ---
5000.00 1533.15 1.821633 51.784 0.264029 4.5809 1.13867 7.1804 0 18.4855 16.3275 0.238956 0 0
5000.00 1528.15 4.621877 51.5275 0.29574 4.82284 1.20003 7.16188 0 18.0213 16.7168 0.253854 0 0
5000.00 1523.15 7.319489 51.2903 0.326744 5.05159 1.25715 7.21138 0 17.6507 16.9446 0.267545 0 0
5000.00 1518.15 9.913627 51.0622 0.358122 5.27372 1.31219 7.29469 0 17.3267 17.0915 0.280824 0 0
5000.00 1513.15 15.434420 50.9824 0.322794 9.21003 1.14273 6.55744 0 14.732 16.2598 0.788377 0.00454215 0
5000.00 1508.15 23.182039 51.1089 0.282723 12.4819 0.97765 6.04483 0 12.6019 15.2101 1.2823 0.00974111 0
5000.00 1503.15 30.351203 51.2572 0.268255 14.0152 0.903763 5.9317 0 11.5365 14.4986 1.57513 0.0136713 0
5000.00 1498.15 36.898229 51.3999 0.266633 14.8793 0.867666 5.95583 0 10.8703 13.9569 1.78616 0.017294 0
5000.00 1493.15 42.783432 51.5287 0.27288 15.3966 0.852451 6.03407 0 10.3956 13.5474 1.95149 0.0208536 0
5000.00 1488.15 48.072669 51.6449 0.28348 15.7165 0.849012 6.13909 0 10.0265 13.2275 2.08862 0.0244734 0
5000.00 1483.15 52.864069 51.7497 0.297151 15.9193 0.852665 6.26048 0 9.72268 12.9629 2.20691 0.0282398 0
5000.00 1478.15 57.234096 51.8439 0.313249 16.0468 0.860908 6.39284 0 9.46325 12.7356 2.31127 0.0322031 0
5000.00 1473.15 61.244436 51.9279 0.331411 16.1235 0.87222 6.53308 0 9.23581 12.5351 2.4046 0.036399 0
5000.00 1468.15 64.942412 52.0021 0.351409 16.1643 0.88558 6.67922 0 9.03282 12.355 2.48866 0.0408516 0
5000.00 1463.15 68.364751 52.0669 0.373058 16.1791 0.900205 6.82985 0 8.84942 12.1914 2.56455 0.0455779 0
5000.00 1458.15 71.539827 52.1224 0.396161 16.1748 0.915411 6.98383 0 8.68234 12.0415 2.63298 0.0505887 0
5000.00 1453.15 74.488715 52.1692 0.420458 16.1564 0.93053 7.14011 0 8.52943 11.9036 2.69437 0.055888 0
5000.00 1448.15 77.225765 52.2077 0.445589 16.1279 0.944854 7.29766 0 8.38928 11.7767 2.74895 0.0614699 0
5000.00 1443.15 79.789825 52.2309 0.47173 16.0888 0.957892 7.45658 0 8.26013 11.665 2.79621 0.0673481 0.00546176
5000.00 1438.15 82.221850 52.2277 0.499802 16.0366 0.969401 7.61784 0 8.14078 11.5756 2.83488 0.0735183 0.0238652
5000.00 1433.15 84.419045 52.2195 0.527531 15.9837 0.977863 7.77641 0 8.03475 11.4956 2.86587 0.0797576 0.0390215
5000.00 1428.15 86.369269 52.2056 0.554548 15.9316 0.98278 7.93028 0 7.94265 11.4265 2.88879 0.0858747 0.051412
5000.00 1423.15 88.061896 52.1846 0.580991 15.8817 0.984181 8.07733 0 7.86499 11.3696 2.90351 0.0916174 0.0614892
5000.00 1418.15 89.498322 52.1555 0.607547 15.8344 0.982643 8.21558 0 7.80143 11.3257 2.91067 0.0967397 0.0697208
5000.00 1413.15 90.698680 52.1186 0.635039 15.7903 0.978941 8.34355 0 7.75045 11.2938 2.91172 0.101101 0.0765581
5000.00 1408.15 91.697287 52.0756 0.663945 15.7492 0.973661 8.46056 0 7.7097 11.2717 2.90851 0.104703 0.0823732
5000.00 1403.15 92.531746 52.0288 0.694308 15.7114 0.967103 8.56673 0 7.67679 11.2571 2.90273 0.107643 0.0874357
5000.00 1398.15 93.744966 51.8387 0.839214 15.6217 0.97308 8.73213 0.00503139 7.6303 11.2686 2.87737 0.110231 0.10372
5000.00 1393.15 94.905504 51.6329 1.00182 15.5314 0.977821 8.88537 0.0137291 7.58507 11.2887 2.84918 0.112434 0.121629
5000.00 1388.15 95.759548 51.4969 1.11416 15.4713 0.97317 8.99117 0.0226962 7.55046 11.3019 2.82944 0.114494 0.134285
5000.00 1383.15 96.412761 51.4082 1.1929 15.4307 0.962101 9.06665 0.0316971 7.52275 11.3095 2.81546 0.116555 0.143449
5000.00 1378.15 96.932011 51.3494 1.25022 15.4022 0.94719 9.12296 0.0406706 7.49975 11.3135 2.80514 0.118602 0.150389
5000.00 1373.15 97.358028 51.3097 1.29363 15.3811 0.930133 9.16681 0.0496144 7.48016 11.3152 2.79714 0.120594 0.15589
5000.00 1368.15 97.717806 51.2821 1.3278 15.3648 0.911932 9.2022 0.0585865 7.46308 11.3157 2.79063 0.122512 0.160619
5000.00 1363.15 98.026215 51.2631 1.3552 15.352 0.89317 9.23152 0.0675341 7.44802 11.3153 2.7852 0.124342 0.164621
5000.00 1358.15 98.294693 51.2504 1.3776 15.3415 0.874199 9.2564 0.076445 7.43458 11.3142 2.78053 0.126082 0.168082
5000.00 1353.15 98.531380 51.2421 1.39619 15.3329 0.855229 9.27793 0.0853024 7.42245 11.3126 2.77643 0.127733 0.171127
5000.00 1348.15 98.742218 51.2373 1.41179 15.3256 0.836383 9.29687 0.0940841 7.41142 11.3107 2.77277 0.129298 0.173844
5000.00 1343.15 98.998614 51.2193 1.43243 15.3165 0.806155 9.32727 0.11404 7.39834 11.3097 2.7673 0.130667 0.178304
5000.00 1338.15 99.185687 51.2171 1.44467 15.3107 0.781747 9.34769 0.125623 7.38821 11.3073 2.76386 0.132092 0.180949
5000.00 1333.15 99.344761 51.2195 1.45394 15.3062 0.758745 9.3653 0.134953 7.37933 11.3045 2.76104 0.133463 0.183039
5000.00 1328.15 99.482341 51.2248 1.46114 15.3023 0.737007 9.38091 0.142643 7.37146 11.3016 2.75867 0.134768 0.184739
5000.00 1323.15 99.602840 51.2319 1.46685 15.299 0.716407 9.39503 0.149084 7.36442 11.2985 2.75661 0.136004 0.186153
5000.00 1318.15 99.709429 51.2403 1.47142 15.2961 0.696834 9.40799 0.154541 7.35807 11.2954 2.75479 0.137172 0.187346
5000.00 1313.15 99.804478 51.2495 1.47511 15.2935 0.678194 9.42004 0.159205 7.35232 11.2924 2.75315 0.138274 0.188366
5000.00 1308.15 99.889815 51.2592 1.47811 15.291 0.660405 9.43134 0.163219 7.34707 11.2894 2.75167 0.139314 0.189247
5000.00 1303.15 99.966882 51.2692 1.48054 15.2888 0.643393 9.44201 0.166691 7.34227 11.2864 2.75031 0.140296 0.190014
5000.00 1298.15 100.036838 51.2795 1.48252 15.2867 0.627096 9.45215 0.169706 7.33786 11.2835 2.74905 0.141223 0.190687
5000.00 1293.15 100.061902 51.2836 1.48319 15.286 0.617444 9.45916 0.170768 7.33627 11.2825 2.7486 0.141569 0.190927
5000.00 1288.15 100.061325 51.2839 1.4832 15.2861 0.611698 9.46439 0.170769 7.33631 11.2825 2.74862 0.14157 0.190928
5000.00 1283.15 100.060748 51.2842 1.48321 15.2862 0.605944 9.46962 0.17077 7.33635 11.2826 2.74863 0.141571 0.190929
5000.00 1278.15 100.060170 51.2845 1.48322 15.2863 0.600183 9.47486 0.170771 7.3364 11.2826 2.74865 0.141571 0.19093
5000.00 1273.15 100.059592 51.2848 1.48323 15.2863 0.594416 9.48011 0.170772 7.33644 11.2827 2.74866 0.141572 0.190931
5000.00 1268.15 100.059012 51.2851 1.48324 15.2864 0.588642 9.48536 0.170773 7.33648 11.2828 2.74868 0.141573 0.190932
5000.00 1263.15 100.058433 51.2854 1.48324 15.2865 0.582861 9.49062 0.170774 7.33652 11.2828 2.74869 0.141574 0.190933
5000.00 1258.15 100.057852 51.2857 1.48325 15.2866 0.577075 9.49589 0.170775 7.33656 11.2829 2.74871 0.141575 0.190934
5000.00 1253.15 100.057271 51.286 1.48326 15.2867 0.571283 9.50116 0.170776 7.33661 11.283 2.74873 0.141575 0.190936
5000.00 1248.15 100.056690 51.2863 1.48327 15.2868 0.565486 9.50643 0.170777 7.33665 11.283 2.74874 0.141576 0.190937
5000.00 1243.15 100.056108 51.2866 1.48328 15.2869 0.559683 9.51171 0.170778 7.33669 11.2831 2.74876 0.141577 0.190938
5000.00 1238.15 100.055525 51.2869 1.48329 15.287 0.553876 9.51699 0.170779 7.33674 11.2832 2.74877 0.141578 0.190939
5000.00 1233.15 100.054942 51.2872 1.4833 15.2871 0.548064 9.52228 0.17078 7.33678 11.2832 2.74879 0.141579 0.19094
5000.00 1228.15 100.054359 51.2875 1.48331 15.2871 0.542247 9.52757 0.170781 7.33682 11.2833 2.74881 0.14158 0.190941
5000.00 1223.15 100.053775 51.2878 1.48331 15.2872 0.536427 9.53287 0.170782 7.33686 11.2834 2.74882 0.14158 0.190942
5000.00 1218.15 100.053191 51.2881 1.48332 15.2873 0.530604 9.53817 0.170783 7.33691 11.2834 2.74884 0.141581 0.190943
5000.00 1213.15 100.052607 51.2884 1.48333 15.2874 0.524777 9.54347 0.170784 7.33695 11.2835 2.74886 0.141582 0.190945
5000.00 1208.15 100.052022 51.2887 1.48334 15.2875 0.518947 9.54877 0.170785 7.33699 11.2836 2.74887 0.141583 0.190946
5000.00 1203.15 100.051437 51.289 1.48335 15.2876 0.513114 9.55408 0.170786 7.33704 11.2836 2.74889 0.141584 0.190947
5000.00 1198.15 100.050852 51.2893 1.48336 15.2877 0.507279 9.55939 0.170787 7.33708 11.2837 2.7489 0.141585 0.190948
5000.00 1193.15 100.050266 51.2896 1.48337 15.2878 0.501442 9.5647 0.170788 7.33712 11.2838 2.74892 0.141585 0.190949
5000.00 1188.15 100.049681 51.2899 1.48337 15.2879 0.495603 9.57001 0.170789 7.33716 11.2838 2.74894 0.141586 0.19095
5000.00 1183.15 100.049095 51.2902 1.48338 15.2879 0.489763 9.57533 0.17079 7.33721 11.2839 2.74895 0.141587 0.190951
5000.00 1178.15 100.048509 51.2905 1.48339 15.288 0.483922 9.58064 0.170791 7.33725 11.284 2.74897 0.141588 0.190952
5000.00 1173.15 100.047570 51.291 1.48341 15.2882 0.474559 9.58916 0.170793 7.33732 11.2841 2.74899 0.141589 0.190954
5000.00 1168.15 100.046126 51.2917 1.48343 15.2884 0.460155 9.60227 0.170795 7.33742 11.2842 2.74903 0.141591 0.190957
5000.00 1163.15 100.044708 51.2924 1.48345 15.2886 0.44601 9.61514 0.170798 7.33753 11.2844 2.74907 0.141593 0.19096
5000.00 1158.15 100.043061 51.2933 1.48347 15.2889 0.429586 9.63008 0.170801 7.33765 11.2846 2.74912 0.141596 0.190963
5000.00 1153.15 99.599563 51.5135 1.48888 15.3569 0.414584 9.68809 0.161731 7.36537 11.1074 2.76136 0.142199 0
5000.00 1148.15 99.598347 51.5143 1.48895 15.3571 0.396951 9.70408 0.161972 7.36553 11.1075 2.76139 0.142201 0
5000.00 1143.15 99.597638 51.5148 1.48902 15.3572 0.38508 9.71484 0.162185 7.36564 11.1076 2.76141 0.142203 0
5000.00 1138.15 99.597395 51.5151 1.48908 15.3572 0.378451 9.72083 0.162374 7.36569 11.1076 2.76142 0.142204 0
5000.00 1133.15 99.597147 51.5153 1.48914 15.3573 0.371892 9.72676 0.162558 7.36575 11.1077 2.76143 0.142205 0
5000.00 1128.15 99.596893 51.5155 1.4892 15.3573 0.365402 9.73263 0.162737 7.36581 11.1077 2.76143 0.142206 0
5000.00 1123.15 99.596634 51.5158 1.48925 15.3574 0.358983 9.73843 0.162913 7.36587 11.1077 2.76144 0.142207 0
5000.00 1118.15 99.596371 51.516 1.4893 15.3574 0.352634 9.74418 0.163084 7.36592 11.1078 2.76145 0.142208 0
5000.00 1113.15 99.596104 51.5163 1.48935 15.3575 0.346354 9.74986 0.163251 7.36598 11.1078 2.76145 0.142209 0
5000.00 1108.15 99.595833 51.5165 1.4894 15.3575 0.340143 9.75547 0.163414 7.36603 11.1078 2.76146 0.14221 0
5000.00 1103.15 99.595559 51.5168 1.48944 15.3575 0.334002 9.76103 0.163574 7.36608 11.1079 2.76147 0.14221 0
5000.00 1098.15 99.595282 51.517 1.48948 15.3576 0.32793 9.76652 0.16373 7.36614 11.1079 2.76148 0.142211 0
5000.00 1093.15 99.595002 51.5173 1.48952 15.3576 0.321927 9.77195 0.163882 7.36619 11.1079 2.76149 0.142212 0
5000.00 1088.15 99.594720 51.5175 1.48956 15.3577 0.315993 9.77732 0.164031 7.36624 11.108 2.76149 0.142213 0
5000.00 1083.15 99.594437 51.5177 1.4896 15.3577 0.310128 9.78263 0.164177 7.36629 11.108 2.7615 0.142214 0
5000.00 1078.15 99.594152 51.518 1.48963 15.3578 0.304331 9.78788 0.16432 7.36634 11.108 2.76151 0.142215 0
5000.00 1073.15 99.593865 51.5182 1.48967 15.3578 0.298602 9.79306 0.16446 7.36638 11.1081 2.76152 0.142216 0
5000.00 1068.15 99.593577 51.5184 1.4897 15.3578 0.292941 9.79819 0.164597 7.36643 11.1081 2.76152 0.142217 0
5000.00 1063.15 99.593289 51.5187 1.48973 15.3579 0.287348 9.80325 0.164731 7.36648 11.1081 2.76153 0.142217 0
5000.00 1058.15 99.593000 51.5189 1.48976 15.3579 0.281822 9.80826 0.164862 7.36652 11.1082 2.76154 0.142218 0
5000.00 1053.15 99.592710 51.5191 1.48979 15.358 0.276364 9.8132 0.164991 7.36657 11.1082 2.76155 0.142219 0
5000.00 1048.15 99.592420 51.5194 1.48981 15.358 0.270972 9.81808 0.165117 7.36661 11.1082 2.76156 0.14222 0
5000.00 1043.15 99.592130 51.5196 1.48984 15.3581 0.265647 9.8229 0.16524 7.36665 11.1083 2.76156 0.142221 0
5000.00 1038.15 99.591839 51.5198 1.48986 15.3581 0.260389 9.82766 0.165361 7.36669 11.1083 2.76157 0.142221 0
5000.00 1033.15 99.591549 51.52 1.48989 15.3582 0.255196 9.83237 0.16548 7.36673 11.1084 2.76158 0.142222 0
5000.00 1028.15 99.591260 51.5202 1.48991 15.3582 0.250069 9.83701 0.165597 7.36677 11.1084 2.76159 0.142223 0
5000.00 1023.15 99.590970 51.5205 1.48993 15.3583 0.245007 9.84159 0.165711 7.36681 11.1084 2.7616 0.142224 0