Title: Gale2013MORB-7

Bulk Composition:
Pressure Temperature mass SiO2 TiO2 Al2O3 Fe2O3 FeO MnO MgO CaO Na2O K2O P2O5 
5000.00 1573.15 100.130519 53.2843 1.40838 14.3863 1.30104 8.71666 0.172824 8.16412 9.64206 2.61452 0.143204 0.166624
5000.00 1568.15 100.130262 53.2844 1.40838 14.3863 1.29848 8.71899 0.172824 8.16414 9.64209 2.61453 0.143205 0.166625
5000.00 1563.15 100.129984 53.2846 1.40839 14.3863 1.29572 8.72151 0.172825 8.16416 9.64211 2.61454 0.143205 0.166625
5000.00 1558.15 100.129684 53.2847 1.40839 14.3864 1.29274 8.72422 0.172825 8.16419 9.64214 2.61455 0.143206 0.166626
5000.00 1553.15 100.129362 53.2849 1.40839 14.3864 1.28952 8.72714 0.172826 8.16421 9.64217 2.61455 0.143206 0.166626
5000.00 1548.15 100.129014 53.2851 1.4084 14.3865 1.28606 8.73029 0.172826 8.16424 9.64221 2.61456 0.143207 0.166627
5000.00 1543.15 100.128640 53.2853 1.40841 14.3865 1.28234 8.73368 0.172827 8.16427 9.64224 2.61457 0.143207 0.166628
5000.00 1538.15 100.128238 53.2855 1.40841 14.3866 1.27834 8.73732 0.172828 8.16431 9.64228 2.61458 0.143208 0.166628
5000.00 1533.15 100.127807 53.2857 1.40842 14.3867 1.27404 8.74122 0.172828 8.16434 9.64232 2.61459 0.143208 0.166629
5000.00 1528.15 100.126021 53.2867 1.40844 14.3869 1.25627 8.75739 0.172831 8.16449 9.64249 2.61464 0.143211 0.166632
5000.00 1523.15 100.125360 53.287 1.40845 14.387 1.24969 8.76338 0.172833 8.16454 9.64256 2.61466 0.143212 0.166633
5000.00 1518.15 100.124689 53.2874 1.40846 14.3871 1.24301 8.76946 0.172834 8.16459 9.64262 2.61468 0.143213 0.166634
5000.00 1513.15 100.124034 53.2877 1.40847 14.3872 1.23648 8.7754 0.172835 8.16465 9.64268 2.61469 0.143214 0.166635
5000.00 1508.15 100.122706 53.2884 1.40849 14.3874 1.22326 8.78742 0.172837 8.16476 9.64281 2.61473 0.143216 0.166637
5000.00 1503.15 100.119796 53.29 1.40853 14.3878 1.19428 8.81379 0.172842 8.16499 9.64309 2.6148 0.14322 0.166642
5000.00 1498.15 100.117019 53.2915 1.40857 14.3882 1.16664 8.83894 0.172847 8.16522 9.64336 2.61488 0.143224 0.166647
5000.00 1493.15 100.114352 53.2929 1.40861 14.3886 1.14007 8.8631 0.172852 8.16544 9.64362 2.61495 0.143228 0.166651
5000.00 1488.15 100.111773 53.2943 1.40864 14.389 1.1144 8.88646 0.172856 8.16565 9.64387 2.61501 0.143231 0.166656
5000.00 1483.15 100.109269 53.2956 1.40868 14.3893 1.08945 8.90916 0.17286 8.16585 9.64411 2.61508 0.143235 0.16666
5000.00 1478.15 100.106825 53.2969 1.40871 14.3897 1.06512 8.93129 0.172865 8.16605 9.64434 2.61514 0.143238 0.166664
5000.00 1473.15 100.104432 53.2982 1.40875 14.39 1.04128 8.95298 0.172869 8.16625 9.64457 2.61521 0.143242 0.166668
5000.00 1468.15 100.102194 53.2994 1.40878 14.3903 1.01898 8.97326 0.172873 8.16643 9.64479 2.61526 0.143245 0.166672
5000.00 1463.15 100.100004 53.3005 1.40881 14.3907 0.997177 8.9931 0.172876 8.16661 9.645 2.61532 0.143248 0.166675
5000.00 1458.15 100.097850 53.3017 1.40884 14.391 0.975717 9.01262 0.17288 8.16678 9.64521 2.61538 0.143251 0.166679
5000.00 1453.15 100.095728 53.3028 1.40887 14.3913 0.954571 9.03186 0.172884 8.16696 9.64541 2.61543 0.143254 0.166682
5000.00 1448.15 100.093635 53.3039 1.4089 14.3916 0.933722 9.05083 0.172887 8.16713 9.64561 2.61549 0.143257 0.166686
5000.00 1443.15 100.091572 53.305 1.40893 14.3919 0.913171 9.06952 0.172891 8.1673 9.64581 2.61554 0.14326 0.166689
5000.00 1438.15 100.089541 53.3061 1.40896 14.3922 0.892937 9.08793 0.172894 8.16746 9.64601 2.61559 0.143263 0.166693
5000.00 1433.15 100.087545 53.3072 1.40898 14.3924 0.873053 9.10602 0.172898 8.16762 9.6462 2.61565 0.143266 0.166696
5000.00 1428.15 100.085589 53.3082 1.40901 14.3927 0.853563 9.12375 0.172901 8.16778 9.64639 2.6157 0.143269 0.166699
5000.00 1423.15 100.083678 53.3092 1.40904 14.393 0.834518 9.14107 0.172904 8.16794 9.64657 2.61575 0.143271 0.166702
5000.00 1418.15 100.081816 53.3102 1.40906 14.3933 0.815969 9.15795 0.172908 8.16809 9.64675 2.6158 0.143274 0.166706
5000.00 1413.15 100.080009 53.3112 1.40909 14.3935 0.797961 9.17433 0.172911 8.16824 9.64693 2.61584 0.143277 0.166709
5000.00 1408.15 100.078260 53.3121 1.40911 14.3938 0.780531 9.19019 0.172914 8.16838 9.6471 2.61589 0.143279 0.166711
5000.00 1403.15 100.076530 53.313 1.40914 14.394 0.763293 9.20587 0.172917 8.16852 9.64726 2.61593 0.143282 0.166714
5000.00 1398.15 100.074881 53.3139 1.40916 14.3943 0.746859 9.22082 0.17292 8.16866 9.64742 2.61598 0.143284 0.166717
5000.00 1393.15 100.073303 53.3148 1.40918 14.3945 0.731122 9.23514 0.172922 8.16879 9.64757 2.61602 0.143286 0.16672
5000.00 1388.15 100.071657 53.3156 1.40921 14.3947 0.714719 9.25006 0.172925 8.16892 9.64773 2.61606 0.143289 0.166722
5000.00 1383.15 100.069748 53.3166 1.40923 14.395 0.695692 9.26737 0.172929 8.16908 9.64792 2.61611 0.143291 0.166726
5000.00 1378.15 100.067894 53.3176 1.40926 14.3953 0.677218 9.28418 0.172932 8.16923 9.64809 2.61616 0.143294 0.166729
5000.00 1373.15 100.066107 53.3186 1.40929 14.3955 0.6594 9.30038 0.172935 8.16937 9.64827 2.61621 0.143297 0.166732
5000.00 1368.15 100.064384 53.3195 1.40931 14.3958 0.64223 9.31601 0.172938 8.16952 9.64843 2.61625 0.143299 0.166735
5000.00 1363.15 100.062730 53.3204 1.40933 14.396 0.625744 9.331 0.172941 8.16965 9.64859 2.6163 0.143301 0.166737
5000.00 1358.15 100.061143 53.3212 1.40936 14.3962 0.609921 9.3454 0.172943 8.16978 9.64875 2.61634 0.143304 0.16674
5000.00 1353.15 100.059619 53.322 1.40938 14.3965 0.59473 9.35922 0.172946 8.1699 9.64889 2.61638 0.143306 0.166743
5000.00 1348.15 100.058155 53.3228 1.4094 14.3967 0.580135 9.37249 0.172949 8.17002 9.64903 2.61642 0.143308 0.166745
5000.00 1343.15 100.056748 53.3236 1.40942 14.3969 0.566103 9.38526 0.172951 8.17014 9.64917 2.61645 0.14331 0.166747
5000.00 1338.15 100.055393 53.3243 1.40944 14.3971 0.552597 9.39755 0.172953 8.17025 9.6493 2.61649 0.143312 0.16675
5000.00 1333.15 100.054088 53.325 1.40945 14.3973 0.539587 9.40938 0.172956 8.17036 9.64943 2.61652 0.143314 0.166752
5000.00 1328.15 100.052830 53.3257 1.40947 14.3974 0.527041 9.4208 0.172958 8.17046 9.64955 2.61655 0.143316 0.166754
5000.00 1323.15 100.051616 53.3263 1.40949 14.3976 0.514932 9.43181 0.17296 8.17056 9.64966 2.61659 0.143317 0.166756
5000.00 1318.15 100.050442 53.3269 1.40951 14.3978 0.503234 9.44245 0.172962 8.17065 9.64978 2.61662 0.143319 0.166758
5000.00 1313.15 100.049308 53.3275 1.40952 14.398 0.491922 9.45275 0.172964 8.17075 9.64989 2.61665 0.143321 0.16676
5000.00 1308.15 100.048210 53.3281 1.40954 14.3981 0.480974 9.4627 0.172966 8.17084 9.64999 2.61668 0.143322 0.166762
5000.00 1303.15 100.047535 53.3285 1.40955 14.3982 0.474244 9.46883 0.172967 8.17089 9.65006 2.61669 0.143323 0.166763
5000.00 1298.15 100.047152 53.3287 1.40955 14.3983 0.47042 9.47231 0.172968 8.17092 9.65009 2.6167 0.143324 0.166763
5000.00 1293.15 100.046757 53.3289 1.40956 14.3983 0.466486 9.47589 0.172968 8.17095 9.65013 2.61671 0.143324 0.166764
5000.00 1288.15 100.046356 53.3291 1.40956 14.3984 0.462489 9.47952 0.172969 8.17099 9.65017 2.61672 0.143325 0.166765
5000.00 1283.15 100.045952 53.3293 1.40957 14.3984 0.458456 9.48319 0.17297 8.17102 9.65021 2.61673 0.143325 0.166765
5000.00 1278.15 100.045545 53.3295 1.40957 14.3985 0.454401 9.48688 0.17297 8.17105 9.65025 2.61674 0.143326 0.166766
5000.00 1273.15 100.044977 53.3298 1.40958 14.3986 0.44874 9.49203 0.172971 8.1711 9.6503 2.61676 0.143327 0.166767
5000.00 1268.15 100.044521 53.3301 1.40959 14.3986 0.444186 9.49617 0.172972 8.17114 9.65035 2.61677 0.143327 0.166768
5000.00 1263.15 100.044066 53.3303 1.4096 14.3987 0.439647 9.5003 0.172973 8.17117 9.65039 2.61678 0.143328 0.166768
5000.00 1258.15 100.043612 53.3306 1.4096 14.3988 0.435121 9.50442 0.172974 8.17121 9.65044 2.6168 0.143329 0.166769
5000.00 1253.15 100.043159 53.3308 1.40961 14.3988 0.430611 9.50852 0.172975 8.17125 9.65048 2.61681 0.143329 0.16677
5000.00 1248.15 100.042709 53.3311 1.40961 14.3989 0.426115 9.51261 0.172975 8.17129 9.65052 2.61682 0.14333 0.166771
5000.00 1243.15 100.042259 53.3313 1.40962 14.399 0.421634 9.51669 0.172976 8.17132 9.65057 2.61683 0.143331 0.166771
5000.00 1238.15 100.041811 53.3315 1.40963 14.399 0.417168 9.52075 0.172977 8.17136 9.65061 2.61684 0.143331 0.166772
5000.00 1233.15 100.041365 53.3318 1.40963 14.3991 0.412717 9.5248 0.172978 8.1714 9.65065 2.61685 0.143332 0.166773
5000.00 1228.15 100.040920 53.332 1.40964 14.3992 0.408281 9.52884 0.172978 8.17143 9.6507 2.61687 0.143333 0.166774
5000.00 1223.15 100.040477 53.3322 1.40965 14.3992 0.403861 9.53286 0.172979 8.17147 9.65074 2.61688 0.143333 0.166774
5000.00 1218.15 100.040036 53.3325 1.40965 14.3993 0.399456 9.53686 0.17298 8.1715 9.65078 2.61689 0.143334 0.166775
5000.00 1213.15 100.039596 53.3327 1.40966 14.3993 0.395068 9.54086 0.172981 8.17154 9.65082 2.6169 0.143335 0.166776
5000.00 1208.15 100.039157 53.3329 1.40966 14.3994 0.390695 9.54483 0.172981 8.17158 9.65087 2.61691 0.143335 0.166777
5000.00 1203.15 100.038720 53.3332 1.40967 14.3995 0.386338 9.5488 0.172982 8.17161 9.65091 2.61692 0.143336 0.166777
5000.00 1198.15 100.038285 53.3334 1.40968 14.3995 0.381997 9.55275 0.172983 8.17165 9.65095 2.61693 0.143336 0.166778
5000.00 1193.15 100.037851 53.3336 1.40968 14.3996 0.377673 9.55668 0.172984 8.17168 9.65099 2.61695 0.143337 0.166779
5000.00 1188.15 100.037419 53.3339 1.40969 14.3997 0.373365 9.5606 0.172984 8.17172 9.65103 2.61696 0.143338 0.16678
5000.00 1183.15 100.036989 53.3341 1.4097 14.3997 0.369073 9.5645 0.172985 8.17175 9.65108 2.61697 0.143338 0.16678
5000.00 1178.15 100.036561 53.3343 1.4097 14.3998 0.364799 9.56839 0.172986 8.17179 9.65112 2.61698 0.143339 0.166781
5000.00 1173.15 100.036178 53.3345 1.40971 14.3998 0.36098 9.57187 0.172987 8.17182 9.65115 2.61699 0.143339 0.166782
5000.00 1168.15 100.034807 53.3353 1.40973 14.4 0.347305 9.58431 0.172989 8.17193 9.65129 2.61703 0.143341 0.166784
5000.00 1163.15 100.033365 53.336 1.40975 14.4002 0.332922 9.59739 0.172991 8.17205 9.65142 2.61706 0.143343 0.166786
5000.00 1158.15 100.031926 53.3368 1.40977 14.4005 0.318567 9.61045 0.172994 8.17217 9.65156 2.6171 0.143346 0.166789
5000.00 1153.15 100.030492 53.3376 1.40979 14.4007 0.304263 9.62346 0.172996 8.17228 9.6517 2.61714 0.143348 0.166791
5000.00 1148.15 100.029931 53.3379 1.40979 14.4007 0.298668 9.62855 0.172997 8.17233 9.65176 2.61715 0.143348 0.166792
5000.00 1143.15 100.029397 53.3382 1.4098 14.4008 0.293347 9.63339 0.172998 8.17237 9.65181 2.61717 0.143349 0.166793
5000.00 1138.15 100.028870 53.3384 1.40981 14.4009 0.288084 9.63818 0.172999 8.17242 9.65186 2.61718 0.14335 0.166794
5000.00 1133.15 100.028348 53.3387 1.40982 14.401 0.28288 9.64292 0.173 8.17246 9.65191 2.61719 0.143351 0.166795
5000.00 1128.15 100.027832 53.339 1.40982 14.401 0.277734 9.6476 0.173001 8.1725 9.65196 2.61721 0.143351 0.166796
5000.00 1123.15 100.027322 53.3393 1.40983 14.4011 0.272645 9.65223 0.173002 8.17254 9.65201 2.61722 0.143352 0.166796
5000.00 1118.15 100.026818 53.3395 1.40984 14.4012 0.267615 9.6568 0.173003 8.17258 9.65206 2.61723 0.143353 0.166797
5000.00 1113.15 100.026319 53.3398 1.40985 14.4013 0.262643 9.66133 0.173004 8.17262 9.6521 2.61725 0.143354 0.166798
5000.00 1108.15 100.025827 53.3401 1.40985 14.4013 0.257729 9.6658 0.173004 8.17266 9.65215 2.61726 0.143354 0.166799
5000.00 1103.15 100.025340 53.3403 1.40986 14.4014 0.252872 9.67022 0.173005 8.1727 9.6522 2.61727 0.143355 0.1668
5000.00 1098.15 100.024859 53.3406 1.40987 14.4015 0.248073 9.67458 0.173006 8.17274 9.65225 2.61729 0.143356 0.1668
5000.00 1093.15 100.024383 53.3408 1.40987 14.4015 0.243331 9.6789 0.173007 8.17278 9.65229 2.6173 0.143356 0.166801
5000.00 1088.15 100.023914 53.3411 1.40988 14.4016 0.238646 9.68316 0.173008 8.17282 9.65234 2.61731 0.143357 0.166802
5000.00 1083.15 100.023450 53.3413 1.40989 14.4017 0.234018 9.68737 0.173009 8.17286 9.65238 2.61732 0.143358 0.166803
5000.00 1078.15 100.022992 53.3416 1.40989 14.4017 0.229447 9.69153 0.173009 8.1729 9.65243 2.61733 0.143358 0.166804
5000.00 1073.15 100.022539 53.3418 1.4099 14.4018 0.224932 9.69563 0.17301 8.17293 9.65247 2.61735 0.143359 0.166804
5000.00 1068.15 100.022092 53.342 1.40991 14.4019 0.220474 9.69969 0.173011 8.17297 9.65251 2.61736 0.14336 0.166805
5000.00 1063.15 100.021651 53.3423 1.40991 14.4019 0.216072 9.70369 0.173012 8.17301 9.65256 2.61737 0.14336 0.166806
5000.00 1058.15 100.021216 53.3425 1.40992 14.402 0.211727 9.70765 0.173012 8.17304 9.6526 2.61738 0.143361 0.166807
5000.00 1053.15 100.020786 53.3427 1.40992 14.4021 0.207436 9.71155 0.173013 8.17308 9.65264 2.61739 0.143361 0.166807
5000.00 1048.15 100.020361 53.343 1.40993 14.4021 0.203202 9.7154 0.173014 8.17311 9.65268 2.6174 0.143362 0.166808
5000.00 1043.15 100.019942 53.3432 1.40994 14.4022 0.199023 9.7192 0.173015 8.17315 9.65272 2.61741 0.143363 0.166809
5000.00 1038.15 100.019529 53.3434 1.40994 14.4022 0.194898 9.72296 0.173015 8.17318 9.65276 2.61743 0.143363 0.166809
5000.00 1033.15 100.019121 53.3436 1.40995 14.4023 0.190829 9.72666 0.173016 8.17321 9.6528 2.61744 0.143364 0.16681
5000.00 1028.15 100.018719 53.3438 1.40995 14.4024 0.186813 9.73031 0.173017 8.17325 9.65284 2.61745 0.143364 0.166811
5000.00 1023.15 100.018322 53.3441 1.40996 14.4024 0.182852 9.73391 0.173017 8.17328 9.65288 2.61746 0.143365 0.166811
5000.00 1018.15 100.017930 53.3443 1.40996 14.4025 0.178945 9.73747 0.173018 8.17331 9.65291 2.61747 0.143366 0.166812
5000.00 1013.15 100.017544 53.3445 1.40997 14.4025 0.175091 9.74098 0.173019 8.17334 9.65295 2.61748 0.143366 0.166813
5000.00 1008.15 100.017163 53.3447 1.40997 14.4026 0.171291 9.74443 0.173019 8.17337 9.65299 2.61749 0.143367 0.166813
5000.00 1003.15 100.016787 53.3449 1.40998 14.4026 0.167543 9.74784 0.17302 8.1734 9.65302 2.6175 0.143367 0.166814
5000.00 998.15 100.016417 53.3451 1.40999 14.4027 0.163847 9.7512 0.173021 8.17343 9.65306 2.61751 0.143368 0.166815
5000.00 993.15 100.016052 53.3453 1.40999 14.4027 0.160204 9.75452 0.173021 8.17346 9.6531 2.61752 0.143368 0.166815