Title: Gale2013MORB-7

Liquid Composition:
Pressure Temperature mass SiO2 TiO2 Al2O3 Fe2O3 FeO MnO MgO CaO Na2O K2O P2O5 
5000.00 1573.15 99.164732 53.2665 1.42132 14.5029 1.30807 8.70439 0.174507 7.95022 9.71959 2.6397 0.144599 0.168247
5000.00 1568.15 98.350307 53.2526 1.43243 14.6025 1.31142 8.69335 0.175952 7.76994 9.78505 2.6613 0.145796 0.16964
5000.00 1563.15 97.545492 53.2398 1.44358 14.7022 1.31447 8.67976 0.177404 7.59196 9.84972 2.68299 0.146999 0.17104
5000.00 1558.15 96.749515 53.2282 1.45478 14.8021 1.31723 8.66357 0.178863 7.41625 9.91357 2.70478 0.148209 0.172447
5000.00 1553.15 95.961604 53.2177 1.46605 14.9022 1.31967 8.64474 0.180332 7.24278 9.97655 2.72669 0.149426 0.173863
5000.00 1548.15 95.180991 53.2084 1.47739 15.0026 1.32178 8.62321 0.181811 7.07151 10.0386 2.74874 0.150651 0.175289
5000.00 1543.15 94.406907 53.2003 1.48882 15.1034 1.32355 8.59894 0.183301 6.90241 10.0997 2.77095 0.151886 0.176726
5000.00 1538.15 93.638581 53.1933 1.50035 15.2048 1.32498 8.57186 0.184805 6.73544 10.1598 2.79333 0.153133 0.178176
5000.00 1533.15 92.875241 53.1876 1.512 15.3068 1.32603 8.54193 0.186324 6.57058 10.2188 2.81592 0.154391 0.179641
5000.00 1528.15 89.729545 53.322 1.55483 15.633 1.30091 8.35928 0.192856 6.275 10.1112 2.90518 0.159804 0.185939
5000.00 1523.15 88.383167 53.3512 1.57518 15.7994 1.29646 8.30249 0.195794 6.06422 10.1177 2.94659 0.162238 0.188771
5000.00 1518.15 86.935296 53.3902 1.5973 15.9787 1.29081 8.24304 0.199055 5.84919 10.1028 2.99207 0.16494 0.191915
5000.00 1513.15 85.363355 53.4415 1.62148 16.1738 1.28381 8.18206 0.202721 5.62938 10.0592 3.04258 0.167978 0.195449
5000.00 1508.15 81.721568 53.5431 1.68564 16.2183 1.29118 8.2198 0.211755 5.3865 9.96154 3.10306 0.17491 0.204159
5000.00 1503.15 74.164202 53.72 1.84451 15.884 1.33281 8.47602 0.233332 5.11239 9.81674 3.16468 0.190535 0.224963
5000.00 1498.15 67.519804 53.8779 2.01132 15.5652 1.37061 8.70856 0.256294 4.85899 9.68772 3.20978 0.206614 0.247101
5000.00 1493.15 61.625490 54.0183 2.18704 15.2601 1.40453 8.91633 0.280808 4.62449 9.57577 3.23872 0.223172 0.270735
5000.00 1488.15 56.358430 54.1429 2.3726 14.9682 1.43445 9.09791 0.307051 4.40727 9.4815 3.25189 0.240229 0.296037
5000.00 1483.15 51.624819 54.2532 2.56895 14.6891 1.4602 9.25163 0.335205 4.20583 9.40512 3.24974 0.257801 0.323182
5000.00 1478.15 47.352038 54.351 2.77697 14.4228 1.4816 9.37572 0.365452 4.01889 9.34662 3.23268 0.2759 0.352344
5000.00 1473.15 43.481893 54.4378 2.99758 14.1692 1.49845 9.4685 0.39798 3.84526 9.30591 3.20112 0.294535 0.383704
5000.00 1468.15 39.973741 54.5215 3.22739 13.9368 1.51012 9.53081 0.432907 3.68262 9.27013 3.15658 0.313715 0.417379
5000.00 1463.15 36.785453 54.6005 3.46916 13.7181 1.51672 9.55807 0.470428 3.53095 9.25017 3.09886 0.333437 0.453554
5000.00 1458.15 33.889071 54.6768 3.72288 13.5126 1.51811 9.54871 0.510634 3.38943 9.24606 3.02876 0.353674 0.492318
5000.00 1453.15 31.262090 54.7526 3.98777 13.3206 1.51419 9.50203 0.553543 3.25721 9.25653 2.9474 0.374381 0.533688
5000.00 1448.15 28.885369 54.8304 4.26254 13.1422 1.50496 9.41814 0.599089 3.13344 9.27991 2.85619 0.39549 0.5776
5000.00 1443.15 26.741766 54.9124 4.54529 12.9774 1.49054 9.29814 0.647112 3.01734 9.31414 2.7568 0.416917 0.6239
5000.00 1438.15 24.815050 55.001 4.83355 12.8258 1.47118 9.14411 0.697356 2.90813 9.35678 2.65114 0.438561 0.672342
5000.00 1433.15 23.089149 55.0983 5.12441 12.6871 1.44725 8.95908 0.749483 2.80507 9.40511 2.5413 0.460308 0.722599
5000.00 1428.15 21.547787 55.2061 5.41467 12.5606 1.41921 8.74683 0.803095 2.70745 9.45627 2.42937 0.482043 0.774288
5000.00 1423.15 20.174447 55.3264 5.70095 12.4456 1.38758 8.5116 0.857764 2.61465 9.50742 2.31735 0.503658 0.826996
5000.00 1418.15 18.952589 55.4607 5.97992 12.3411 1.35293 8.25784 0.913063 2.52608 9.55591 2.20705 0.525056 0.880312
5000.00 1413.15 17.866018 55.6105 6.24842 12.2462 1.31581 7.98988 0.968594 2.44126 9.59939 2.09998 0.546154 0.933851
5000.00 1408.15 16.899270 55.7769 6.50352 12.16 1.27675 7.71173 1.024 2.35975 9.63587 1.99733 0.566892 0.987273
5000.00 1403.15 16.009611 56.0281 6.74898 12.0977 1.23448 7.43047 1.08091 2.27731 9.61466 1.903 0.588054 0.996345
5000.00 1398.15 15.222907 56.2856 6.97344 12.0388 1.19159 7.14436 1.13677 2.19862 9.59384 1.81395 0.608597 1.01439
5000.00 1393.15 14.519685 56.5654 7.17615 11.9859 1.14803 6.85674 1.19182 2.12249 9.5619 1.73116 0.628691 1.03169
5000.00 1388.15 13.767583 57.1513 7.2004 11.9593 1.09098 6.48922 1.25047 2.03265 9.46053 1.67348 0.652607 1.03908
5000.00 1383.15 12.874802 58.3118 6.88878 11.9682 1.01055 5.98488 1.31473 1.9176 9.2361 1.65555 0.68414 1.02761
5000.00 1378.15 12.123560 59.3674 6.61135 11.96 0.939117 5.54177 1.37282 1.81622 9.0282 1.63153 0.712944 1.0187
5000.00 1373.15 11.480578 60.3391 6.35952 11.9395 0.875109 5.14828 1.42543 1.72561 8.8328 1.6035 0.73945 1.01166
5000.00 1368.15 10.920120 61.2521 6.12672 11.9117 0.817134 4.79564 1.47332 1.64332 8.64149 1.57322 0.764107 1.00126
5000.00 1363.15 10.428073 62.1074 5.91022 11.8771 0.764522 4.47771 1.51673 1.56827 8.45807 1.54115 0.787052 0.991721
5000.00 1358.15 9.991900 62.9132 5.70727 11.8374 0.716549 4.18937 1.55603 1.49934 8.28148 1.50791 0.80849 0.982987
5000.00 1353.15 9.602007 63.6758 5.51583 11.7937 0.672626 3.92654 1.59156 1.43565 8.11082 1.47396 0.828593 0.974918
5000.00 1348.15 9.250951 64.4005 5.33437 11.7469 0.632268 3.68594 1.62361 1.37651 7.94542 1.43961 0.847503 0.967413
5000.00 1343.15 8.932863 65.0914 5.16169 11.6977 0.595069 3.46482 1.65241 1.32134 7.78478 1.4051 0.865338 0.960401
5000.00 1338.15 8.643043 65.7518 4.99684 11.6467 0.560688 3.26095 1.67821 1.26969 7.6285 1.37061 0.882201 0.953828
5000.00 1333.15 8.377678 66.3847 4.83907 11.5942 0.528834 3.07241 1.70119 1.22119 7.47627 1.33626 0.898179 0.947656
5000.00 1328.15 8.133636 66.9925 4.68776 11.5407 0.499257 2.89759 1.72153 1.17551 7.32785 1.30215 0.913347 0.941855
5000.00 1323.15 7.908322 67.5771 4.54237 11.4863 0.471738 2.73511 1.73941 1.13238 7.18302 1.26837 0.927771 0.936404
5000.00 1318.15 7.699561 68.1404 4.40247 11.4314 0.446088 2.58377 1.75497 1.09157 7.04161 1.23497 0.941511 0.931287
5000.00 1313.15 7.505516 68.6837 4.26768 11.3761 0.422141 2.44254 1.76836 1.05289 6.90348 1.202 0.954616 0.926491
5000.00 1308.15 7.324624 69.2086 4.13768 11.3205 0.39975 2.31051 1.77968 1.01615 6.76851 1.16948 0.967132 0.922009
5000.00 1303.15 6.039398 69.2773 4.04307 11.3632 0.382198 2.20609 1.99738 0.988971 6.64604 1.11318 1.04799 0.934563
5000.00 1298.15 4.373361 68.9922 3.97222 11.4707 0.368796 2.12522 2.38819 0.96952 6.53899 1.04343 1.1692 0.961592
5000.00 1293.15 3.119604 68.686 3.9015 11.5662 0.356843 2.05273 2.79792 0.951995 6.44251 0.978937 1.27437 0.990974
5000.00 1288.15 2.143761 68.3546 3.8321 11.6511 0.346234 1.98807 3.22865 0.936518 6.3575 0.918767 1.36326 1.02316
5000.00 1283.15 1.366262 67.9936 3.76506 11.7261 0.336896 1.93086 3.68294 0.923189 6.28483 0.862214 1.43562 1.0587
5000.00 1278.15 0.737317 67.5981 3.70143 11.7915 0.328784 1.88079 4.16375 0.912097 6.22534 0.808709 1.49123 1.09822
5000.00 1273.15 0.000000 ---
5000.00 1268.15 0.000000 ---
5000.00 1263.15 0.000000 ---
5000.00 1258.15 0.000000 ---
5000.00 1253.15 0.000000 ---
5000.00 1248.15 0.000000 ---
5000.00 1243.15 0.000000 ---
5000.00 1238.15 0.000000 ---
5000.00 1233.15 0.000000 ---
5000.00 1228.15 0.000000 ---
5000.00 1223.15 0.000000 ---
5000.00 1218.15 0.000000 ---
5000.00 1213.15 0.000000 ---
5000.00 1208.15 0.000000 ---
5000.00 1203.15 0.000000 ---
5000.00 1198.15 0.000000 ---
5000.00 1193.15 0.000000 ---
5000.00 1188.15 0.000000 ---
5000.00 1183.15 0.000000 ---
5000.00 1178.15 0.000000 ---
5000.00 1173.15 0.389724 2.1557 0.354204 0.00939869 0.0135858 0.00873808 2.57066 1.30277 50.7676 9.90518e-006 0.00708052 42.8102
5000.00 1168.15 0.389152 2.11333 0.338105 0.00907577 0.0132183 0.00840881 2.51175 1.28529 50.8407 9.42364e-006 0.00691059 42.8732
5000.00 1163.15 0.388595 2.07186 0.322732 0.0087654 0.0128705 0.00809772 2.45398 1.26808 50.9122 8.98836e-006 0.00674341 42.9347
5000.00 1158.15 0.388061 2.03199 0.308195 0.00846956 0.0125344 0.00779995 2.39808 1.25165 50.9809 8.57045e-006 0.00657927 42.9938
5000.00 1153.15 0.387548 1.99362 0.294434 0.00818711 0.0122099 0.00751488 2.34397 1.23597 51.0471 8.16894e-006 0.00641813 43.0506
5000.00 1148.15 0.387129 1.96404 0.278813 0.00793971 0.0118022 0.0071888 2.29898 1.22658 51.1012 7.48193e-006 0.00626064 43.0972
5000.00 1143.15 0.386726 1.93548 0.263958 0.00770343 0.0114131 0.00687965 2.25527 1.21758 51.1534 6.84374e-006 0.00610811 43.1422
5000.00 1138.15 0.386335 1.90771 0.249887 0.007477 0.0110438 0.00658759 2.21261 1.20884 51.2041 6.25781e-006 0.00596031 43.1858
5000.00 1133.15 0.385957 1.8807 0.236554 0.00725978 0.0106931 0.00631147 2.17096 1.20035 51.2532 5.71987e-006 0.00581698 43.2281
5000.00 1128.15 0.385591 1.85443 0.223919 0.00705122 0.0103599 0.00605026 2.13027 1.1921 51.301 5.22619e-006 0.0056779 43.2692
5000.00 1123.15 0.385236 1.82886 0.211942 0.00685078 0.0100432 0.005803 2.09051 1.18409 51.3473 4.77323e-006 0.00554286 43.309
5000.00 1118.15 0.384892 1.80397 0.200587 0.00665798 0.009742 0.0055688 2.05163 1.17632 51.3924 4.35746e-006 0.00541167 43.3477
5000.00 1113.15 0.384558 1.77974 0.189821 0.00647238 0.00945553 0.00534683 2.01362 1.16879 51.4361 3.97632e-006 0.00528416 43.3853
5000.00 1108.15 0.384235 1.75615 0.179611 0.00629357 0.00918296 0.00513636 1.97643 1.16149 51.4787 3.62671e-006 0.00516015 43.4219
5000.00 1103.15 0.383921 1.73318 0.169928 0.00612116 0.00892355 0.00493668 1.94004 1.15441 51.52 3.30621e-006 0.0050395 43.4574
5000.00 1098.15 0.383616 1.7108 0.160744 0.00595481 0.00867662 0.00474714 1.90442 1.14757 51.5603 3.01251e-006 0.00492205 43.4919
5000.00 1093.15 0.383321 1.68901 0.152034 0.0057942 0.00844152 0.00456716 1.86954 1.14096 51.5994 2.74337e-006 0.00480767 43.5254
5000.00 1088.15 0.383033 1.66778 0.143771 0.00563902 0.00821766 0.00439617 1.83538 1.13457 51.6375 2.49702e-006 0.00469623 43.5581
5000.00 1083.15 0.382755 1.6471 0.135933 0.00548899 0.00800449 0.00423367 1.80191 1.12841 51.6745 2.27145e-006 0.00458762 43.5898
5000.00 1078.15 0.382484 1.62695 0.128499 0.00534386 0.00780151 0.00407916 1.76912 1.12246 51.7106 2.06505e-006 0.00448172 43.6207
5000.00 1073.15 0.382220 1.60733 0.121447 0.00520337 0.00760822 0.00393221 1.73697 1.11675 51.7457 1.87627e-006 0.00437842 43.6507
5000.00 1068.15 0.381965 1.58821 0.114758 0.00506732 0.00742418 0.00379239 1.70546 1.11125 51.7798 1.70369e-006 0.00427764 43.6799
5000.00 1063.15 0.381716 1.56959 0.108414 0.00493548 0.00724898 0.00365933 1.67456 1.10597 51.8131 1.54598e-006 0.00417927 43.7084
5000.00 1058.15 0.381475 1.55145 0.102397 0.00480765 0.00708223 0.00353265 1.64426 1.10092 51.8454 1.40195e-006 0.00408323 43.736
5000.00 1053.15 0.381240 1.53379 0.0966917 0.00468366 0.00692357 0.00341201 1.61453 1.09609 51.8769 1.27047e-006 0.00398944 43.763
5000.00 1048.15 0.381012 1.51659 0.0912814 0.00456334 0.00677266 0.00329711 1.58536 1.09147 51.9076 1.15051e-006 0.00389781 43.7892
5000.00 1043.15 0.380790 1.49985 0.0861517 0.00444652 0.00662918 0.00318765 1.55674 1.08708 51.9374 1.04113e-006 0.00380828 43.8147
5000.00 1038.15 0.380575 1.48356 0.0812887 0.00433305 0.00649284 0.00308333 1.52865 1.08291 51.9665 9.41452e-007 0.00372078 43.8395
5000.00 1033.15 0.380365 1.4677 0.0766791 0.00422278 0.00636337 0.00298391 1.50107 1.07897 51.9948 8.50665e-007 0.00363523 43.8636
5000.00 1028.15 0.380162 1.45227 0.0723105 0.00411559 0.00624051 0.00288914 1.47399 1.07524 52.0223 7.68029e-007 0.00355158 43.8871
5000.00 1023.15 0.379964 1.43727 0.0681708 0.00401134 0.00612403 0.00279879 1.4474 1.07175 52.0491 6.92859e-007 0.00346977 43.9099
5000.00 1018.15 0.379772 1.42269 0.0642488 0.00390992 0.00601371 0.00271265 1.42129 1.06847 52.0751 6.24526e-007 0.00338974 43.9322
5000.00 1013.15 0.379585 1.40852 0.0605338 0.00381122 0.00590933 0.0026305 1.39565 1.06543 52.1004 5.62448e-007 0.00331143 43.9538
5000.00 1008.15 0.379404 1.39475 0.0570154 0.00371514 0.00581073 0.00255217 1.37045 1.06261 52.1251 5.06091e-007 0.0032348 43.9748
5000.00 1003.15 0.379228 1.38139 0.053684 0.00362156 0.00571771 0.00247746 1.3457 1.06003 52.149 4.54964e-007 0.00315979 43.9952
5000.00 998.15 0.379057 1.36842 0.0505303 0.0035304 0.00563012 0.00240622 1.32137 1.05768 52.1723 4.08613e-007 0.00308636 44.015
5000.00 993.15 0.378891 1.35584 0.0475456 0.00344156 0.00554781 0.00233828 1.29747 1.05556 52.1949 3.66624e-007 0.00301447 44.0343