Title: Gale2013MORB-7

Solid Composition:
Pressure Temperature mass SiO2 TiO2 Al2O3 Fe2O3 FeO MnO MgO CaO Na2O K2O P2O5 
5000.00 1573.15 0.965787 55.1112 0.0791183 2.41586 0.579575 9.97634 2.22978e-014 30.1268 1.68178 0.0293441 -4.23015e-015 1.56161e-013
5000.00 1568.15 1.779955 55.0421 0.079675 2.44025 0.583822 10.1359 0 29.9454 1.74263 0.0301354 0 0
5000.00 1563.15 2.584492 54.9725 0.0801754 2.46437 0.587895 10.2972 0 29.7606 1.80635 0.0309511 0 0
5000.00 1558.15 3.380170 54.9023 0.0806188 2.4882 0.591787 10.4601 0 29.5722 1.87313 0.0317925 0 0
5000.00 1553.15 4.167758 54.8315 0.0810046 2.51174 0.595493 10.6244 0 29.3801 1.94318 0.0326608 0 0
5000.00 1548.15 4.948023 54.7601 0.0813325 2.535 0.599008 10.79 0 29.1843 2.01669 0.0335571 0 0
5000.00 1543.15 5.721733 54.6882 0.0816026 2.55795 0.602326 10.9569 0 28.9847 2.09391 0.0344828 0 0
5000.00 1538.15 6.489657 54.6157 0.0818155 2.5806 0.605442 11.1247 0 28.7812 2.17507 0.0354394 0 0
5000.00 1533.15 7.252566 54.5427 0.0819719 2.60295 0.608352 11.2934 0 28.5737 2.26044 0.0364283 0 0
5000.00 1528.15 10.396477 52.9821 0.145033 3.63222 0.871003 12.1934 0 24.4722 5.59698 0.107033 0 0
5000.00 1523.15 11.742193 52.8038 0.153466 3.75632 0.897652 12.2325 0 23.9736 6.06634 0.116257 0 0
5000.00 1518.15 13.189394 52.6099 0.163777 3.89625 0.927959 12.2393 0 23.4262 6.6095 0.127182 0 0
5000.00 1513.15 14.760679 52.3984 0.176618 4.05504 0.962739 12.2068 0 22.8265 7.23377 0.140157 0 0
5000.00 1508.15 18.401138 52.1573 0.177614 6.25606 0.921645 11.3083 0 20.5033 8.22732 0.445975 0.0024575 0
5000.00 1503.15 25.955594 52.0614 0.162792 10.1126 0.798455 9.7789 0 16.8874 9.14692 1.0436 0.00802463 0
5000.00 1498.15 32.597215 52.0769 0.160062 11.9504 0.74414 9.10899 0 15.0135 9.55148 1.38262 0.0119211 0
5000.00 1493.15 38.488862 52.1315 0.162241 12.9932 0.716646 8.77788 0 13.8349 9.75225 1.61621 0.0152268 0
5000.00 1488.15 43.753343 52.2012 0.166972 13.6428 0.702135 8.6141 0 13.0068 9.853 1.79465 0.0182893 0
5000.00 1483.15 48.484450 52.276 0.173254 14.0701 0.694683 8.5445 0 12.3824 9.89857 1.93931 0.0212478 0
5000.00 1478.15 52.754787 52.3507 0.180579 14.3599 0.691285 8.53238 0 11.8885 9.91157 2.06085 0.0241627 0
5000.00 1473.15 56.622539 52.423 0.188642 14.5596 0.690202 8.5571 0 11.4844 9.90464 2.16527 0.0270594 0
5000.00 1468.15 60.128452 52.4869 0.19975 14.6918 0.692474 8.6026 0 11.1473 9.89387 2.25539 0.0299156 0
5000.00 1463.15 63.314552 52.5452 0.211752 14.7814 0.695323 8.66486 0 10.8599 9.87439 2.33439 0.0327492 0
5000.00 1458.15 66.208779 52.5978 0.224395 14.8406 0.698092 8.73822 0 10.6121 9.84951 2.40379 0.0355457 0
5000.00 1453.15 68.833638 52.6443 0.237609 14.8775 0.70041 8.81832 0 10.3968 9.82203 2.46466 0.0382836 0
5000.00 1448.15 71.208266 52.6847 0.251326 14.8984 0.702003 8.90182 0 10.209 9.79396 2.51785 0.0409397 0
5000.00 1443.15 73.349806 52.719 0.265477 14.9076 0.702675 8.98617 0 10.0449 9.76673 2.56404 0.0434905 0
5000.00 1438.15 75.274491 52.7474 0.280002 14.9085 0.702312 9.06941 0 9.90126 9.74136 2.60388 0.0459149 0
5000.00 1433.15 76.998396 52.7701 0.294854 14.9038 0.700871 9.15008 0 9.77567 9.7185 2.63794 0.0481961 0
5000.00 1428.15 78.537802 52.7875 0.310011 14.8954 0.698372 9.22716 0 9.66589 9.69855 2.66682 0.0503219 0
5000.00 1423.15 79.909231 52.7999 0.325472 14.8847 0.694889 9.3 0 9.56996 9.6817 2.69108 0.0522856 0
5000.00 1418.15 81.129227 52.8078 0.341267 14.8727 0.69053 9.36822 0 9.48612 9.66797 2.71128 0.0540861 0
5000.00 1413.15 82.213991 52.8115 0.357449 14.8602 0.685425 9.43173 0 9.41278 9.65726 2.72795 0.0557268 0
5000.00 1408.15 83.178991 52.8113 0.374096 14.8476 0.679714 9.49056 0 9.34851 9.64938 2.74156 0.0572149 0
5000.00 1403.15 84.066920 52.796 0.392225 14.8313 0.67356 9.54398 0 9.29044 9.65347 2.7517 0.0585797 0.00872047
5000.00 1398.15 84.851974 52.7808 0.410899 14.8169 0.667072 9.59335 0 9.23972 9.65703 2.75987 0.0598043 0.0146408
5000.00 1393.15 85.553618 52.7631 0.430447 14.8033 0.660366 9.63879 0 9.19493 9.66211 2.76619 0.0609061 0.0199216
5000.00 1388.15 86.304074 52.7038 0.485371 14.7832 0.654696 9.69048 0.00103035 9.14781 9.67759 2.76643 0.0620401 0.0275606
5000.00 1383.15 87.194946 52.5791 0.600149 14.7533 0.649202 9.75205 0.00433539 9.09214 9.70872 2.75794 0.0634321 0.0396117
5000.00 1378.15 87.944334 52.4836 0.692127 14.731 0.641114 9.80009 0.00752125 9.04502 9.73355 2.7519 0.064765 0.04928
5000.00 1373.15 88.585528 52.4087 0.76774 14.7138 0.631445 9.83849 0.0106132 9.00448 9.75395 2.74745 0.0660358 0.0572296
5000.00 1368.15 89.144264 52.3478 0.831429 14.7001 0.620804 9.86975 0.0136417 8.96897 9.77178 2.74402 0.0672505 0.0645056
5000.00 1363.15 89.634657 52.2981 0.885701 14.6891 0.609599 9.89563 0.0166047 8.93765 9.7871 2.74138 0.0684077 0.0707589
5000.00 1358.15 90.069243 52.2571 0.932563 14.6801 0.598092 9.91739 0.0195093 8.90977 9.80042 2.7393 0.0695107 0.076189
5000.00 1353.15 90.457613 52.223 0.97348 14.6727 0.586461 9.93589 0.0223609 8.88474 9.81216 2.73764 0.0705631 0.0809553
5000.00 1348.15 90.807205 52.1943 1.00954 14.6666 0.574824 9.95181 0.0251633 8.86211 9.82259 2.7363 0.0715684 0.0851772
5000.00 1343.15 91.123885 52.17 1.04158 14.6615 0.563263 9.96564 0.0279196 8.84153 9.83194 2.7352 0.0725296 0.0889456
5000.00 1338.15 91.412350 52.1493 1.07025 14.6571 0.551832 9.97776 0.0306316 8.8227 9.84037 2.73429 0.0734499 0.0923313
5000.00 1333.15 91.676411 52.1315 1.09605 14.6534 0.540569 9.98848 0.0333011 8.80539 9.84802 2.73352 0.0743319 0.0953903
5000.00 1328.15 91.919194 52.1163 1.11939 14.6502 0.5295 9.99801 0.0359292 8.78942 9.85499 2.73286 0.075178 0.0981676
5000.00 1323.15 92.143293 52.1032 1.14061 14.6475 0.518639 10.0066 0.0385169 8.77462 9.86137 2.7323 0.0759905 0.1007
5000.00 1318.15 92.350881 52.0919 1.15997 14.6451 0.507998 10.0143 0.041065 8.76086 9.86723 2.73181 0.0767715 0.103017
5000.00 1313.15 92.543792 52.0821 1.17772 14.643 0.497581 10.0213 0.0435739 8.74802 9.87263 2.73138 0.0775227 0.105144
5000.00 1308.15 92.723586 52.0737 1.19403 14.6412 0.48739 10.0277 0.0460443 8.73601 9.87761 2.731 0.078246 0.107101
5000.00 1303.15 94.008137 52.3039 1.24036 14.5932 0.480157 9.93541 0.0557606 8.63228 9.84305 2.71328 0.0852043 0.117437
5000.00 1298.15 95.673790 52.6127 1.29241 14.5321 0.475065 9.80815 0.0717073 8.50011 9.79231 2.68862 0.0964298 0.130431
5000.00 1293.15 96.927153 52.8346 1.32935 14.4895 0.470015 9.7148 0.0884843 8.4033 9.75337 2.66942 0.106921 0.140237
5000.00 1288.15 97.902595 53.0001 1.35652 14.4585 0.465034 9.64356 0.106059 8.3294 9.72227 2.6539 0.116612 0.148012
5000.00 1283.15 98.679690 53.1263 1.37696 14.4354 0.460139 9.58776 0.124373 8.27137 9.69681 2.64103 0.125433 0.154416
5000.00 1278.15 99.308228 53.2236 1.39256 14.4178 0.455334 9.54335 0.143341 8.22495 9.67568 2.63017 0.133318 0.15985
5000.00 1273.15 100.044977 53.3298 1.40958 14.3986 0.44874 9.49203 0.172971 8.1711 9.6503 2.61676 0.143327 0.166767
5000.00 1268.15 100.044521 53.3301 1.40959 14.3986 0.444186 9.49617 0.172972 8.17114 9.65035 2.61677 0.143327 0.166768
5000.00 1263.15 100.044066 53.3303 1.4096 14.3987 0.439647 9.5003 0.172973 8.17117 9.65039 2.61678 0.143328 0.166768
5000.00 1258.15 100.043612 53.3306 1.4096 14.3988 0.435121 9.50442 0.172974 8.17121 9.65044 2.6168 0.143329 0.166769
5000.00 1253.15 100.043159 53.3308 1.40961 14.3988 0.430611 9.50852 0.172975 8.17125 9.65048 2.61681 0.143329 0.16677
5000.00 1248.15 100.042709 53.3311 1.40961 14.3989 0.426115 9.51261 0.172975 8.17129 9.65052 2.61682 0.14333 0.166771
5000.00 1243.15 100.042259 53.3313 1.40962 14.399 0.421634 9.51669 0.172976 8.17132 9.65057 2.61683 0.143331 0.166771
5000.00 1238.15 100.041811 53.3315 1.40963 14.399 0.417168 9.52075 0.172977 8.17136 9.65061 2.61684 0.143331 0.166772
5000.00 1233.15 100.041365 53.3318 1.40963 14.3991 0.412717 9.5248 0.172978 8.1714 9.65065 2.61685 0.143332 0.166773
5000.00 1228.15 100.040920 53.332 1.40964 14.3992 0.408281 9.52884 0.172978 8.17143 9.6507 2.61687 0.143333 0.166774
5000.00 1223.15 100.040477 53.3322 1.40965 14.3992 0.403861 9.53286 0.172979 8.17147 9.65074 2.61688 0.143333 0.166774
5000.00 1218.15 100.040036 53.3325 1.40965 14.3993 0.399456 9.53686 0.17298 8.1715 9.65078 2.61689 0.143334 0.166775
5000.00 1213.15 100.039596 53.3327 1.40966 14.3993 0.395068 9.54086 0.172981 8.17154 9.65082 2.6169 0.143335 0.166776
5000.00 1208.15 100.039157 53.3329 1.40966 14.3994 0.390695 9.54483 0.172981 8.17158 9.65087 2.61691 0.143335 0.166777
5000.00 1203.15 100.038720 53.3332 1.40967 14.3995 0.386338 9.5488 0.172982 8.17161 9.65091 2.61692 0.143336 0.166777
5000.00 1198.15 100.038285 53.3334 1.40968 14.3995 0.381997 9.55275 0.172983 8.17165 9.65095 2.61693 0.143336 0.166778
5000.00 1193.15 100.037851 53.3336 1.40968 14.3996 0.377673 9.55668 0.172984 8.17168 9.65099 2.61695 0.143337 0.166779
5000.00 1188.15 100.037419 53.3339 1.40969 14.3997 0.373365 9.5606 0.172984 8.17172 9.65103 2.61696 0.143338 0.16678
5000.00 1183.15 100.036989 53.3341 1.4097 14.3997 0.369073 9.5645 0.172985 8.17175 9.65108 2.61697 0.143338 0.16678
5000.00 1178.15 100.036561 53.3343 1.4097 14.3998 0.364799 9.56839 0.172986 8.17179 9.65112 2.61698 0.143339 0.166781
5000.00 1173.15 99.646453 53.5347 1.41383 14.4561 0.362338 9.60927 0.163609 8.19868 9.49034 2.62723 0.143872 0
5000.00 1168.15 99.645654 53.5353 1.41391 14.4562 0.348609 9.6217 0.163855 8.19883 9.49043 2.62725 0.143874 0
5000.00 1163.15 99.644770 53.536 1.41399 14.4564 0.33417 9.63479 0.164096 8.19897 9.49052 2.62727 0.143876 0
5000.00 1158.15 99.643865 53.5366 1.41406 14.4565 0.319759 9.64785 0.164328 8.19912 9.49061 2.62729 0.143878 0
5000.00 1153.15 99.642943 53.5373 1.41412 14.4566 0.305399 9.66086 0.164553 8.19926 9.4907 2.62732 0.14388 0
5000.00 1148.15 99.642801 53.5375 1.41419 14.4567 0.299783 9.66593 0.164738 8.19931 9.49072 2.62732 0.143881 0
5000.00 1143.15 99.642672 53.5377 1.41425 14.4567 0.294441 9.67076 0.164917 8.19937 9.49073 2.62732 0.143882 0
5000.00 1138.15 99.642535 53.5378 1.41431 14.4567 0.289158 9.67553 0.165091 8.19942 9.49075 2.62733 0.143883 0
5000.00 1133.15 99.642391 53.538 1.41436 14.4567 0.283934 9.68024 0.165261 8.19946 9.49077 2.62733 0.143883 0
5000.00 1128.15 99.642241 53.5382 1.41441 14.4567 0.278768 9.68491 0.165427 8.19951 9.49079 2.62734 0.143884 0
5000.00 1123.15 99.642086 53.5384 1.41446 14.4568 0.273661 9.68952 0.165588 8.19956 9.49081 2.62734 0.143885 0
5000.00 1118.15 99.641926 53.5386 1.41451 14.4568 0.268611 9.69408 0.165746 8.19961 9.49082 2.62734 0.143886 0
5000.00 1113.15 99.641761 53.5388 1.41455 14.4568 0.26362 9.69859 0.1659 8.19965 9.49084 2.62735 0.143886 0
5000.00 1108.15 99.641592 53.539 1.4146 14.4568 0.258687 9.70305 0.16605 8.1997 9.49086 2.62735 0.143887 0
5000.00 1103.15 99.641419 53.5392 1.41464 14.4569 0.253812 9.70746 0.166197 8.19975 9.49088 2.62736 0.143888 0
5000.00 1098.15 99.641242 53.5393 1.41468 14.4569 0.248994 9.71181 0.16634 8.19979 9.4909 2.62736 0.143889 0
5000.00 1093.15 99.641063 53.5395 1.41471 14.4569 0.244234 9.71611 0.16648 8.19983 9.49092 2.62737 0.143889 0
5000.00 1088.15 99.640880 53.5397 1.41475 14.4569 0.239532 9.72036 0.166617 8.19988 9.49094 2.62737 0.14389 0
5000.00 1083.15 99.640695 53.5399 1.41478 14.457 0.234886 9.72456 0.166751 8.19992 9.49096 2.62738 0.143891 0
5000.00 1078.15 99.640508 53.5401 1.41481 14.457 0.230298 9.72871 0.166883 8.19996 9.49098 2.62738 0.143891 0
5000.00 1073.15 99.640319 53.5403 1.41484 14.457 0.225766 9.73281 0.167011 8.2 9.491 2.62739 0.143892 0
5000.00 1068.15 99.640128 53.5404 1.41487 14.4571 0.221291 9.73686 0.167136 8.20004 9.49102 2.62739 0.143893 0
5000.00 1063.15 99.639935 53.5406 1.4149 14.4571 0.216872 9.74085 0.167259 8.20008 9.49104 2.6274 0.143893 0
5000.00 1058.15 99.639741 53.5408 1.41492 14.4571 0.21251 9.7448 0.16738 8.20012 9.49106 2.6274 0.143894 0
5000.00 1053.15 99.639546 53.541 1.41495 14.4571 0.208204 9.7487 0.167498 8.20015 9.49108 2.62741 0.143895 0
5000.00 1048.15 99.639349 53.5412 1.41497 14.4572 0.203953 9.75254 0.167613 8.20019 9.4911 2.62741 0.143895 0
5000.00 1043.15 99.639152 53.5413 1.41499 14.4572 0.199758 9.75634 0.167726 8.20023 9.49112 2.62742 0.143896 0
5000.00 1038.15 99.638954 53.5415 1.41502 14.4572 0.195618 9.76008 0.167837 8.20026 9.49114 2.62742 0.143897 0
5000.00 1033.15 99.638756 53.5417 1.41504 14.4573 0.191533 9.76378 0.167946 8.20029 9.49116 2.62743 0.143897 0
5000.00 1028.15 99.638557 53.5418 1.41506 14.4573 0.187502 9.76743 0.168053 8.20033 9.49118 2.62743 0.143898 0
5000.00 1023.15 99.638358 53.542 1.41508 14.4573 0.183526 9.77102 0.168158 8.20036 9.4912 2.62744 0.143899 0
5000.00 1018.15 99.638158 53.5422 1.41509 14.4573 0.179604 9.77457 0.16826 8.20039 9.49122 2.62744 0.143899 0
5000.00 1013.15 99.637959 53.5423 1.41511 14.4574 0.175736 9.77807 0.168361 8.20042 9.49124 2.62745 0.1439 0
5000.00 1008.15 99.637759 53.5425 1.41513 14.4574 0.171921 9.78153 0.16846 8.20045 9.49126 2.62745 0.1439 0
5000.00 1003.15 99.637559 53.5427 1.41514 14.4574 0.168159 9.78493 0.168557 8.20048 9.49128 2.62746 0.143901 0
5000.00 998.15 99.637360 53.5428 1.41516 14.4575 0.164449 9.78829 0.168652 8.2005 9.4913 2.62746 0.143901 0
5000.00 993.15 99.637161 53.543 1.41517 14.4575 0.160792 9.7916 0.168745 8.20053 9.49132 2.62747 0.143902 0