Title: Gale2013MORB-2

Bulk Composition:
Pressure Temperature mass SiO2 TiO2 Al2O3 Fe2O3 FeO MnO MgO CaO Na2O K2O P2O5 
5000.00 1573.15 100.146745 50.5492 1.55901 15.1364 1.46252 9.44002 0.175281 7.52371 11.1808 2.63351 0.151779 0.187754
5000.00 1568.15 100.146900 50.5491 1.55901 15.1364 1.46407 9.43861 0.175281 7.5237 11.1808 2.63351 0.151779 0.187754
5000.00 1563.15 100.147060 50.549 1.55901 15.1364 1.46566 9.43715 0.17528 7.52369 11.1808 2.63351 0.151779 0.187754
5000.00 1558.15 100.147227 50.5489 1.559 15.1363 1.46732 9.43565 0.17528 7.52368 11.1808 2.6335 0.151779 0.187753
5000.00 1553.15 100.147399 50.5488 1.559 15.1363 1.46903 9.43409 0.17528 7.52366 11.1807 2.6335 0.151778 0.187753
5000.00 1548.15 100.147577 50.5488 1.559 15.1363 1.4708 9.43248 0.175279 7.52365 11.1807 2.63349 0.151778 0.187753
5000.00 1543.15 100.147760 50.5487 1.55899 15.1363 1.47263 9.43081 0.175279 7.52364 11.1807 2.63349 0.151778 0.187752
5000.00 1538.15 100.147950 50.5486 1.55899 15.1362 1.47452 9.42909 0.175279 7.52362 11.1807 2.63348 0.151777 0.187752
5000.00 1533.15 100.147654 50.5487 1.559 15.1363 1.47157 9.43178 0.175279 7.52364 11.1807 2.63349 0.151778 0.187753
5000.00 1528.15 100.147319 50.5489 1.559 15.1363 1.46824 9.43481 0.17528 7.52367 11.1808 2.6335 0.151778 0.187753
5000.00 1523.15 100.147203 50.5489 1.559 15.1364 1.46708 9.43586 0.17528 7.52368 11.1808 2.6335 0.151779 0.187753
5000.00 1518.15 100.147283 50.5489 1.559 15.1363 1.46788 9.43514 0.17528 7.52367 11.1808 2.6335 0.151779 0.187753
5000.00 1513.15 100.147238 50.5489 1.559 15.1363 1.46743 9.43554 0.17528 7.52368 11.1808 2.6335 0.151779 0.187753
5000.00 1508.15 100.145559 50.5498 1.55903 15.1366 1.45072 9.45076 0.175283 7.5238 11.1809 2.63355 0.151781 0.187756
5000.00 1503.15 100.143779 50.5507 1.55906 15.1369 1.433 9.4669 0.175286 7.52394 11.1811 2.63359 0.151784 0.18776
5000.00 1498.15 100.142117 50.5515 1.55908 15.1371 1.41647 9.48195 0.175289 7.52406 11.1813 2.63364 0.151786 0.187763
5000.00 1493.15 100.140602 50.5523 1.55911 15.1373 1.40139 9.49568 0.175292 7.52417 11.1815 2.63368 0.151789 0.187766
5000.00 1488.15 100.139220 50.553 1.55913 15.1376 1.38763 9.50821 0.175294 7.52428 11.1817 2.63371 0.151791 0.187768
5000.00 1483.15 100.137958 50.5536 1.55915 15.1377 1.37507 9.51965 0.175296 7.52437 11.1818 2.63375 0.151793 0.187771
5000.00 1478.15 100.136806 50.5542 1.55917 15.1379 1.36361 9.53009 0.175298 7.52446 11.1819 2.63378 0.151794 0.187773
5000.00 1473.15 100.135753 50.5547 1.55918 15.1381 1.35312 9.53964 0.1753 7.52454 11.182 2.6338 0.151796 0.187775
5000.00 1468.15 100.134784 50.5552 1.5592 15.1382 1.34347 9.54842 0.175302 7.52461 11.1822 2.63383 0.151797 0.187777
5000.00 1463.15 100.133884 50.5557 1.55921 15.1384 1.33451 9.55658 0.175303 7.52468 11.1823 2.63385 0.151799 0.187778
5000.00 1458.15 100.133031 50.5561 1.55922 15.1385 1.32602 9.56431 0.175305 7.52474 11.1823 2.63388 0.1518 0.18778
5000.00 1453.15 100.132196 50.5565 1.55924 15.1386 1.31771 9.57188 0.175306 7.52481 11.1824 2.6339 0.151801 0.187781
5000.00 1448.15 100.131340 50.557 1.55925 15.1387 1.30919 9.57964 0.175308 7.52487 11.1825 2.63392 0.151803 0.187783
5000.00 1443.15 100.130419 50.5574 1.55926 15.1389 1.30002 9.58799 0.175309 7.52494 11.1826 2.63394 0.151804 0.187785
5000.00 1438.15 100.129336 50.558 1.55928 15.1391 1.28924 9.5978 0.175311 7.52502 11.1828 2.63397 0.151806 0.187787
5000.00 1433.15 100.128167 50.5586 1.5593 15.1392 1.27761 9.6084 0.175313 7.52511 11.1829 2.634 0.151807 0.187789
5000.00 1428.15 100.127070 50.5591 1.55932 15.1394 1.26668 9.61835 0.175315 7.52519 11.183 2.63403 0.151809 0.187791
5000.00 1423.15 100.126165 50.5596 1.55933 15.1395 1.25767 9.62655 0.175317 7.52526 11.1831 2.63406 0.151811 0.187793
5000.00 1418.15 100.125441 50.5599 1.55934 15.1396 1.25047 9.63311 0.175318 7.52531 11.1832 2.63408 0.151812 0.187794
5000.00 1413.15 100.124775 50.5603 1.55935 15.1397 1.24383 9.63916 0.175319 7.52536 11.1833 2.63409 0.151813 0.187795
5000.00 1408.15 100.124021 50.5606 1.55936 15.1399 1.23633 9.64599 0.175321 7.52542 11.1834 2.63411 0.151814 0.187797
5000.00 1403.15 100.123074 50.5611 1.55938 15.14 1.22689 9.65458 0.175322 7.52549 11.1835 2.63414 0.151815 0.187799
5000.00 1398.15 100.121945 50.5617 1.5594 15.1402 1.21566 9.66481 0.175324 7.52558 11.1836 2.63417 0.151817 0.187801
5000.00 1393.15 100.120536 50.5624 1.55942 15.1404 1.20162 9.67759 0.175327 7.52568 11.1837 2.6342 0.151819 0.187803
5000.00 1388.15 100.119072 50.5631 1.55944 15.1406 1.18705 9.69086 0.175329 7.52579 11.1839 2.63424 0.151821 0.187806
5000.00 1383.15 100.117663 50.5639 1.55946 15.1408 1.17302 9.70363 0.175332 7.5259 11.1841 2.63428 0.151823 0.187809
5000.00 1378.15 100.116363 50.5645 1.55948 15.141 1.16008 9.71542 0.175334 7.526 11.1842 2.63431 0.151825 0.187811
5000.00 1373.15 100.111046 50.5672 1.55957 15.1418 1.10712 9.76364 0.175343 7.5264 11.1848 2.63445 0.151833 0.187821
5000.00 1368.15 100.105100 50.5702 1.55966 15.1427 1.0479 9.81757 0.175354 7.52684 11.1855 2.63461 0.151842 0.187832
5000.00 1363.15 100.102992 50.5713 1.55969 15.143 1.02691 9.83668 0.175357 7.527 11.1857 2.63467 0.151846 0.187836
5000.00 1358.15 100.102144 50.5717 1.5597 15.1432 1.01846 9.84438 0.175359 7.52706 11.1858 2.63469 0.151847 0.187838
5000.00 1353.15 100.101293 50.5721 1.55972 15.1433 1.00998 9.8521 0.17536 7.52713 11.1859 2.63471 0.151848 0.187839
5000.00 1348.15 100.100439 50.5726 1.55973 15.1434 1.00148 9.85985 0.175362 7.52719 11.186 2.63473 0.15185 0.187841
5000.00 1343.15 100.099582 50.573 1.55974 15.1436 0.992938 9.86762 0.175363 7.52726 11.1861 2.63476 0.151851 0.187843
5000.00 1338.15 100.098721 50.5734 1.55976 15.1437 0.984369 9.87542 0.175365 7.52732 11.1862 2.63478 0.151852 0.187844
5000.00 1333.15 100.097858 50.5739 1.55977 15.1438 0.97577 9.88325 0.175366 7.52739 11.1863 2.6348 0.151853 0.187846
5000.00 1328.15 100.096992 50.5743 1.55979 15.1439 0.96714 9.89111 0.175368 7.52745 11.1864 2.63482 0.151855 0.187848
5000.00 1323.15 100.096122 50.5747 1.5598 15.1441 0.958479 9.899 0.175369 7.52752 11.1865 2.63485 0.151856 0.187849
5000.00 1318.15 100.095250 50.5752 1.55981 15.1442 0.949785 9.90691 0.175371 7.52758 11.1866 2.63487 0.151857 0.187851
5000.00 1313.15 100.094374 50.5756 1.55983 15.1443 0.941059 9.91486 0.175372 7.52765 11.1867 2.63489 0.151859 0.187852
5000.00 1308.15 100.093495 50.5761 1.55984 15.1445 0.932299 9.92284 0.175374 7.52772 11.1868 2.63492 0.15186 0.187854
5000.00 1303.15 100.092612 50.5765 1.55985 15.1446 0.923506 9.93085 0.175376 7.52778 11.1869 2.63494 0.151861 0.187856
5000.00 1298.15 100.091726 50.577 1.55987 15.1447 0.914677 9.93888 0.175377 7.52785 11.187 2.63496 0.151863 0.187857
5000.00 1293.15 100.090836 50.5774 1.55988 15.1449 0.905812 9.94696 0.175379 7.52792 11.1871 2.63499 0.151864 0.187859
5000.00 1288.15 100.089942 50.5779 1.5599 15.145 0.89691 9.95506 0.17538 7.52798 11.1872 2.63501 0.151865 0.187861
5000.00 1283.15 100.089045 50.5783 1.55991 15.1451 0.887969 9.96321 0.175382 7.52805 11.1873 2.63503 0.151867 0.187862
5000.00 1278.15 100.088143 50.5788 1.55992 15.1453 0.878987 9.97138 0.175383 7.52812 11.1874 2.63506 0.151868 0.187864
5000.00 1273.15 100.086135 50.5798 1.55995 15.1456 0.858975 9.98961 0.175387 7.52827 11.1876 2.63511 0.151871 0.187868
5000.00 1268.15 100.084007 50.5809 1.55999 15.1459 0.837773 10.0089 0.175391 7.52843 11.1878 2.63517 0.151874 0.187872
5000.00 1263.15 100.081902 50.5819 1.56002 15.1462 0.816792 10.028 0.175394 7.52859 11.1881 2.63522 0.151878 0.187876
5000.00 1258.15 100.079819 50.583 1.56005 15.1465 0.796037 10.0469 0.175398 7.52874 11.1883 2.63528 0.151881 0.18788
5000.00 1253.15 100.077759 50.584 1.56009 15.1469 0.775515 10.0656 0.175402 7.5289 11.1885 2.63533 0.151884 0.187884
5000.00 1248.15 100.075724 50.585 1.56012 15.1472 0.755231 10.0841 0.175405 7.52905 11.1888 2.63538 0.151887 0.187887
5000.00 1243.15 100.073714 50.5861 1.56015 15.1475 0.735193 10.1023 0.175409 7.5292 11.189 2.63544 0.15189 0.187891
5000.00 1238.15 100.071728 50.5871 1.56018 15.1478 0.715405 10.1203 0.175412 7.52935 11.1892 2.63549 0.151893 0.187895
5000.00 1233.15 100.069768 50.5881 1.56021 15.1481 0.695873 10.1381 0.175416 7.5295 11.1894 2.63554 0.151896 0.187899
5000.00 1228.15 100.067835 50.589 1.56024 15.1484 0.676602 10.1557 0.175419 7.52965 11.1896 2.63559 0.151899 0.187902
5000.00 1223.15 100.065928 50.59 1.56027 15.1486 0.657596 10.173 0.175422 7.52979 11.1898 2.63564 0.151902 0.187906
5000.00 1218.15 100.064049 50.5909 1.5603 15.1489 0.638862 10.19 0.175426 7.52993 11.1901 2.63569 0.151905 0.187909
5000.00 1213.15 100.062197 50.5919 1.56033 15.1492 0.620403 10.2069 0.175429 7.53007 11.1903 2.63574 0.151908 0.187913
5000.00 1208.15 100.060374 50.5928 1.56036 15.1495 0.602223 10.2234 0.175432 7.53021 11.1905 2.63579 0.15191 0.187916
5000.00 1203.15 100.058578 50.5937 1.56038 15.1498 0.584327 10.2397 0.175435 7.53034 11.1907 2.63584 0.151913 0.18792
5000.00 1198.15 100.056812 50.5946 1.56041 15.15 0.566718 10.2557 0.175438 7.53048 11.1909 2.63588 0.151916 0.187923
5000.00 1193.15 100.055075 50.5955 1.56044 15.1503 0.549399 10.2715 0.175441 7.53061 11.1911 2.63593 0.151918 0.187926
5000.00 1188.15 100.053368 50.5964 1.56047 15.1505 0.532374 10.287 0.175444 7.53073 11.1913 2.63597 0.151921 0.187929
5000.00 1183.15 100.051690 50.5972 1.56049 15.1508 0.515646 10.3022 0.175447 7.53086 11.1914 2.63602 0.151924 0.187933
5000.00 1178.15 100.050042 50.598 1.56052 15.1511 0.499217 10.3172 0.17545 7.53098 11.1916 2.63606 0.151926 0.187936
5000.00 1173.15 100.048425 50.5988 1.56054 15.1513 0.483089 10.3319 0.175453 7.53111 11.1918 2.6361 0.151928 0.187939
5000.00 1168.15 100.046838 50.5997 1.56057 15.1515 0.467265 10.3463 0.175456 7.53123 11.192 2.63614 0.151931 0.187942
5000.00 1163.15 100.045281 50.6004 1.56059 15.1518 0.451746 10.3604 0.175459 7.53134 11.1922 2.63619 0.151933 0.187945
5000.00 1158.15 100.043756 50.6012 1.56062 15.152 0.436533 10.3743 0.175461 7.53146 11.1923 2.63623 0.151936 0.187947
5000.00 1153.15 100.042427 50.6019 1.56064 15.1522 0.423282 10.3864 0.175464 7.53156 11.1925 2.63626 0.151938 0.18795
5000.00 1148.15 100.041794 50.6022 1.56065 15.1523 0.416962 10.3921 0.175465 7.53161 11.1925 2.63628 0.151939 0.187951
5000.00 1143.15 100.041163 50.6025 1.56066 15.1524 0.410676 10.3978 0.175466 7.53165 11.1926 2.63629 0.15194 0.187952
5000.00 1138.15 100.040536 50.6028 1.56067 15.1525 0.404424 10.4035 0.175467 7.5317 11.1927 2.63631 0.15194 0.187954
5000.00 1133.15 100.039913 50.6032 1.56068 15.1526 0.398206 10.4092 0.175468 7.53175 11.1928 2.63633 0.151941 0.187955
5000.00 1128.15 100.039293 50.6035 1.56068 15.1527 0.392023 10.4148 0.175469 7.53179 11.1928 2.63634 0.151942 0.187956
5000.00 1123.15 100.038676 50.6038 1.56069 15.1528 0.385876 10.4204 0.17547 7.53184 11.1929 2.63636 0.151943 0.187957
5000.00 1118.15 100.038064 50.6041 1.5607 15.1529 0.379763 10.426 0.175471 7.53189 11.193 2.63638 0.151944 0.187958
5000.00 1113.15 100.037454 50.6044 1.56071 15.153 0.373687 10.4315 0.175472 7.53193 11.193 2.63639 0.151945 0.187959
5000.00 1108.15 100.036849 50.6047 1.56072 15.153 0.367646 10.437 0.175473 7.53198 11.1931 2.63641 0.151946 0.18796
5000.00 1103.15 100.036247 50.605 1.56073 15.1531 0.361642 10.4425 0.175474 7.53202 11.1932 2.63642 0.151947 0.187962
5000.00 1098.15 100.035648 50.6053 1.56074 15.1532 0.355675 10.4479 0.175475 7.53207 11.1932 2.63644 0.151948 0.187963
5000.00 1093.15 100.035054 50.6056 1.56075 15.1533 0.349745 10.4533 0.175476 7.53211 11.1933 2.63646 0.151949 0.187964
5000.00 1088.15 100.034463 50.6059 1.56076 15.1534 0.343852 10.4587 0.175478 7.53216 11.1934 2.63647 0.15195 0.187965
5000.00 1083.15 100.033876 50.6062 1.56077 15.1535 0.337998 10.464 0.175479 7.5322 11.1934 2.63649 0.151951 0.187966
5000.00 1078.15 100.033293 50.6065 1.56078 15.1536 0.332182 10.4693 0.17548 7.53225 11.1935 2.6365 0.151951 0.187967
5000.00 1073.15 100.032714 50.6068 1.56079 15.1537 0.326405 10.4746 0.175481 7.53229 11.1936 2.63652 0.151952 0.187968
5000.00 1068.15 100.032139 50.6071 1.5608 15.1538 0.320667 10.4798 0.175482 7.53233 11.1936 2.63653 0.151953 0.187969
5000.00 1063.15 100.031567 50.6074 1.56081 15.1538 0.314968 10.485 0.175483 7.53238 11.1937 2.63655 0.151954 0.18797
5000.00 1058.15 100.031000 50.6077 1.56081 15.1539 0.30931 10.4901 0.175484 7.53242 11.1938 2.63656 0.151955 0.187971
5000.00 1053.15 100.030437 50.6079 1.56082 15.154 0.303693 10.4952 0.175485 7.53246 11.1938 2.63658 0.151956 0.187973
5000.00 1048.15 100.029878 50.6082 1.56083 15.1541 0.298116 10.5003 0.175486 7.5325 11.1939 2.63659 0.151957 0.187974
5000.00 1043.15 100.029323 50.6085 1.56084 15.1542 0.292581 10.5054 0.175487 7.53254 11.1939 2.63661 0.151957 0.187975
5000.00 1038.15 100.028772 50.6088 1.56085 15.1543 0.287088 10.5104 0.175487 7.53259 11.194 2.63662 0.151958 0.187976
5000.00 1033.15 100.028226 50.6091 1.56086 15.1544 0.281638 10.5153 0.175488 7.53263 11.1941 2.63664 0.151959 0.187977
5000.00 1028.15 100.027684 50.6093 1.56087 15.1544 0.27623 10.5203 0.175489 7.53267 11.1941 2.63665 0.15196 0.187978
5000.00 1023.15 100.027146 50.6096 1.56087 15.1545 0.270866 10.5251 0.17549 7.53271 11.1942 2.63666 0.151961 0.187979
5000.00 1018.15 100.026613 50.6099 1.56088 15.1546 0.265546 10.53 0.175491 7.53275 11.1942 2.63668 0.151962 0.18798
5000.00 1013.15 100.026084 50.6102 1.56089 15.1547 0.26027 10.5348 0.175492 7.53279 11.1943 2.63669 0.151962 0.187981
5000.00 1008.15 100.025560 50.6104 1.5609 15.1548 0.25504 10.5396 0.175493 7.53283 11.1944 2.63671 0.151963 0.187982