Title: Gale2013MORB-2

Phase Masses:
Pressure Temperature mass liquid_0 olivine_0 clinopyroxene_0 clinopyroxene_1 clinopyroxene_2 feldspar_0 rhm-oxide_0 whitlockite 
5000.00 1573.15 100.146745 100.146745 0.000000 0.000000 0.000000 0.000000 0.000000 0.000000 0.000000 
5000.00 1568.15 100.146900 100.146900 0.000000 0.000000 0.000000 0.000000 0.000000 0.000000 0.000000 
5000.00 1563.15 100.147060 100.147060 0.000000 0.000000 0.000000 0.000000 0.000000 0.000000 0.000000 
5000.00 1558.15 100.147227 100.147227 0.000000 0.000000 0.000000 0.000000 0.000000 0.000000 0.000000 
5000.00 1553.15 100.147399 100.147399 0.000000 0.000000 0.000000 0.000000 0.000000 0.000000 0.000000 
5000.00 1548.15 100.147577 100.147577 0.000000 0.000000 0.000000 0.000000 0.000000 0.000000 0.000000 
5000.00 1543.15 100.147760 100.147760 0.000000 0.000000 0.000000 0.000000 0.000000 0.000000 0.000000 
5000.00 1538.15 100.147950 100.147950 0.000000 0.000000 0.000000 0.000000 0.000000 0.000000 0.000000 
5000.00 1533.15 100.147654 98.496305 0.000000 1.651348 0.000000 0.000000 0.000000 0.000000 0.000000 
5000.00 1528.15 100.147319 95.697842 0.000000 4.449477 0.000000 0.000000 0.000000 0.000000 0.000000 
5000.00 1523.15 100.147203 92.960993 0.000000 7.186209 0.000000 0.000000 0.000000 0.000000 0.000000 
5000.00 1518.15 100.147283 90.312240 0.000000 9.835042 0.000000 0.000000 0.000000 0.000000 0.000000 
5000.00 1513.15 100.147238 86.803183 0.000000 12.624150 0.000000 0.000000 0.719905 0.000000 0.000000 
5000.00 1508.15 100.145559 78.770028 0.000000 16.337305 0.000000 0.000000 5.038226 0.000000 0.000000 
5000.00 1503.15 100.143779 71.323791 0.000000 18.849234 0.817813 0.000000 9.152941 0.000000 0.000000 
5000.00 1498.15 100.142117 64.593072 0.000000 19.071697 3.551140 0.000000 12.926209 0.000000 0.000000 
5000.00 1493.15 100.140602 58.595725 0.000000 19.285392 5.971725 0.000000 16.287761 0.000000 0.000000 
5000.00 1488.15 100.139220 53.199977 0.000000 19.512540 8.121077 0.000000 19.305626 0.000000 0.000000 
5000.00 1483.15 100.137958 48.304731 0.000000 19.762514 10.038394 0.000000 22.032319 0.000000 0.000000 
5000.00 1478.15 100.136806 43.830871 0.000000 20.036647 11.759904 0.000000 24.509385 0.000000 0.000000 
5000.00 1473.15 100.135753 39.714073 0.000000 20.331456 13.318791 0.000000 26.771432 0.000000 0.000000 
5000.00 1468.15 100.134784 35.904175 0.000000 20.641457 14.743335 0.000000 28.845817 0.000000 0.000000 
5000.00 1463.15 100.133884 32.361196 0.000000 20.960111 16.057609 0.000000 30.754968 0.000000 0.000000 
5000.00 1458.15 100.133031 29.052933 0.000000 21.280359 17.281945 0.000000 32.517793 0.000000 0.000000 
5000.00 1453.15 100.132196 25.953927 0.000000 21.594895 18.433181 0.000000 34.150193 0.000000 0.000000 
5000.00 1448.15 100.131340 23.045487 0.000000 21.896313 19.524811 0.000000 35.664729 0.000000 0.000000 
5000.00 1443.15 100.130419 20.317834 0.000000 22.177568 20.566805 0.000000 37.068213 0.000000 0.000000 
5000.00 1438.15 100.129336 17.707946 0.000000 22.448138 21.592163 0.000000 38.359117 0.000000 0.021972 
5000.00 1433.15 100.128167 15.299194 0.000000 22.699747 22.583596 0.000000 39.492874 0.000000 0.052757 
5000.00 1428.15 100.127070 13.188060 0.000000 22.931771 23.514646 0.000000 40.412861 0.000000 0.079731 
5000.00 1423.15 100.126165 11.400951 0.000000 23.152786 24.376138 0.000000 41.092620 0.000000 0.103671 
5000.00 1418.15 100.125441 9.905367 0.000000 23.362104 25.169782 0.000000 41.562825 0.000000 0.125364 
5000.00 1413.15 100.124775 8.642868 0.000000 23.552338 25.903203 0.000000 41.881050 0.000000 0.145315 
5000.00 1408.15 100.124021 7.564398 0.000000 23.716316 26.581305 0.000000 42.098275 0.000000 0.163727 
5000.00 1403.15 100.123074 6.637509 0.000000 23.850236 27.204077 0.000000 42.250645 0.000000 0.180606 
5000.00 1398.15 100.121945 4.915177 0.000000 24.507461 27.189941 0.000000 42.787442 0.490610 0.231314 
5000.00 1393.15 100.120536 3.803885 0.000000 24.906293 27.194713 0.000000 43.152519 0.799724 0.263401 
5000.00 1388.15 100.119072 2.996767 0.000000 25.191221 27.176244 0.000000 43.435459 1.032446 0.286935 
5000.00 1383.15 100.117663 2.391630 0.000000 25.403526 27.146950 0.000000 43.657498 1.213174 0.304885 
5000.00 1378.15 100.116363 1.926152 0.000000 25.568286 27.113723 0.000000 43.832225 1.356936 0.319042 
5000.00 1373.15 100.111046 0.986428 0.279086 25.724687 26.737606 0.000000 44.365061 1.656040 0.362138 
5000.00 1368.15 100.105100 0.173652 0.528926 25.786045 26.378824 0.000000 44.910048 1.925154 0.402451 
5000.00 1363.15 100.102992 0.000000 0.583046 25.794640 26.307616 0.000000 45.029131 1.977670 0.410890 
5000.00 1358.15 100.102144 0.000000 0.591115 25.806982 26.311014 0.000000 45.012143 1.970002 0.410890 
5000.00 1353.15 100.101293 0.000000 0.599153 25.818988 26.315131 0.000000 44.994998 1.962132 0.410890 
5000.00 1348.15 100.100439 0.000000 0.607159 25.830672 26.319973 0.000000 44.977693 1.954052 0.410890 
5000.00 1343.15 100.099582 0.000000 0.615129 25.842043 26.325547 0.000000 44.960222 1.945751 0.410890 
5000.00 1338.15 100.098721 0.000000 0.623061 25.853109 26.331862 0.000000 44.942580 1.937220 0.410890 
5000.00 1333.15 100.097858 0.000000 0.630952 25.863879 26.338931 0.000000 44.924760 1.928447 0.410890 
5000.00 1328.15 100.096992 0.000000 0.638799 25.874357 26.346769 0.000000 44.906756 1.919420 0.410890 
5000.00 1323.15 100.096122 0.000000 0.646600 25.884549 26.355393 0.000000 44.888563 1.910128 0.410890 
5000.00 1318.15 100.095250 0.000000 0.654351 25.894458 26.364823 0.000000 44.870172 1.900555 0.410890 
5000.00 1313.15 100.094374 0.000000 0.662050 25.904086 26.375084 0.000000 44.851576 1.890689 0.410890 
5000.00 1308.15 100.093495 0.000000 0.669693 25.913434 26.386200 0.000000 44.832768 1.880511 0.410890 
5000.00 1303.15 100.092612 0.000000 0.677277 25.922498 26.398202 0.000000 44.813739 1.870005 0.410890 
5000.00 1298.15 100.091726 0.000000 0.684801 25.931276 26.411122 0.000000 44.794484 1.859152 0.410890 
5000.00 1293.15 100.090836 0.000000 0.692261 25.939763 26.424998 0.000000 44.774991 1.847932 0.410890 
5000.00 1288.15 100.089942 0.000000 0.699653 25.947955 26.439873 0.000000 44.755250 1.836321 0.410890 
5000.00 1283.15 100.089045 0.000000 0.706973 25.955845 26.455792 0.000000 44.735249 1.824295 0.410890 
5000.00 1278.15 100.088143 0.000000 0.714218 25.963424 26.472809 0.000000 44.714975 1.811827 0.410890 
5000.00 1273.15 100.086135 0.000000 0.721005 25.476721 26.600013 0.486184 44.653998 1.737324 0.410890 
5000.00 1268.15 100.084007 0.000000 0.727551 24.947546 26.737771 1.016294 44.588292 1.655663 0.410890 
5000.00 1263.15 100.081902 0.000000 0.733899 24.438585 26.872074 1.528695 44.523041 1.574718 0.410890 
5000.00 1258.15 100.079819 0.000000 0.740053 23.948882 27.002967 2.024245 44.458273 1.494509 0.410890 
5000.00 1253.15 100.077759 0.000000 0.746017 23.477546 27.130496 2.503737 44.394016 1.415057 0.410890 
5000.00 1248.15 100.075724 0.000000 0.751796 23.023752 27.254705 2.967901 44.330301 1.336380 0.410890 
5000.00 1243.15 100.073714 0.000000 0.757393 22.586729 27.375640 3.417412 44.267153 1.258497 0.410890 
5000.00 1238.15 100.071728 0.000000 0.762812 22.165758 27.493346 3.852896 44.204600 1.181426 0.410890 
5000.00 1233.15 100.069768 0.000000 0.768057 21.760165 27.607869 4.274936 44.142668 1.105184 0.410890 
5000.00 1228.15 100.067835 0.000000 0.773132 21.369318 27.719254 4.684071 44.081383 1.029787 0.410890 
5000.00 1223.15 100.065928 0.000000 0.778042 20.992623 27.827546 5.080809 44.020768 0.955250 0.410890 
5000.00 1218.15 100.064049 0.000000 0.782789 20.629521 27.932793 5.465619 43.960848 0.881589 0.410890 
5000.00 1213.15 100.062197 0.000000 0.787379 20.279482 28.035040 5.838946 43.901645 0.808816 0.410890 
5000.00 1208.15 100.060374 0.000000 0.791814 19.942009 28.134334 6.201202 43.843180 0.736944 0.410890 
5000.00 1203.15 100.058578 0.000000 0.796100 19.616628 28.230721 6.552779 43.785476 0.665985 0.410890 
5000.00 1198.15 100.056812 0.000000 0.800240 19.302890 28.324248 6.894043 43.728550 0.595951 0.410890 
5000.00 1193.15 100.055075 0.000000 0.804239 19.000370 28.414961 7.225342 43.672424 0.526850 0.410890 
5000.00 1188.15 100.053368 0.000000 0.808099 18.708661 28.502909 7.547002 43.617113 0.458693 0.410890 
5000.00 1183.15 100.051690 0.000000 0.811825 18.427378 28.588138 7.859336 43.562635 0.391487 0.410890 
5000.00 1178.15 100.050042 0.000000 0.815422 18.156152 28.670696 8.162636 43.509006 0.325241 0.410890 
5000.00 1173.15 100.048425 0.000000 0.818892 17.894630 28.750630 8.457183 43.456240 0.259959 0.410890 
5000.00 1168.15 100.046838 0.000000 0.822240 17.642475 28.827988 8.743244 43.404351 0.195649 0.410890 
5000.00 1163.15 100.045281 0.000000 0.825470 17.399365 28.902818 9.021072 43.353352 0.132315 0.410890 
5000.00 1158.15 100.043756 0.000000 0.828586 17.164989 28.975167 9.290911 43.303254 0.069960 0.410890 
5000.00 1153.15 100.042427 0.434117 0.792015 16.925718 29.079122 9.579979 43.231475 0.000000 0.000000 
5000.00 1148.15 100.041794 0.433672 0.795399 16.975853 29.041954 9.580762 43.214155 0.000000 0.000000 
5000.00 1143.15 100.041163 0.433242 0.798733 17.025230 29.005649 9.581437 43.196873 0.000000 0.000000 
5000.00 1138.15 100.040536 0.432827 0.802016 17.073859 28.970197 9.582006 43.179631 0.000000 0.000000 
5000.00 1133.15 100.039913 0.432427 0.805248 17.121753 28.935586 9.582471 43.162429 0.000000 0.000000 
5000.00 1128.15 100.039293 0.432040 0.808427 17.168922 28.901806 9.582834 43.145265 0.000000 0.000000 
5000.00 1123.15 100.038676 0.431665 0.811553 17.215379 28.868844 9.583095 43.128140 0.000000 0.000000 
5000.00 1118.15 100.038064 0.431304 0.814624 17.261135 28.836692 9.583256 43.111052 0.000000 0.000000 
5000.00 1113.15 100.037454 0.430954 0.817639 17.306202 28.805339 9.583319 43.094003 0.000000 0.000000 
5000.00 1108.15 100.036849 0.430615 0.820597 17.350590 28.774773 9.583285 43.076990 0.000000 0.000000 
5000.00 1103.15 100.036247 0.430287 0.823496 17.394311 28.744986 9.583154 43.060013 0.000000 0.000000 
5000.00 1098.15 100.035648 0.429969 0.826335 17.437377 28.715967 9.582928 43.043073 0.000000 0.000000 
5000.00 1093.15 100.035054 0.429661 0.829113 17.479798 28.687707 9.582608 43.026167 0.000000 0.000000 
5000.00 1088.15 100.034463 0.429363 0.831829 17.521585 28.660196 9.582195 43.009296 0.000000 0.000000 
5000.00 1083.15 100.033876 0.429074 0.834480 17.562749 28.633425 9.581690 42.992458 0.000000 0.000000 
5000.00 1078.15 100.033293 0.428794 0.837065 17.603301 28.607385 9.581095 42.975653 0.000000 0.000000 
5000.00 1073.15 100.032714 0.428522 0.839583 17.643252 28.582066 9.580410 42.958880 0.000000 0.000000 
5000.00 1068.15 100.032139 0.428259 0.842033 17.682611 28.557461 9.579637 42.942139 0.000000 0.000000 
5000.00 1063.15 100.031567 0.428003 0.844412 17.721388 28.533560 9.578776 42.925429 0.000000 0.000000 
5000.00 1058.15 100.031000 0.427755 0.846720 17.759595 28.510354 9.577828 42.908748 0.000000 0.000000 
5000.00 1053.15 100.030437 0.427515 0.848954 17.797239 28.487835 9.576796 42.892098 0.000000 0.000000 
5000.00 1048.15 100.029878 0.427281 0.851114 17.834332 28.465995 9.575680 42.875476 0.000000 0.000000 
5000.00 1043.15 100.029323 0.427055 0.853198 17.870881 28.444825 9.574480 42.858884 0.000000 0.000000 
5000.00 1038.15 100.028772 0.426835 0.855205 17.906896 28.424317 9.573199 42.842319 0.000000 0.000000 
5000.00 1033.15 100.028226 0.426622 0.857133 17.942386 28.404463 9.571838 42.825783 0.000000 0.000000 
5000.00 1028.15 100.027684 0.426416 0.858981 17.977359 28.385254 9.570398 42.809276 0.000000 0.000000 
5000.00 1023.15 100.027146 0.426215 0.860749 18.011823 28.366682 9.568880 42.792797 0.000000 0.000000 
5000.00 1018.15 100.026613 0.426020 0.862436 18.045786 28.348739 9.567286 42.776346 0.000000 0.000000 
5000.00 1013.15 100.026084 0.425832 0.864040 18.079254 28.331415 9.565617 42.759926 0.000000 0.000000 
5000.00 1008.15 100.025560 0.425648 0.865561 18.112236 28.314703 9.563875 42.743536 0.000000 0.000000 
