Title: Gale2013MORB-3

System Thermodynamic Data:
Pressure Temperature mass F phi S H V dVdP*10^6 dVdT*10^6 Cp logfO2(absolute) logfO2-QFM rhol rhos viscosity aH2O chisqr
5000.00 1573.15 100.143462 1.0000000000000000 1.000000 275.271107 -1185757.135791 36.463120 -183.648369 2493.419884 149.553390 -7.247 0.000 2.746432 0.000000 2.041 0 0.000
5000.00 1568.15 100.143614 1.0000000000000000 1.000000 274.795352 -1186507.075054 36.450778 -183.751238 2493.482558 149.554169 -7.296 0.000 2.747366 0.000000 2.061 0 0.000
5000.00 1563.15 100.143771 1.0000000000000000 1.000000 274.318083 -1187257.100112 36.438441 -183.854261 2493.547479 149.554977 -7.346 0.000 2.748300 0.000000 2.081 0 0.000
5000.00 1558.15 100.143934 1.0000000000000000 1.000000 273.839292 -1188007.212532 36.426107 -183.957445 2493.614681 149.555813 -7.396 0.000 2.749235 0.000000 2.101 0 0.000
5000.00 1553.15 100.144103 1.0000000000000000 1.000000 273.358966 -1188757.413913 36.413778 -184.060794 2493.684197 149.556677 -7.447 0.000 2.750171 0.000000 2.122 0 0.000
5000.00 1548.15 100.144277 1.0000000000000000 1.000000 272.877097 -1189507.705888 36.401452 -184.164313 2493.756061 149.557571 -7.498 0.000 2.751107 0.000000 2.142 0 0.000
5000.00 1543.15 100.144457 1.0000000000000000 1.000000 272.393674 -1190258.090126 36.389130 -184.268007 2493.830310 149.558494 -7.549 0.000 2.752043 0.000000 2.163 0 0.000
5000.00 1538.15 100.144643 1.0000000000000000 1.000000 271.908688 -1191008.568327 36.376813 -184.371882 2493.906979 149.559448 -7.600 0.000 2.752980 0.000000 2.184 0 0.000
5000.00 1533.15 100.144835 1.0000000000000000 1.000000 271.422127 -1191759.142232 36.364499 -184.475942 2493.986104 149.560432 -7.652 0.000 2.753918 0.000000 2.205 0 0.000
5000.00 1528.15 100.144846 0.9962102435224315 0.996771 270.839837 -1192650.412116 36.334969 -184.129628 2489.511376 149.422451 -7.704 0.000 2.754605 3.235070 2.231 0 0.000
5000.00 1523.15 100.144053 0.9481542233564608 0.955612 269.041374 -1195382.705138 36.096489 -178.996561 2437.909285 147.636609 -7.757 0.000 2.752691 3.240482 2.298 0 0.000
5000.00 1518.15 100.144057 0.9214882838526476 0.932598 267.814040 -1197249.036335 35.957876 -176.214612 2408.986819 146.643164 -7.810 0.000 2.751862 3.244074 2.348 0 0.000
5000.00 1513.15 100.142755 0.8519813807167478 0.866264 265.636441 -1200525.139500 35.741918 -166.612783 2319.428286 144.429572 -7.863 0.000 2.755633 3.101066 2.374 0 0.000
5000.00 1508.15 100.140605 0.7655417627302096 0.781474 263.125925 -1204278.917942 35.507247 -153.984018 2204.561925 141.785236 -7.917 0.000 2.762787 3.025912 2.382 0 0.000
5000.00 1503.15 100.138645 0.6904364882803117 0.706908 260.893217 -1207605.298326 35.301830 -142.901234 2105.151559 139.506285 -7.970 0.000 2.770547 2.996055 2.386 0 0.000
5000.00 1498.15 100.136848 0.6243096951319721 0.640566 258.880010 -1210594.090462 35.119431 -133.049839 2017.938641 137.515097 -8.025 0.000 2.778960 2.980285 2.384 0 0.000
5000.00 1493.15 100.135195 0.5654342118683697 0.580963 257.043496 -1213311.159274 34.955498 -124.199665 1940.525487 135.754791 -8.079 0.000 2.788077 2.970807 2.377 0 0.000
5000.00 1488.15 100.133671 0.5125131916165092 0.526965 255.351491 -1215805.968146 34.806632 -116.178192 1871.104342 134.182687 -8.134 0.000 2.797959 2.964748 2.365 0 0.000
5000.00 1483.15 100.132261 0.4645534248248315 0.477695 253.779305 -1218116.399348 34.670256 -108.853484 1808.284354 132.766121 -8.190 0.000 2.808679 2.960798 2.347 0 0.000
5000.00 1478.15 100.130954 0.4207804159673177 0.432461 252.309506 -1220269.236094 34.544378 -102.122749 1750.975762 129.998084 -8.245 0.000 2.820329 2.958274 2.323 0 0.000
5000.00 1473.15 100.129735 0.3805690072406209 0.390697 250.927088 -1222287.377020 34.427425 -95.902568 1698.296877 128.982597 -8.302 0.000 2.833034 2.956774 2.292 0 0.000
5000.00 1468.15 100.128589 0.3434384780330861 0.351968 249.616579 -1224194.176067 34.318205 -90.129514 1649.564588 128.049940 -8.358 0.000 2.846946 2.956055 2.254 0 0.000
5000.00 1463.15 100.127497 0.3090164109431116 0.315936 248.368639 -1226003.712010 34.215820 -84.755212 1604.245619 127.188766 -8.415 0.000 2.862254 2.955954 2.208 0 0.000
5000.00 1458.15 100.126436 0.2770202035200416 0.282349 247.176085 -1227726.705518 34.119618 -79.744119 1561.931517 126.390224 -8.472 0.000 2.879185 2.956362 2.152 0 0.000
5000.00 1453.15 100.125382 0.2472549708592182 0.251039 246.033805 -1229370.682594 34.029178 -75.074060 1522.334025 125.647722 -8.530 0.000 2.897990 2.957204 2.086 0 0.000
5000.00 1448.15 100.124307 0.2196239726425085 0.221939 244.938977 -1230939.757824 33.944316 -70.739017 1485.293568 124.956929 -8.588 0.000 2.918891 2.958441 2.008 0 0.000
5000.00 1443.15 100.123193 0.1941501709737437 0.195114 243.891576 -1232434.121151 33.865106 -66.753955 1450.795598 124.315967 -8.646 0.000 2.941919 2.960072 1.919 0 0.000
5000.00 1438.15 100.122047 0.1709875735141879 0.170772 242.894711 -1233849.892641 33.791854 -63.157386 1418.967181 123.725449 -8.705 0.000 2.966639 2.962136 1.819 0 0.000
5000.00 1433.15 100.120911 0.1503604923072402 0.149198 241.953341 -1235181.221181 33.724941 -59.999290 1390.110276 123.192755 -8.765 0.000 2.991880 2.964694 1.715 0 0.000
5000.00 1428.15 100.119844 0.1323919377304600 0.130554 241.070708 -1236425.043098 33.664493 -57.307199 1364.044198 122.708408 -8.824 0.000 3.015923 2.967761 1.614 0 0.000
5000.00 1423.15 100.118808 0.1163734951850647 0.114146 240.234294 -1237599.135328 33.607751 -55.017663 1339.922375 122.243658 -8.885 0.000 3.037172 2.971548 1.534 0 0.000
5000.00 1418.15 100.117828 0.1026105366289253 0.100221 239.448056 -1238698.761883 33.556600 -53.114204 1318.046930 121.824187 -8.945 0.000 3.054689 2.975627 1.471 0 0.000
5000.00 1413.15 100.116822 0.0907300391635834 0.088347 238.703394 -1239735.166074 33.510406 -51.521342 1298.006378 121.444203 -9.006 0.000 3.068231 2.979823 1.423 0 0.000
5000.00 1408.15 100.115703 0.0803998137354537 0.078139 237.992690 -1240717.922238 33.468588 -50.174235 1279.478138 121.097979 -9.067 0.000 3.077899 2.983996 1.391 0 0.000
5000.00 1403.15 100.114399 0.0713831555653486 0.069317 237.310581 -1241653.669697 33.430761 -49.025401 1262.284599 120.781812 -9.129 0.000 3.083933 2.988031 1.374 0 0.000
5000.00 1398.15 100.112502 0.0504979548976729 0.049445 236.305786 -1243028.026255 33.385557 -46.467924 1213.864953 120.068850 -9.192 0.000 3.062561 2.995354 1.477 0 0.000
5000.00 1393.15 100.110442 0.0392722514077045 0.038637 235.561976 -1244029.734841 33.357620 -45.059903 1188.010093 119.669412 -9.254 0.000 3.050487 2.999143 1.535 0 0.000
5000.00 1388.15 100.108324 0.0310001940631341 0.030615 234.898271 -1244915.314931 33.336683 -44.002609 1168.653709 119.364290 -9.318 0.000 3.040692 3.001756 1.579 0 0.000
5000.00 1383.15 100.106227 0.0246764075793357 0.024437 234.287452 -1245724.700428 33.320217 -43.177383 1153.609713 119.121187 -9.381 0.000 3.033835 3.003631 1.606 0 0.000
5000.00 1378.15 100.104194 0.0196860930479640 0.019524 233.712724 -1246482.334364 33.306691 -42.512178 1141.526854 118.920269 -9.445 0.000 3.030442 3.005032 1.612 0 0.000
5000.00 1373.15 100.102249 0.0156441791315174 0.015518 233.163455 -1247203.655295 33.295142 -41.962428 1131.544870 118.748984 -9.510 0.000 3.030979 3.006127 1.595 0 0.000
5000.00 1368.15 100.100415 0.0122881027355068 0.012174 232.622615 -1247912.670873 33.284908 -41.498848 1123.065065 118.703738 -9.575 0.000 3.035656 3.007033 1.554 0 0.000
5000.00 1363.15 100.097704 0.0083177909484014 0.008296 232.069335 -1248620.505310 33.276687 -40.993042 1112.959486 118.533821 -9.640 0.000 3.015931 3.007977 1.660 0 0.000
5000.00 1358.15 100.093395 0.0034178037671439 0.003547 231.482916 -1249342.649711 33.271859 -40.397595 1100.612434 118.333244 -9.706 0.000 2.898629 3.008740 2.432 0 0.000
5000.00 1353.15 100.089821 0.0004307970723308 0.000459 230.954504 -1249996.220391 33.267664 -39.953638 1093.452289 118.202410 -9.773 0.000 2.825637 3.008706 2.999 0 0.000
5000.00 1348.15 100.088618 0.0000000000000000 0.000000 230.495277 -1250595.373200 33.261375 -39.880876 1091.046791 118.134042 -9.840 0.000 0.000000 3.009155 3.026 0 0.000
5000.00 1343.15 100.087867 0.0000000000000000 0.000000 230.046023 -1251186.733869 33.254613 -39.877256 1089.358310 118.074705 -9.907 0.000 0.000000 3.009744 3.026 0 0.000
5000.00 1338.15 100.087114 0.0000000000000000 0.000000 229.595324 -1251777.757733 33.247849 -39.873619 1087.669629 118.015053 -9.975 0.000 0.000000 3.010334 3.026 0 0.000
5000.00 1333.15 100.086358 0.0000000000000000 0.000000 229.143169 -1252368.443424 33.241082 -39.869964 1085.980745 117.955083 -10.044 0.000 0.000000 3.010924 3.026 0 0.000
5000.00 1328.15 100.085600 0.0000000000000000 0.000000 228.689548 -1252958.789561 33.234311 -39.866290 1084.291652 117.894793 -10.113 0.000 0.000000 3.011514 3.026 0 0.000
5000.00 1323.15 100.084839 0.0000000000000000 0.000000 228.234451 -1253548.794748 33.227538 -39.862599 1082.602348 117.834179 -10.183 0.000 0.000000 3.012105 3.026 0 0.000
5000.00 1318.15 100.084077 0.0000000000000000 0.000000 227.777868 -1254138.457573 33.220760 -39.858890 1080.912828 117.773238 -10.253 0.000 0.000000 3.012697 3.026 0 0.000
5000.00 1313.15 100.083312 0.0000000000000000 0.000000 227.319788 -1254727.776604 33.213979 -39.855163 1079.223089 117.711966 -10.323 0.000 0.000000 3.013289 3.026 0 0.000
5000.00 1308.15 100.082544 0.0000000000000000 0.000000 226.860105 -1255316.875805 33.207190 -39.888633 1087.133017 117.974367 -10.394 0.000 0.000000 3.013882 3.026 0 0.000
5000.00 1303.15 100.081774 0.0000000000000000 0.000000 226.397757 -1255907.125869 33.200351 -39.884961 1085.480395 117.913662 -10.466 0.000 0.000000 3.014479 3.026 0 0.000
5000.00 1298.15 100.081002 0.0000000000000000 0.000000 225.933870 -1256497.033820 33.193508 -39.881280 1083.828896 117.852662 -10.538 0.000 0.000000 3.015078 3.026 0 0.000
5000.00 1293.15 100.080227 0.0000000000000000 0.000000 225.468434 -1257086.598360 33.186660 -39.877590 1082.178671 117.791369 -10.611 0.000 0.000000 3.015676 3.026 0 0.000
5000.00 1288.15 100.079450 0.0000000000000000 0.000000 225.001436 -1257675.818193 33.179807 -39.873892 1080.529880 117.729784 -10.684 0.000 0.000000 3.016276 3.026 0 0.000
5000.00 1283.15 100.078670 0.0000000000000000 0.000000 224.532865 -1258264.692020 33.172947 -39.870187 1078.882693 117.667910 -10.758 0.000 0.000000 3.016876 3.026 0 0.000
5000.00 1278.15 100.077887 0.0000000000000000 0.000000 224.062709 -1258853.218538 33.166080 -39.866475 1077.237290 117.605750 -10.833 0.000 0.000000 3.017477 3.026 0 0.000
5000.00 1273.15 100.077102 0.0000000000000000 0.000000 223.590955 -1259441.396440 33.159207 -39.862759 1075.593864 117.543304 -10.908 0.000 0.000000 3.018079 3.026 0 0.000
5000.00 1268.15 100.076313 0.0000000000000000 0.000000 223.117590 -1260029.224410 33.152326 -39.859039 1073.952622 117.480578 -10.984 0.000 0.000000 3.018682 3.026 0 0.000
5000.00 1263.15 100.075047 0.0000000000000000 0.000000 222.635772 -1260617.104617 33.144172 -39.855616 1072.351911 117.417318 -11.060 0.000 0.000000 3.019386 3.026 0 0.000
5000.00 1258.15 100.073135 0.0000000000000000 0.000000 222.142947 -1261205.330151 33.134291 -39.852637 1070.806166 117.353455 -11.137 0.000 0.000000 3.020229 3.026 0 0.000
5000.00 1253.15 100.071247 0.0000000000000000 0.000000 221.648629 -1261793.397254 33.124459 -39.849703 1069.262439 117.289356 -11.214 0.000 0.000000 3.021068 3.026 0 0.000
5000.00 1248.15 100.069382 0.0000000000000000 0.000000 221.152813 -1262381.305785 33.114676 -39.846817 1067.720944 117.225026 -11.293 0.000 0.000000 3.021904 3.026 0 0.000

Title: Gale2013MORB-3

Liquid Composition:
Pressure Temperature mass SiO2 TiO2 Al2O3 Fe2O3 FeO MnO MgO CaO Na2O K2O P2O5 
5000.00 1573.15 100.143462 50.4044 1.61705 15.684 1.42985 9.37892 0.15993 7.43245 11.0527 2.5425 0.141488 0.1566
5000.00 1568.15 100.143614 50.4044 1.61704 15.684 1.43137 9.37755 0.15993 7.43244 11.0527 2.5425 0.141487 0.156599
5000.00 1563.15 100.143771 50.4043 1.61704 15.684 1.43293 9.37612 0.15993 7.43243 11.0527 2.54249 0.141487 0.156599
5000.00 1558.15 100.143934 50.4042 1.61704 15.684 1.43455 9.37465 0.159929 7.43242 11.0527 2.54249 0.141487 0.156599
5000.00 1553.15 100.144103 50.4041 1.61704 15.6839 1.43623 9.37312 0.159929 7.4324 11.0527 2.54248 0.141487 0.156599
5000.00 1548.15 100.144277 50.404 1.61703 15.6839 1.43796 9.37154 0.159929 7.43239 11.0527 2.54248 0.141486 0.156598
5000.00 1543.15 100.144457 50.4039 1.61703 15.6839 1.43976 9.36991 0.159928 7.43238 11.0526 2.54247 0.141486 0.156598
5000.00 1538.15 100.144643 50.4038 1.61703 15.6838 1.44161 9.36822 0.159928 7.43236 11.0526 2.54247 0.141486 0.156598
5000.00 1533.15 100.144835 50.4037 1.61702 15.6838 1.44352 9.36649 0.159928 7.43235 11.0526 2.54246 0.141486 0.156597
5000.00 1528.15 99.765321 50.3885 1.62282 15.7325 1.44665 9.36073 0.160536 7.35199 11.0851 2.55199 0.142024 0.157193
5000.00 1523.15 94.952007 50.3496 1.68912 16.2666 1.44737 9.43765 0.168674 6.817 10.8411 2.66849 0.149223 0.165162
5000.00 1518.15 92.281575 50.3451 1.72583 16.5678 1.4477 9.48581 0.173555 6.52693 10.6666 2.73722 0.153542 0.169941
5000.00 1513.15 85.319763 50.3085 1.85009 16.4832 1.49128 9.83634 0.187717 6.25439 10.4222 2.81765 0.164924 0.183808
5000.00 1508.15 76.661815 50.2092 2.0387 16.1454 1.56247 10.3538 0.208917 5.97558 10.2308 2.88945 0.181173 0.204566
5000.00 1503.15 69.139374 50.0724 2.23681 15.8118 1.63167 10.8646 0.231647 5.72116 10.063 2.94222 0.19787 0.226823
5000.00 1498.15 62.516405 49.8967 2.44607 15.4818 1.69913 11.3708 0.256188 5.48894 9.91823 2.9762 0.215043 0.250853
5000.00 1493.15 56.619865 49.6802 2.66837 15.1548 1.76503 11.8742 0.282868 5.27714 9.79636 2.99139 0.232708 0.276978
5000.00 1488.15 51.319827 49.4207 2.90586 14.8297 1.82953 12.3761 0.312081 5.0843 9.69761 2.98762 0.250869 0.305582
5000.00 1483.15 46.516785 49.1154 3.16111 14.5056 1.89275 12.8777 0.344305 4.90927 9.62268 2.9645 0.269513 0.337135
5000.00 1478.15 42.133145 48.7604 3.43721 14.1811 1.95483 13.3803 0.380127 4.75118 9.57273 2.92133 0.288604 0.372211
5000.00 1473.15 38.106274 48.3505 3.73812 13.8542 2.01595 13.8852 0.420297 4.6094 9.54961 2.85706 0.30808 0.411545
5000.00 1468.15 34.388010 47.8793 4.06869 13.5226 2.07627 14.3938 0.465742 4.48356 9.55582 2.77033 0.327823 0.456044
5000.00 1463.15 30.941040 47.3387 4.43497 13.1833 2.136 14.9073 0.517628 4.3735 9.59462 2.65947 0.347638 0.506849
5000.00 1458.15 27.737046 46.7188 4.84459 12.8329 2.19533 15.4265 0.577421 4.27918 9.67006 2.52265 0.367227 0.565397
5000.00 1453.15 24.756498 46.0083 5.30695 12.4673 2.25444 15.951 0.646939 4.20044 9.78676 2.35828 0.386141 0.633467
5000.00 1448.15 21.989698 45.1969 5.83274 12.0828 2.31334 16.4773 0.728339 4.13661 9.94906 2.16594 0.403759 0.713172
5000.00 1443.15 19.438935 44.281 6.43171 11.6785 2.3715 16.9946 0.823911 4.08556 10.1589 1.94827 0.419333 0.806754
5000.00 1438.15 17.119626 43.2746 7.10704 11.2603 2.42735 17.4787 0.935531 4.04252 10.4121 1.71363 0.432226 0.91605
5000.00 1433.15 15.054229 42.2203 7.84766 10.8444 2.4779 17.8891 1.06388 3.99971 10.6957 1.47715 0.442375 1.04173
5000.00 1428.15 13.255060 41.1823 8.62658 10.4545 2.51945 18.1793 1.20829 3.94848 10.9911 1.25629 0.450623 1.18313
5000.00 1423.15 11.651176 40.3025 9.4318 10.1441 2.54378 18.3441 1.37462 3.87216 11.2012 1.06692 0.459824 1.25902
5000.00 1418.15 10.273144 39.5528 10.2183 9.89558 2.55336 18.345 1.55901 3.77885 11.3858 0.908242 0.470097 1.33292
5000.00 1413.15 9.083603 38.9416 10.9675 9.70596 2.54855 18.1864 1.76317 3.67082 11.5485 0.777314 0.482116 1.40811
5000.00 1408.15 8.049284 38.4691 11.6663 9.56973 2.53 17.8829 1.98974 3.5511 11.6909 0.669762 0.496115 1.48444
5000.00 1403.15 7.146482 38.1312 12.3033 9.48026 2.49854 17.4529 2.24109 3.42321 11.8142 0.581519 0.511971 1.56181
5000.00 1398.15 5.055477 39.0421 11.8611 9.81753 2.37441 16.3442 2.93304 3.22033 11.6785 0.562532 0.565081 1.60115
5000.00 1393.15 3.931562 39.5379 11.7057 10.0191 2.27627 15.4642 3.53235 3.07223 11.6018 0.531143 0.599568 1.65974
5000.00 1388.15 3.103377 39.947 11.5462 10.193 2.1835 14.6582 4.15101 2.94636 11.5211 0.501398 0.626804 1.72544
5000.00 1383.15 2.470262 40.238 11.4002 10.3296 2.09927 13.9431 4.78709 2.83992 11.4456 0.470876 0.646005 1.80027
5000.00 1378.15 1.970660 40.382 11.2833 10.4226 2.02567 13.3264 5.44364 2.75112 11.3836 0.438013 0.656375 1.88733
5000.00 1373.15 1.566018 40.3517 11.2079 10.4668 1.96414 12.8108 6.12772 2.67885 11.3421 0.402 0.65715 1.99088
5000.00 1368.15 1.230044 40.1435 11.1777 10.4658 1.91457 12.3953 6.85187 2.62116 11.3138 0.363457 0.648159 2.10478
5000.00 1363.15 0.832592 41.0481 10.8205 10.7121 1.79836 11.4971 7.29023 2.49643 11.1627 0.362247 0.684212 2.12801
5000.00 1358.15 0.342100 46.8459 8.82649 11.898 1.42569 8.90683 6.51754 2.10427 10.2186 0.562285 0.940299 1.75408
5000.00 1353.15 0.043118 50.8285 7.55258 12.456 1.18948 7.32054 5.94811 1.83476 9.49034 0.70523 1.13014 1.5444
5000.00 1348.15 0.000000 ---
5000.00 1343.15 0.000000 ---
5000.00 1338.15 0.000000 ---
5000.00 1333.15 0.000000 ---
5000.00 1328.15 0.000000 ---
5000.00 1323.15 0.000000 ---
5000.00 1318.15 0.000000 ---
5000.00 1313.15 0.000000 ---
5000.00 1308.15 0.000000 ---
5000.00 1303.15 0.000000 ---
5000.00 1298.15 0.000000 ---
5000.00 1293.15 0.000000 ---
5000.00 1288.15 0.000000 ---
5000.00 1283.15 0.000000 ---
5000.00 1278.15 0.000000 ---
5000.00 1273.15 0.000000 ---
5000.00 1268.15 0.000000 ---
5000.00 1263.15 0.000000 ---
5000.00 1258.15 0.000000 ---
5000.00 1253.15 0.000000 ---
5000.00 1248.15 0.000000 ---
Title: Gale2013MORB-3

liquid_0 thermodynamic data and composition:
Pressure Temperature mass S H V Cp viscosity SiO2 TiO2 Al2O3 Fe2O3 FeO MnO MgO CaO Na2O K2O P2O5 Mg#
5000.00 1573.15 100.143462 275.271107 -1185757.135791 36.463120 149.553390 2.041 50.4044 1.61705 15.684 1.42985 9.37892 0.15993 7.43245 11.0527 2.5425 0.141488 0.1566 58.6
5000.00 1568.15 100.143614 274.795352 -1186507.075054 36.450778 149.554169 2.061 50.4044 1.61704 15.684 1.43137 9.37755 0.15993 7.43244 11.0527 2.5425 0.141487 0.156599 58.6
5000.00 1563.15 100.143771 274.318083 -1187257.100112 36.438441 149.554977 2.081 50.4043 1.61704 15.684 1.43293 9.37612 0.15993 7.43243 11.0527 2.54249 0.141487 0.156599 58.6
5000.00 1558.15 100.143934 273.839292 -1188007.212532 36.426107 149.555813 2.101 50.4042 1.61704 15.684 1.43455 9.37465 0.159929 7.43242 11.0527 2.54249 0.141487 0.156599 58.6
5000.00 1553.15 100.144103 273.358966 -1188757.413913 36.413778 149.556677 2.122 50.4041 1.61704 15.6839 1.43623 9.37312 0.159929 7.4324 11.0527 2.54248 0.141487 0.156599 58.6
5000.00 1548.15 100.144277 272.877097 -1189507.705888 36.401452 149.557571 2.142 50.404 1.61703 15.6839 1.43796 9.37154 0.159929 7.43239 11.0527 2.54248 0.141486 0.156598 58.6
5000.00 1543.15 100.144457 272.393674 -1190258.090126 36.389130 149.558494 2.163 50.4039 1.61703 15.6839 1.43976 9.36991 0.159928 7.43238 11.0526 2.54247 0.141486 0.156598 58.6
5000.00 1538.15 100.144643 271.908688 -1191008.568327 36.376813 149.559448 2.184 50.4038 1.61703 15.6838 1.44161 9.36822 0.159928 7.43236 11.0526 2.54247 0.141486 0.156598 58.6
5000.00 1533.15 100.144835 271.422127 -1191759.142232 36.364499 149.560432 2.205 50.4037 1.61702 15.6838 1.44352 9.36649 0.159928 7.43235 11.0526 2.54246 0.141486 0.156597 58.6
5000.00 1528.15 99.765321 269.900267 -1187920.535577 36.217653 148.942138 2.231 50.3885 1.62282 15.7325 1.44665 9.36073 0.160536 7.35199 11.0851 2.55199 0.142024 0.157193 58.3
5000.00 1523.15 94.952007 256.468333 -1130709.488908 34.494244 141.358654 2.298 50.3496 1.68912 16.2666 1.44737 9.43765 0.168674 6.817 10.8411 2.66849 0.149223 0.165162 56.3
5000.00 1518.15 92.281575 248.838110 -1099281.484809 33.534231 137.166353 2.348 50.3451 1.72583 16.5678 1.4477 9.48581 0.173555 6.52693 10.6666 2.73722 0.153542 0.169941 55.1
5000.00 1513.15 85.319763 229.621037 -1012879.850476 30.961950 126.460262 2.374 50.3085 1.85009 16.4832 1.49128 9.83634 0.187717 6.25439 10.4222 2.81765 0.164924 0.183808 53.1
5000.00 1508.15 76.661815 205.865158 -904845.875394 27.748004 113.222855 2.382 50.2092 2.0387 16.1454 1.56247 10.3538 0.208917 5.97558 10.2308 2.88945 0.181173 0.204566 50.7
5000.00 1503.15 69.139374 185.240276 -811367.244201 24.955135 101.768377 2.386 50.0724 2.23681 15.8118 1.63167 10.8646 0.231647 5.72116 10.063 2.94222 0.19787 0.226823 48.4
5000.00 1498.15 62.516405 167.098935 -729422.891374 22.496331 91.725107 2.384 49.8967 2.44607 15.4818 1.69913 11.3708 0.256188 5.48894 9.91823 2.9762 0.215043 0.250853 46.3
5000.00 1493.15 56.619865 150.966377 -656800.009647 20.307853 82.820605 2.377 49.6802 2.66837 15.1548 1.76503 11.8742 0.282868 5.27714 9.79636 2.99139 0.232708 0.276978 44.2
5000.00 1488.15 51.319827 136.486039 -591838.365133 18.341878 74.850370 2.365 49.4207 2.90586 14.8297 1.82953 12.3761 0.312081 5.0843 9.69761 2.98762 0.250869 0.305582 42.3
5000.00 1483.15 46.516785 123.384748 -533267.030265 16.561802 67.657809 2.347 49.1154 3.16111 14.5056 1.89275 12.8777 0.344305 4.90927 9.62268 2.9645 0.269513 0.337135 40.5
5000.00 1478.15 42.133145 111.451235 -480092.254375 14.939089 59.639256 2.323 48.7604 3.43721 14.1811 1.95483 13.3803 0.380127 4.75118 9.57273 2.92133 0.288604 0.372211 38.8
5000.00 1473.15 38.106274 100.514007 -431513.292824 13.450695 53.820711 2.292 48.3505 3.73812 13.8542 2.01595 13.8852 0.420297 4.6094 9.54961 2.85706 0.30808 0.411545 37.2
5000.00 1468.15 34.388010 90.437124 -386918.574094 12.078910 48.472346 2.254 47.8793 4.06869 13.5226 2.07627 14.3938 0.465742 4.48356 9.55582 2.77033 0.327823 0.456044 35.7
5000.00 1463.15 30.941040 81.117766 -345828.127719 10.810025 43.536101 2.208 47.3387 4.43497 13.1833 2.136 14.9073 0.517628 4.3735 9.59462 2.65947 0.347638 0.506849 34.3
5000.00 1458.15 27.737046 72.477609 -307874.698580 9.633646 38.967469 2.152 46.7188 4.84459 12.8329 2.19533 15.4265 0.577421 4.27918 9.67006 2.52265 0.367227 0.565397 33.1
5000.00 1453.15 24.756498 64.462155 -272800.300601 8.542644 34.734934 2.086 46.0083 5.30695 12.4673 2.25444 15.951 0.646939 4.20044 9.78676 2.35828 0.386141 0.633467 31.9
5000.00 1448.15 21.989698 57.043432 -240468.558288 7.533581 30.821189 2.008 45.1969 5.83274 12.0828 2.31334 16.4773 0.728339 4.13661 9.94906 2.16594 0.403759 0.713172 30.9
5000.00 1443.15 19.438935 50.225658 -210890.986383 6.607570 27.225912 1.919 44.281 6.43171 11.6785 2.3715 16.9946 0.823911 4.08556 10.1589 1.94827 0.419333 0.806754 30.0
5000.00 1438.15 17.119626 44.048052 -184240.082852 5.770715 23.967139 1.819 43.2746 7.10704 11.2603 2.42735 17.4787 0.935531 4.04252 10.4121 1.71363 0.432226 0.91605 29.2
5000.00 1433.15 15.054229 38.568142 -160771.463119 5.031696 21.072721 1.715 42.2203 7.84766 10.8444 2.4779 17.8891 1.06388 3.99971 10.6957 1.47715 0.442375 1.04173 28.5
5000.00 1428.15 13.255060 33.815433 -140608.381646 4.395026 18.556632 1.614 41.1823 8.62658 10.4545 2.51945 18.1793 1.20829 3.94848 10.9911 1.25629 0.450623 1.18313 27.9
5000.00 1423.15 11.651176 29.608018 -122931.643812 3.836192 16.305413 1.534 40.3025 9.4318 10.1441 2.54378 18.3441 1.37462 3.87216 11.2012 1.06692 0.459824 1.25902 27.3
5000.00 1418.15 10.273144 26.012342 -107995.713574 3.363074 14.372724 1.471 39.5528 10.2183 9.89558 2.55336 18.345 1.55901 3.77885 11.3858 0.908242 0.470097 1.33292 26.9
5000.00 1413.15 9.083603 22.924666 -95305.010266 2.960534 12.705756 1.423 38.9416 10.9675 9.70596 2.54855 18.1864 1.76317 3.67082 11.5485 0.777314 0.482116 1.40811 26.5
5000.00 1408.15 8.049284 20.253293 -84422.918479 2.615188 11.257197 1.391 38.4691 11.6663 9.56973 2.53 17.8829 1.98974 3.5511 11.6909 0.669762 0.496115 1.48444 26.1
5000.00 1403.15 7.146482 17.932354 -75033.482119 2.317327 9.993357 1.374 38.1312 12.3033 9.48026 2.49854 17.4529 2.24109 3.42321 11.8142 0.581519 0.511971 1.56181 25.9
5000.00 1398.15 5.055477 12.675003 -53560.375442 1.650735 7.058801 1.477 39.0421 11.8611 9.81753 2.37441 16.3442 2.93304 3.22033 11.6785 0.562532 0.565081 1.60115 26.0
5000.00 1393.15 3.931562 9.842574 -41910.954954 1.288831 5.484615 1.535 39.5379 11.7057 10.0191 2.27627 15.4642 3.53235 3.07223 11.6018 0.531143 0.599568 1.65974 26.2
5000.00 1388.15 3.103377 7.756434 -33255.008100 1.020615 4.325863 1.579 39.947 11.5462 10.193 2.1835 14.6582 4.15101 2.94636 11.5211 0.501398 0.626804 1.72544 26.4
5000.00 1383.15 2.470262 6.162577 -26576.604191 0.814237 3.440996 1.606 40.238 11.4002 10.3296 2.09927 13.9431 4.78709 2.83992 11.4456 0.470876 0.646005 1.80027 26.6
5000.00 1378.15 1.970660 4.905894 -21256.984731 0.650288 2.743548 1.612 40.382 11.2833 10.4226 2.02567 13.3264 5.44364 2.75112 11.3836 0.438013 0.656375 1.88733 26.9
5000.00 1373.15 1.566018 3.889328 -16910.514005 0.516671 2.179364 1.595 40.3517 11.2079 10.4668 1.96414 12.8108 6.12772 2.67885 11.3421 0.402 0.65715 1.99088 27.2
5000.00 1368.15 1.230044 3.046902 -13275.577051 0.405199 1.711324 1.554 40.1435 11.1777 10.4658 1.91457 12.3953 6.85187 2.62116 11.3138 0.363457 0.648159 2.10478 27.4
5000.00 1363.15 0.832592 2.059608 -9062.543051 0.276065 1.157016 1.660 41.0481 10.8205 10.7121 1.79836 11.4971 7.29023 2.49643 11.1627 0.362247 0.684212 2.12801 27.9
5000.00 1358.15 0.342100 0.849170 -3886.816731 0.118021 0.472325 2.432 46.8459 8.82649 11.898 1.42569 8.90683 6.51754 2.10427 10.2186 0.562285 0.940299 1.75408 29.6
5000.00 1353.15 0.043118 0.107086 -503.131927 0.015260 0.059215 2.999 50.8285 7.55258 12.456 1.18948 7.32054 5.94811 1.83476 9.49034 0.70523 1.13014 1.5444 30.9

clinopyroxene_1 thermodynamic data and composition:
Pressure Temperature mass S H V Cp structure formula SiO2 TiO2 Al2O3 Fe2O3 FeO MnO MgO CaO Na2O K2O P2O5
5000.00 1513.15 0.000528 0.001288 -6.463279 0.000162 0.000645 cpx Na0.01Ca0.36Fe''0.35Mg1.16Fe'''0.03Ti0.01Al0.20Si1.88O6 51.7343 0.240067 4.74928 1.14225 11.3586 0 21.3455 9.25498 0.175052 0 0
5000.00 1508.15 3.344707 8.131965 -40748.559581 1.023962 4.074830 cpx Na0.01Ca0.36Fe''0.36Mg1.14Fe'''0.03Ti0.01Al0.20Si1.88O6 51.5874 0.262978 4.7394 1.18549 11.8094 0 21.0146 9.21916 0.181479 0 0
5000.00 1503.15 6.234347 15.120824 -75652.198649 1.904563 7.577072 cpx Na0.01Ca0.36Fe''0.37Mg1.13Fe'''0.03Ti0.01Al0.20Si1.88O6 51.445 0.285742 4.72846 1.22717 12.2668 0 20.7071 9.15262 0.187124 0 0
5000.00 1498.15 8.737211 21.140750 -105601.009901 2.663530 10.594367 cpx Na0.01Ca0.36Fe''0.39Mg1.11Fe'''0.03Ti0.01Al0.20Si1.88O6 51.3059 0.308256 4.71666 1.26739 12.7311 0 20.4184 9.06021 0.192028 0 0
5000.00 1493.15 10.913525 26.344301 -131374.467644 3.319937 13.203340 cpx Na0.01Ca0.35Fe''0.41Mg1.10Fe'''0.04Ti0.01Al0.20Si1.88O6 51.1697 0.330423 4.70415 1.30621 13.2021 0 20.1447 8.94652 0.196232 0 0
5000.00 1488.15 12.817556 30.867959 -153669.578852 3.890895 15.472463 cpx Na0.01Ca0.35Fe''0.42Mg1.09Fe'''0.04Ti0.01Al0.20Si1.88O6 51.0356 0.352144 4.69101 1.34363 13.6791 0 19.883 8.8157 0.19978 0 0
5000.00 1483.15 14.497509 34.832181 -173101.267027 4.391537 17.462133 cpx Na0.01Ca0.34Fe''0.44Mg1.08Fe'''0.04Ti0.01Al0.20Si1.88O6 50.9037 0.373312 4.67723 1.37962 14.1612 0 19.6308 8.67139 0.202705 0 0
5000.00 1478.15 15.995333 38.341238 -190201.735224 4.834991 19.224626 cpx Na0.01Ca0.34Fe''0.45Mg1.07Fe'''0.04Ti0.01Al0.20Si1.88O6 50.7739 0.393805 4.66272 1.41409 14.6473 0 19.3865 8.51677 0.205037 0 0
5000.00 1473.15 17.347423 41.485103 -205429.965019 5.232608 20.805063 cpx Na0.01Ca0.33Fe''0.47Mg1.06Fe'''0.04Ti0.01Al0.20Si1.87O6 50.6463 0.413482 4.64726 1.44686 15.1362 0 19.1485 8.35458 0.206798 0 0
5000.00 1468.15 18.583447 44.336878 -219159.671570 5.593631 22.240136 cpx Na0.01Ca0.33Fe''0.48Mg1.05Fe'''0.04Ti0.01Al0.20Si1.87O6 50.5214 0.432167 4.63056 1.47772 15.6268 0 18.9161 8.18726 0.208 0 0
5000.00 1463.15 19.727605 46.955999 -231695.757202 5.925601 23.559727 cpx Na0.02Ca0.32Fe''0.50Mg1.04Fe'''0.04Ti0.01Al0.20Si1.87O6 50.3999 0.449651 4.61225 1.50634 16.1175 0 18.6888 8.01695 0.20864 0 0
5000.00 1458.15 20.799402 49.390237 -243284.773085 6.234602 24.787914 cpx Na0.02Ca0.31Fe''0.52Mg1.03Fe'''0.04Ti0.01Al0.20Si1.87O6 50.2824 0.465697 4.59191 1.53231 16.6067 0 18.4667 7.84566 0.208709 0 0
5000.00 1453.15 21.813900 51.676449 -254119.308209 6.525358 25.943352 cpx Na0.02Ca0.31Fe''0.53Mg1.02Fe'''0.04Ti0.01Al0.20Si1.87O6 50.17 0.48005 4.56908 1.55513 17.0924 0 18.2499 7.67525 0.208181 0 0
5000.00 1448.15 22.781514 53.840258 -264337.211755 6.801191 27.039126 cpx Na0.02Ca0.30Fe''0.55Mg1.01Fe'''0.04Ti0.01Al0.20Si1.87O6 50.0638 0.492486 4.54344 1.57422 17.5723 0 18.0393 7.50738 0.207022 0 0
5000.00 1443.15 23.707181 55.894320 -274013.853297 7.063785 28.081878 cpx Na0.01Ca0.29Fe''0.57Mg1.00Fe'''0.04Ti0.01Al0.20Si1.87O6 49.9647 0.502892 4.51506 1.58903 18.0435 0 17.8365 7.34322 0.205196 0 0
5000.00 1438.15 24.589310 57.836112 -283151.877695 7.312898 29.070698 cpx Na0.01Ca0.29Fe''0.58Mg0.99Fe'''0.05Ti0.01Al0.20Si1.87O6 49.8732 0.511389 4.48474 1.59913 18.502 0 17.6438 7.18313 0.202687 0 0
5000.00 1433.15 25.420557 59.649979 -291690.938844 7.546595 29.998112 cpx Na0.01Ca0.28Fe''0.60Mg0.98Fe'''0.05Ti0.01Al0.20Si1.87O6 49.7895 0.518363 4.45402 1.60446 18.9432 0 17.4645 7.02636 0.199541 0 0
5000.00 1428.15 26.193021 61.319219 -299564.929815 7.762785 30.856068 cpx Na0.01Ca0.28Fe''0.61Mg0.97Fe'''0.05Ti0.01Al0.20Si1.87O6 49.7138 0.524257 4.42425 1.60523 19.363 0 17.3017 6.87186 0.19588 0 0
5000.00 1423.15 26.929628 62.898459 -307029.255869 7.968185 31.671769 cpx Na0.01Ca0.27Fe''0.62Mg0.96Fe'''0.05Ti0.02Al0.20Si1.87O6 49.6435 0.530487 4.39565 1.60201 19.7678 0 17.1548 6.71407 0.191748 0 0
5000.00 1418.15 27.612297 64.346723 -313916.310415 8.157922 32.425299 cpx Na0.01Ca0.27Fe''0.64Mg0.96Fe'''0.05Ti0.02Al0.19Si1.87O6 49.5838 0.535356 4.36558 1.59389 20.1479 0 17.0263 6.55978 0.187355 0 0
5000.00 1413.15 28.248667 65.682366 -320324.334907 8.334433 33.125965 cpx Na0.01Ca0.26Fe''0.65Mg0.95Fe'''0.04Ti0.02Al0.19Si1.87O6 49.5369 0.538205 4.33139 1.58046 20.5032 0 16.9151 6.41192 0.182783 0 0
5000.00 1408.15 28.845185 66.920728 -326335.206686 8.499770 33.781512 cpx Na0.01Ca0.25Fe''0.66Mg0.95Fe'''0.04Ti0.02Al0.19Si1.87O6 49.5043 0.538484 4.2908 1.56138 20.8338 0 16.8197 6.27342 0.178087 0 0
5000.00 1403.15 29.404151 68.067513 -331983.533119 8.654739 34.394792 cpx Na0.01Ca0.25Fe''0.67Mg0.95Fe'''0.04Ti0.02Al0.19Si1.87O6 49.4868 0.535864 4.24253 1.53666 21.1394 0 16.7386 6.14684 0.173331 0 0
5000.00 1398.15 29.190433 67.412184 -329205.178012 8.586237 34.101916 cpx Na0.01Ca0.25Fe''0.68Mg0.94Fe'''0.04Ti0.01Al0.19Si1.88O6 49.5279 0.501178 4.15795 1.49634 21.3418 0 16.6186 6.18791 0.168341 0 0
5000.00 1393.15 29.150695 67.175154 -328518.469235 8.569901 34.024960 cpx Na0.01Ca0.25Fe''0.68Mg0.94Fe'''0.04Ti0.01Al0.18Si1.88O6 49.5653 0.479311 4.09106 1.45835 21.511 0 16.5637 6.1672 0.164075 0 0
5000.00 1388.15 29.093421 66.903754 -327731.986013 8.549343 33.932988 cpx Na0.01Ca0.25Fe''0.69Mg0.94Fe'''0.04Ti0.01Al0.18Si1.88O6 49.6066 0.459491 4.02998 1.42086 21.6504 0 16.5333 6.13918 0.160238 0 0
5000.00 1383.15 29.029998 66.622310 -326936.711614 8.527538 33.837265 cpx Na0.01Ca0.25Fe''0.69Mg0.93Fe'''0.04Ti0.01Al0.18Si1.88O6 49.6489 0.441239 3.97394 1.38459 21.7707 0 16.518 6.10581 0.156748 0 0
5000.00 1378.15 28.966234 66.342944 -326175.586211 8.505969 33.743333 cpx Na0.01Ca0.25Fe''0.69Mg0.93Fe'''0.04Ti0.01Al0.18Si1.89O6 49.6909 0.424245 3.92231 1.34981 21.8785 0 16.5124 6.06832 0.153543 0 0
5000.00 1373.15 28.904889 66.071193 -325465.957799 8.485307 33.653642 cpx Na0.01Ca0.25Fe''0.70Mg0.93Fe'''0.04Ti0.01Al0.17Si1.89O6 49.7315 0.408321 3.87479 1.3167 21.9776 0 16.513 6.02753 0.150587 0 0
5000.00 1368.15 28.846636 65.808078 -324807.084118 8.465666 33.568491 cpx Na0.01Ca0.24Fe''0.70Mg0.94Fe'''0.04Ti0.01Al0.17Si1.89O6 49.77 0.393324 3.83132 1.28543 22.0704 0 16.5176 5.98401 0.147864 0 0
5000.00 1363.15 28.706969 65.357907 -323246.236271 8.422592 33.389421 cpx Na0.01Ca0.24Fe''0.70Mg0.94Fe'''0.04Ti0.01Al0.17Si1.89O6 49.8256 0.377386 3.76636 1.24423 22.1658 0 16.53 5.94639 0.144159 0 0
5000.00 1358.15 28.461542 64.664803 -320516.670338 8.349301 33.088877 cpx Na0.01Ca0.24Fe''0.71Mg0.94Fe'''0.03Ti0.01Al0.16Si1.90O6 49.9136 0.359688 3.66006 1.1844 22.2678 0 16.5574 5.91857 0.138594 0 0
5000.00 1353.15 28.353152 64.286672 -319322.022064 8.315885 32.947810 cpx Na0.01Ca0.24Fe''0.71Mg0.94Fe'''0.03Ti0.01Al0.16Si1.90O6 49.9866 0.344378 3.5716 1.134 22.3655 0 16.5827 5.88124 0.133982 0 0
5000.00 1348.15 28.313738 64.074151 -318897.940591 8.301682 32.887611 cpx Na0.01Ca0.24Fe''0.71Mg0.94Fe'''0.03Ti0.01Al0.16Si1.90O6 50.0077 0.336562 3.55071 1.11308 22.445 0 16.6017 5.81295 0.132308 0 0
5000.00 1343.15 28.282885 63.882542 -318570.536026 8.289809 32.837378 cpx Na0.01Ca0.23Fe''0.72Mg0.94Fe'''0.03Ti0.01Al0.16Si1.90O6 50.0185 0.330262 3.54306 1.09786 22.5204 0 16.619 5.73966 0.13121 0 0
5000.00 1338.15 28.253825 63.694696 -318263.927132 8.278472 32.789066 cpx Na0.01Ca0.23Fe''0.72Mg0.94Fe'''0.03Ti0.01Al0.16Si1.90O6 50.0292 0.324058 3.53542 1.08274 22.5952 0 16.6358 5.66744 0.130128 0 0
5000.00 1333.15 28.226490 63.510437 -317977.276338 8.267651 32.742593 cpx Na0.01Ca0.23Fe''0.72Mg0.94Fe'''0.03Ti0.01Al0.16Si1.90O6 50.0397 0.317948 3.52779 1.06772 22.6696 0 16.652 5.59625 0.129059 0 0
5000.00 1328.15 28.200819 63.329608 -317709.831635 8.257326 32.697888 cpx Na0.01Ca0.22Fe''0.72Mg0.94Fe'''0.03Ti0.01Al0.16Si1.90O6 50.05 0.31193 3.52016 1.05279 22.7434 0 16.6676 5.52606 0.128005 0 0
5000.00 1323.15 28.176758 63.152066 -317460.919855 8.247481 32.654885 cpx Na0.01Ca0.22Fe''0.73Mg0.95Fe'''0.03Ti0.01Al0.16Si1.90O6 50.0602 0.306 3.51251 1.03795 22.8168 0 16.6827 5.45683 0.126964 0 0
5000.00 1318.15 28.154258 62.977685 -317229.940928 8.238101 32.613528 cpx Na0.01Ca0.22Fe''0.73Mg0.95Fe'''0.03Ti0.01Al0.16Si1.90O6 50.0702 0.300158 3.50485 1.0232 22.8899 0 16.6973 5.38855 0.125935 0 0
5000.00 1313.15 28.133276 62.806349 -317016.363014 8.229173 32.573764 cpx Na0.01Ca0.22Fe''0.73Mg0.95Fe'''0.03Ti0.01Al0.16Si1.90O6 50.08 0.2944 3.49717 1.00854 22.9625 0 16.7113 5.32117 0.124919 0 0
5000.00 1308.15 28.113776 62.637957 -316819.718382 8.220684 32.535551 cpx Na0.01Ca0.21Fe''0.73Mg0.95Fe'''0.03Ti0.01Al0.16Si1.90O6 50.0897 0.288724 3.48946 0.993971 23.0347 0 16.7248 5.25468 0.123914 0 0
5000.00 1303.15 28.095726 62.472420 -316639.593585 8.212625 32.498850 cpx Na0.01Ca0.21Fe''0.73Mg0.95Fe'''0.03Ti0.01Al0.16Si1.90O6 50.0993 0.283129 3.48172 0.979486 23.1066 0 16.7378 5.18905 0.12292 0 0
5000.00 1298.15 28.079100 62.309658 -316475.635504 8.204988 32.463626 cpx Na0.01Ca0.21Fe''0.74Mg0.95Fe'''0.03Ti0.01Al0.16Si1.90O6 50.1087 0.277613 3.47393 0.965086 23.1781 0 16.7504 5.12427 0.121936 0 0
5000.00 1293.15 28.063874 62.149605 -316327.552228 8.197764 32.429853 cpx Na0.01Ca0.21Fe''0.74Mg0.95Fe'''0.03Ti0.01Al0.16Si1.91O6 50.118 0.272174 3.46609 0.95077 23.2494 0 16.7624 5.0603 0.120961 0 0
5000.00 1288.15 28.050034 61.992203 -316195.106533 8.190949 32.397509 cpx Na0.01Ca0.20Fe''0.74Mg0.95Fe'''0.03Ti0.01Al0.15Si1.91O6 50.1271 0.266809 3.4582 0.936535 23.3203 0 16.7739 4.99714 0.119995 0 0
5000.00 1283.15 28.037566 61.837409 -316078.115025 8.184539 32.366578 cpx Na0.01Ca0.20Fe''0.74Mg0.95Fe'''0.03Ti0.01Al0.15Si1.91O6 50.1361 0.261519 3.45024 0.922382 23.391 0 16.785 4.93475 0.119037 0 0
5000.00 1278.15 28.026464 61.685186 -315976.447888 8.178529 32.337049 cpx Na0.01Ca0.20Fe''0.75Mg0.95Fe'''0.03Ti0.01Al0.15Si1.91O6 50.145 0.2563 3.4422 0.908307 23.4614 0 16.7955 4.87313 0.118087 0 0
5000.00 1273.15 28.016724 61.535508 -315890.029241 8.172920 32.308917 cpx Na0.01Ca0.20Fe''0.75Mg0.95Fe'''0.03Ti0.01Al0.15Si1.91O6 50.1538 0.251151 3.43408 0.89431 23.5317 0 16.8056 4.81225 0.117145 0 0
5000.00 1268.15 28.008350 61.388361 -315818.838146 8.167711 32.282181 cpx Na0.01Ca0.19Fe''0.75Mg0.95Fe'''0.03Ti0.01Al0.15Si1.91O6 50.1624 0.246072 3.42587 0.880389 23.6017 0 16.8153 4.7521 0.116209 0 0
5000.00 1263.15 28.049013 61.345123 -316268.807146 8.176674 32.310239 cpx Na0.01Ca0.19Fe''0.75Mg0.95Fe'''0.02Ti0.01Al0.15Si1.91O6 50.1791 0.239805 3.40241 0.862391 23.6839 0 16.8197 4.69779 0.114878 0 0
5000.00 1258.15 28.154076 61.437594 -317400.858606 8.204223 32.410140 cpx Na0.01Ca0.19Fe''0.76Mg0.95Fe'''0.02Ti0.01Al0.15Si1.91O6 50.2069 0.231968 3.35802 0.83891 23.7831 0 16.8173 4.65087 0.113002 0 0
5000.00 1253.15 28.256145 61.522106 -318498.900965 8.230874 32.506328 cpx Na0.01Ca0.19Fe''0.76Mg0.95Fe'''0.02Ti0.01Al0.15Si1.91O6 50.2342 0.22434 3.31382 0.815794 23.8818 0 16.8149 4.60407 0.111138 0 0
5000.00 1248.15 28.355269 61.598805 -319563.538186 8.256644 32.598865 cpx Na0.01Ca0.19Fe''0.76Mg0.95Fe'''0.02Ti0.01Al0.15Si1.91O6 50.2611 0.216917 3.26982 0.793046 23.9799 0 16.8125 4.5574 0.109287 0 0

feldspar_0 thermodynamic data and composition:
Pressure Temperature mass S H V Cp formula SiO2 TiO2 Al2O3 Fe2O3 FeO MnO MgO CaO Na2O K2O P2O5
5000.00 1513.15 3.259178 8.121415 -44193.934607 1.222644 4.031636 K0.00Na0.30Ca0.69Al1.69Si2.31O8 50.6824 0 31.5982 0 0 0 0 14.2428 3.44664 0.0300109 0
5000.00 1508.15 8.073762 20.107828 -109498.324619 3.031839 9.985148 K0.00Na0.32Ca0.68Al1.68Si2.32O8 51.0691 0 31.3367 0 0 0 0 13.9368 3.62276 0.0346846 0
5000.00 1503.15 12.268950 30.537539 -166425.776286 4.611619 15.170026 K0.00Na0.33Ca0.66Al1.66Si2.34O8 51.4391 0 31.0863 0 0 0 0 13.6439 3.79092 0.0398112 0
5000.00 1498.15 15.966237 39.713625 -216621.611768 6.006796 19.736806 K0.00Na0.35Ca0.65Al1.65Si2.35O8 51.7929 0 30.8467 0 0 0 0 13.3637 3.95127 0.0454288 0
5000.00 1493.15 19.254801 47.858647 -261293.356274 7.250243 23.795983 K0.00Na0.36Ca0.64Al1.64Si2.36O8 52.1308 0 30.6177 0 0 0 0 13.0959 4.10397 0.0515786 0
5000.00 1488.15 22.201821 55.140362 -301350.515936 8.366715 27.430799 K0.00Na0.37Ca0.62Al1.62Si2.38O8 52.4533 0 30.399 0 0 0 0 12.8402 4.24918 0.0583051 0
5000.00 1483.15 24.859051 61.688093 -337493.585539 9.375275 30.705382 K0.00Na0.39Ca0.61Al1.61Si2.39O8 52.7606 0 30.1903 0 0 0 0 12.5964 4.38702 0.0656569 0
5000.00 1478.15 27.267240 67.603744 -370273.984894 10.290926 33.670225 K0.00Na0.40Ca0.60Al1.60Si2.40O8 53.0531 0 29.9915 0 0 0 0 12.3641 4.5176 0.0736874 0
5000.00 1473.15 29.459990 72.971408 -400146.331609 11.126047 36.366961 K0.00Na0.41Ca0.59Al1.59Si2.41O8 53.3311 0 29.8023 0 0 0 0 12.1431 4.64104 0.0824601 0
5000.00 1468.15 31.463336 77.856268 -427462.764526 11.890206 38.827844 K0.01Na0.42Ca0.58Al1.58Si2.42O8 53.5946 0 29.6227 0 0 0 0 11.9334 4.75727 0.09204 0
5000.00 1463.15 33.297756 82.309589 -452500.202848 12.590900 41.078233 K0.01Na0.43Ca0.57Al1.57Si2.43O8 53.8431 0 29.4529 0 0 0 0 11.7354 4.86607 0.102492 0
5000.00 1458.15 34.979058 86.370924 -475472.466169 13.233875 43.137702 K0.01Na0.43Ca0.56Al1.56Si2.44O8 54.0758 0 29.2937 0 0 0 0 11.5497 4.96698 0.113876 0
5000.00 1453.15 36.518103 90.067382 -496526.473530 13.823001 45.019685 K0.01Na0.44Ca0.55Al1.55Si2.45O8 54.291 0 29.1459 0 0 0 0 11.3776 5.05929 0.126227 0
5000.00 1448.15 37.919448 93.410278 -515723.975915 14.359739 46.729821 K0.01Na0.45Ca0.54Al1.54Si2.46O8 54.4865 0 29.0112 0 0 0 0 11.2209 5.14188 0.13952 0
5000.00 1443.15 39.178884 96.389094 -533008.158114 14.842189 48.262935 K0.01Na0.46Ca0.54Al1.54Si2.46O8 54.6587 0 28.892 0 0 0 0 11.0824 5.21326 0.153595 0
5000.00 1438.15 40.281664 98.967375 -548179.422438 15.264433 49.600918 K0.01Na0.46Ca0.53Al1.53Si2.47O8 54.8037 0 28.7911 0 0 0 0 10.9653 5.27181 0.168054 0
5000.00 1433.15 41.207185 101.094818 -560958.421442 15.618386 50.723951 K0.01Na0.46Ca0.52Al1.52Si2.48O8 54.9188 0 28.7104 0 0 0 0 10.8718 5.31668 0.182236 0
5000.00 1428.15 41.944093 102.745365 -571189.828593 15.899653 51.608330 K0.01Na0.47Ca0.52Al1.52Si2.48O8 55.005 0 28.6494 0 0 0 0 10.8014 5.34877 0.195403 0
5000.00 1423.15 42.498558 103.937589 -578953.623585 16.110787 52.266876 K0.01Na0.47Ca0.52Al1.52Si2.48O8 55.0689 0 28.6037 0 0 0 0 10.7487 5.37133 0.207338 0
5000.00 1418.15 42.902866 104.753598 -584686.242471 16.264210 52.739774 K0.01Na0.47Ca0.52Al1.52Si2.48O8 55.1159 0 28.5697 0 0 0 0 10.7098 5.38692 0.217694 0
5000.00 1413.15 43.194275 105.287401 -588891.070801 16.374285 53.073202 K0.01Na0.47Ca0.52Al1.52Si2.48O8 55.1513 0 28.5439 0 0 0 0 10.6802 5.39803 0.226643 0
5000.00 1408.15 43.404661 105.618926 -591999.211764 16.453267 53.306582 K0.01Na0.47Ca0.51Al1.51Si2.49O8 55.179 0 28.5235 0 0 0 0 10.6569 5.40624 0.234438 0
5000.00 1403.15 43.558269 105.808681 -594338.849886 16.510458 53.469853 K0.01Na0.47Ca0.51Al1.51Si2.49O8 55.2013 0 28.5069 0 0 0 0 10.638 5.41252 0.241292 0
5000.00 1398.15 44.285622 107.354354 -604544.198813 16.779313 54.331073 K0.01Na0.47Ca0.52Al1.52Si2.48O8 55.1007 0 28.5714 0 0 0 0 10.7147 5.35766 0.25544 0
5000.00 1393.15 44.695535 108.137752 -610415.099013 16.930064 54.804587 K0.02Na0.47Ca0.52Al1.52Si2.48O8 55.0498 0 28.6037 0 0 0 0 10.7533 5.32891 0.264273 0
5000.00 1388.15 45.031169 108.739432 -615276.465572 17.052972 55.186937 K0.02Na0.46Ca0.52Al1.52Si2.48O8 55.0067 0 28.6311 0 0 0 0 10.7859 5.30475 0.271453 0
5000.00 1383.15 45.314561 109.213053 -619427.906701 17.156317 55.505116 K0.02Na0.46Ca0.52Al1.52Si2.48O8 54.9695 0 28.6549 0 0 0 0 10.8142 5.28398 0.277466 0
5000.00 1378.15 45.559081 109.591154 -623051.176010 17.245117 55.775495 K0.02Na0.46Ca0.52Al1.52Si2.48O8 54.9368 0 28.6758 0 0 0 0 10.8391 5.2658 0.282612 0
5000.00 1373.15 45.772676 109.893120 -626254.250091 17.322351 56.007811 K0.02Na0.46Ca0.52Al1.52Si2.48O8 54.9077 0 28.6944 0 0 0 0 10.8612 5.24971 0.28707 0
5000.00 1368.15 45.960102 110.130607 -629101.672262 17.389797 56.207896 K0.02Na0.46Ca0.53Al1.53Si2.47O8 54.8816 0 28.7111 0 0 0 0 10.8811 5.23536 0.290943 0
5000.00 1363.15 46.210082 110.511787 -632813.977229 17.480274 56.483631 K0.02Na0.46Ca0.53Al1.53Si2.47O8 54.8433 0 28.7361 0 0 0 0 10.9106 5.21567 0.294295 0
5000.00 1358.15 46.577553 111.164410 -638148.108556 17.614123 56.901623 K0.02Na0.45Ca0.53Al1.53Si2.47O8 54.7845 0 28.775 0 0 0 0 10.9565 5.18671 0.297297 0
5000.00 1353.15 46.868578 111.636223 -642429.047800 17.719952 57.226214 K0.02Na0.45Ca0.53Al1.53Si2.47O8 54.7445 0 28.801 0 0 0 0 10.9873 5.16587 0.301275 0
5000.00 1348.15 46.903037 111.504989 -643187.728579 17.730489 57.239097 K0.02Na0.45Ca0.53Al1.53Si2.47O8 54.7398 0 28.804 0 0 0 0 10.9908 5.16322 0.302092 0
5000.00 1343.15 46.888229 111.257685 -643269.848681 17.722709 57.192041 K0.02Na0.45Ca0.53Al1.53Si2.47O8 54.7414 0 28.8029 0 0 0 0 10.9896 5.16389 0.302188 0
5000.00 1338.15 46.873301 111.009547 -643349.975501 17.714889 57.144681 K0.02Na0.45Ca0.53Al1.53Si2.47O8 54.743 0 28.8019 0 0 0 0 10.9883 5.16456 0.302284 0
5000.00 1333.15 46.858248 110.760568 -643428.062204 17.707027 57.097010 K0.02Na0.45Ca0.53Al1.53Si2.47O8 54.7446 0 28.8008 0 0 0 0 10.987 5.16524 0.302381 0
5000.00 1328.15 46.843068 110.510737 -643504.059511 17.699123 57.049024 K0.02Na0.45Ca0.53Al1.53Si2.47O8 54.7462 0 28.7997 0 0 0 0 10.9857 5.16593 0.302479 0
5000.00 1323.15 46.827758 110.260045 -643577.915497 17.691174 57.000717 K0.02Na0.45Ca0.53Al1.53Si2.47O8 54.7478 0 28.7985 0 0 0 0 10.9844 5.16662 0.302578 0
5000.00 1318.15 46.812312 110.008480 -643649.575373 17.683180 56.952083 K0.02Na0.45Ca0.53Al1.53Si2.47O8 54.7495 0 28.7974 0 0 0 0 10.9831 5.16733 0.302678 0
5000.00 1313.15 46.796728 109.756031 -643718.981238 17.675140 56.903115 K0.02Na0.45Ca0.53Al1.53Si2.47O8 54.7511 0 28.7963 0 0 0 0 10.9818 5.16804 0.302779 0
5000.00 1308.15 46.781001 109.502593 -643786.197328 17.667047 57.177813 K0.02Na0.45Ca0.53Al1.53Si2.47O8 54.7528 0 28.7951 0 0 0 0 10.9804 5.16876 0.30288 0
5000.00 1303.15 46.765128 109.247104 -643852.552646 17.658860 57.129398 K0.02Na0.45Ca0.53Al1.53Si2.47O8 54.7545 0 28.7939 0 0 0 0 10.9791 5.16949 0.302983 0
5000.00 1298.15 46.749106 108.990695 -643916.503402 17.650623 57.080678 K0.02Na0.45Ca0.53Al1.53Si2.47O8 54.7563 0 28.7927 0 0 0 0 10.9777 5.17023 0.303087 0
5000.00 1293.15 46.732930 108.733352 -643977.976976 17.642334 57.031652 K0.02Na0.45Ca0.53Al1.53Si2.47O8 54.758 0 28.7915 0 0 0 0 10.9763 5.17099 0.303192 0
5000.00 1288.15 46.716595 108.475060 -644036.895845 17.633990 56.982316 K0.02Na0.45Ca0.53Al1.53Si2.47O8 54.7598 0 28.7903 0 0 0 0 10.9748 5.17176 0.303298 0
5000.00 1283.15 46.700095 108.215805 -644093.177063 17.625590 56.932669 K0.02Na0.45Ca0.53Al1.53Si2.47O8 54.7617 0 28.789 0 0 0 0 10.9734 5.17254 0.303405 0
5000.00 1278.15 46.683424 107.955571 -644146.731670 17.617132 56.882706 K0.02Na0.45Ca0.53Al1.53Si2.47O8 54.7635 0 28.7878 0 0 0 0 10.9719 5.17334 0.303514 0
5000.00 1273.15 46.666575 107.694342 -644197.464018 17.608613 56.832427 K0.02Na0.45Ca0.53Al1.53Si2.47O8 54.7654 0 28.7864 0 0 0 0 10.9703 5.17416 0.303623 0
5000.00 1268.15 46.649541 107.432100 -644245.270990 17.600031 56.781827 K0.02Na0.45Ca0.53Al1.53Si2.47O8 54.7674 0 28.7851 0 0 0 0 10.9688 5.17499 0.303734 0
5000.00 1263.15 46.616216 107.133684 -644064.775168 17.585626 56.711781 K0.02Na0.45Ca0.53Al1.53Si2.47O8 54.7758 0 28.7794 0 0 0 0 10.9621 5.17877 0.303951 0
5000.00 1258.15 46.560821 106.786748 -643574.772833 17.563337 56.615482 K0.02Na0.45Ca0.53Al1.53Si2.47O8 54.7932 0 28.7676 0 0 0 0 10.9483 5.18658 0.304313 0
5000.00 1253.15 46.505911 106.440630 -643090.722421 17.541230 56.519744 K0.02Na0.45Ca0.53Al1.53Si2.47O8 54.8104 0 28.7559 0 0 0 0 10.9346 5.19435 0.304672 0
5000.00 1248.15 46.451508 106.095370 -642612.954278 17.519315 56.424602 K0.02Na0.45Ca0.53Al1.53Si2.47O8 54.8276 0 28.7443 0 0 0 0 10.9211 5.20207 0.305029 0

rhm-oxide_0 thermodynamic data and composition:
Pressure Temperature mass S H V Cp formula SiO2 TiO2 Al2O3 Fe2O3 FeO MnO MgO CaO Na2O K2O P2O5
5000.00 1398.15 0.699820 1.426063 -5116.866162 0.153037 0.642909 Mn0.04Fe''0.76Mg0.12Fe'''0.16Ti0.92O3 0 49.5219 0 8.56336 36.902 1.69759 3.31517 0 0 0 0
5000.00 1393.15 1.032789 2.101305 -7547.768707 0.225656 0.948354 Mn0.04Fe''0.76Mg0.12Fe'''0.16Ti0.92O3 0 49.5229 0 8.4704 36.7531 2.06074 3.1929 0 0 0 0
5000.00 1388.15 1.285111 2.610679 -9389.947918 0.280570 1.179530 Mn0.05Fe''0.76Mg0.11Fe'''0.16Ti0.92O3 0 49.5281 0 8.38052 36.5683 2.43855 3.08449 0 0 0 0
5000.00 1383.15 1.482540 3.007165 -10832.401328 0.323443 1.360173 Mn0.06Fe''0.75Mg0.11Fe'''0.15Ti0.92O3 0 49.5348 0 8.29521 36.358 2.82662 2.98534 0 0 0 0
5000.00 1378.15 1.641298 3.324103 -11993.774429 0.357838 1.505230 Mn0.07Fe''0.75Mg0.11Fe'''0.15Ti0.92O3 0 49.5416 0 8.21494 36.1286 3.22207 2.89283 0 0 0 0
5000.00 1373.15 1.771892 3.583079 -12950.726284 0.386063 1.624374 Mn0.08Fe''0.74Mg0.10Fe'''0.15Ti0.92O3 0 49.5477 0 8.14008 35.8837 3.62315 2.80536 0 0 0 0
5000.00 1368.15 1.881955 3.799767 -13758.817886 0.409788 1.724636 Mn0.08Fe''0.74Mg0.10Fe'''0.15Ti0.92O3 0 49.552 0 8.07148 35.6232 4.03189 2.72146 0 0 0 0
5000.00 1363.15 2.016374 4.064368 -14750.850404 0.438840 1.846935 Mn0.09Fe''0.74Mg0.10Fe'''0.15Ti0.93O3 0 49.5916 0 7.94506 35.4301 4.38306 2.65024 0 0 0 0
5000.00 1358.15 2.183921 4.393691 -15996.950037 0.475193 1.999035 Mn0.10Fe''0.74Mg0.10Fe'''0.14Ti0.93O3 0 49.6999 0 7.70779 35.4146 4.57077 2.60696 0 0 0 0
5000.00 1353.15 2.275315 4.568892 -16685.241082 0.494966 2.081418 Mn0.10Fe''0.74Mg0.10Fe'''0.14Ti0.93O3 0 49.7896 0 7.51055 35.4101 4.71972 2.57003 0 0 0 0
5000.00 1348.15 2.282537 4.575079 -16748.772820 0.496438 2.087273 Mn0.10Fe''0.74Mg0.09Fe'''0.14Ti0.93O3 0 49.816 0 7.45051 35.4634 4.71237 2.55766 0 0 0 0
5000.00 1343.15 2.275961 4.553659 -16709.424881 0.494912 2.080608 Mn0.10Fe''0.74Mg0.09Fe'''0.14Ti0.93O3 0 49.8303 0 7.41684 35.5284 4.6745 2.54995 0 0 0 0
5000.00 1338.15 2.269225 4.531934 -16668.802536 0.493351 2.073794 Mn0.10Fe''0.74Mg0.09Fe'''0.14Ti0.93O3 0 49.8447 0 7.38291 35.5934 4.63706 2.54201 0 0 0 0
5000.00 1333.15 2.262320 4.509895 -16626.855444 0.491754 2.066824 Mn0.10Fe''0.74Mg0.09Fe'''0.14Ti0.93O3 0 49.8591 0 7.34872 35.6583 4.60005 2.53385 0 0 0 0
5000.00 1328.15 2.255242 4.487527 -16583.530084 0.490119 2.059693 Mn0.10Fe''0.74Mg0.09Fe'''0.14Ti0.93O3 0 49.8735 0 7.31427 35.7233 4.56349 2.52545 0 0 0 0
5000.00 1323.15 2.247981 4.464819 -16538.769468 0.488445 2.052393 Mn0.10Fe''0.74Mg0.09Fe'''0.14Ti0.93O3 0 49.888 0 7.27955 35.7883 4.52738 2.51683 0 0 0 0
5000.00 1318.15 2.240529 4.441756 -16492.512825 0.486729 2.044918 Mn0.09Fe''0.74Mg0.09Fe'''0.14Ti0.93O3 0 49.9025 0 7.24454 35.8532 4.49172 2.50798 0 0 0 0
5000.00 1313.15 2.232879 4.418325 -16444.695251 0.484970 2.037260 Mn0.09Fe''0.75Mg0.09Fe'''0.13Ti0.93O3 0 49.9171 0 7.20926 35.9182 4.45653 2.49889 0 0 0 0
5000.00 1308.15 2.225021 4.394508 -16395.247303 0.483166 2.029410 Mn0.09Fe''0.75Mg0.09Fe'''0.13Ti0.93O3 0 49.9318 0 7.17368 35.9832 4.42182 2.48957 0 0 0 0
5000.00 1303.15 2.216944 4.370288 -16344.093224 0.481315 2.021360 Mn0.09Fe''0.75Mg0.09Fe'''0.13Ti0.93O3 0 49.9465 0 7.13781 36.0481 4.38758 2.48002 0 0 0 0
5000.00 1298.15 2.208639 4.345647 -16291.151859 0.479414 2.013100 Mn0.09Fe''0.75Mg0.09Fe'''0.13Ti0.93O3 0 49.9613 0 7.10163 36.113 4.35382 2.47023 0 0 0 0
5000.00 1293.15 2.200093 4.320566 -16236.336872 0.477461 2.004619 Mn0.09Fe''0.75Mg0.09Fe'''0.13Ti0.93O3 0 49.9761 0 7.06515 36.1779 4.32056 2.4602 0 0 0 0
5000.00 1288.15 2.191295 4.295022 -16179.555196 0.475454 1.995907 Mn0.09Fe''0.75Mg0.09Fe'''0.13Ti0.93O3 0 49.9911 0 7.02835 36.2428 4.2878 2.44994 0 0 0 0
5000.00 1283.15 2.182230 4.268993 -16120.706294 0.473389 1.986951 Mn0.09Fe''0.75Mg0.09Fe'''0.13Ti0.93O3 0 50.0061 0 6.99121 36.3077 4.25557 2.43944 0 0 0 0
5000.00 1278.15 2.172885 4.242454 -16059.681325 0.471264 1.977740 Mn0.09Fe''0.76Mg0.09Fe'''0.13Ti0.93O3 0 50.0212 0 6.95374 36.3725 4.22385 2.4287 0 0 0 0
5000.00 1273.15 2.163243 4.215377 -15996.362182 0.469075 1.968257 Mn0.09Fe''0.76Mg0.09Fe'''0.13Ti0.94O3 0 50.0363 0 6.91592 36.4373 4.19268 2.41772 0 0 0 0
5000.00 1268.15 2.153288 4.187733 -15930.620396 0.466818 1.958490 Mn0.09Fe''0.76Mg0.09Fe'''0.13Ti0.94O3 0 50.0516 0 6.87773 36.5021 4.16207 2.40649 0 0 0 0
5000.00 1263.15 2.116574 4.108107 -15667.336574 0.458752 1.924301 Mn0.09Fe''0.76Mg0.09Fe'''0.13Ti0.94O3 0 50.0767 0 6.81601 36.5591 4.15975 2.38849 0 0 0 0
5000.00 1258.15 2.043591 3.958369 -15136.020915 0.442818 1.857050 Mn0.09Fe''0.76Mg0.09Fe'''0.13Ti0.94O3 0 50.1153 0 6.72201 36.6048 4.19651 2.36144 0 0 0 0
5000.00 1253.15 1.971334 3.810589 -14609.503535 0.427049 1.790520 Mn0.09Fe''0.76Mg0.09Fe'''0.12Ti0.94O3 0 50.1539 0 6.62801 36.6496 4.23393 2.33452 0 0 0 0
5000.00 1248.15 1.899819 3.664789 -14087.896787 0.411450 1.724723 Mn0.09Fe''0.76Mg0.09Fe'''0.12Ti0.94O3 0 50.1926 0 6.53404 36.6936 4.27199 2.30772 0 0 0 0

clinopyroxene_0 thermodynamic data and composition:
Pressure Temperature mass S H V Cp structure formula SiO2 TiO2 Al2O3 Fe2O3 FeO MnO MgO CaO Na2O K2O P2O5
5000.00 1523.15 5.192046 12.573041 -64673.216230 1.602245 6.277955 cpx Na0.02Ca0.58Fe''0.25Mg1.02Fe'''0.03Ti0.01Al0.22Si1.88O6 51.4023 0.29885 5.02773 1.2229 8.20159 0 18.6869 14.9216 0.238057 0 0
5000.00 1518.15 7.862482 18.975930 -97967.551525 2.423644 9.476811 cpx Na0.02Ca0.61Fe''0.25Mg0.98Fe'''0.04Ti0.01Al0.23Si1.87O6 51.0974 0.340167 5.31 1.29574 8.05577 0 18.0599 15.584 0.256921 0 0
5000.00 1513.15 11.563286 27.892702 -143444.891138 3.557161 13.937028 cpx Na0.02Ca0.58Fe''0.27Mg0.99Fe'''0.04Ti0.01Al0.23Si1.87O6 51.0371 0.353446 5.30366 1.31873 8.70281 0 18.2195 14.8071 0.257713 0 0
5000.00 1508.15 12.060321 29.020974 -149186.158348 3.703442 14.502404 cpx Na0.02Ca0.58Fe''0.28Mg0.98Fe'''0.04Ti0.01Al0.23Si1.86O6 50.8844 0.395216 5.31197 1.37577 9.00184 0 17.9037 14.8578 0.269334 0 0
5000.00 1503.15 12.495974 29.994579 -154160.079190 3.830513 14.990809 cpx Na0.02Ca0.59Fe''0.28Mg0.96Fe'''0.04Ti0.01Al0.23Si1.86O6 50.726 0.440441 5.32653 1.43398 9.27645 0 17.5783 14.9371 0.281201 0 0
5000.00 1498.15 12.916994 30.926700 -158948.577420 3.952775 15.458817 cpx Na0.02Ca0.59Fe''0.29Mg0.95Fe'''0.04Ti0.01Al0.23Si1.86O6 50.5618 0.489565 5.34702 1.49352 9.52852 0 17.2457 15.0406 0.293323 0 0
5000.00 1493.15 13.347004 31.874172 -163843.325708 4.077465 15.934863 cpx Na0.02Ca0.60Fe''0.30Mg0.93Fe'''0.04Ti0.02Al0.23Si1.86O6 50.3918 0.543035 5.37316 1.55449 9.75985 0 16.9079 15.1641 0.305686 0 0
5000.00 1488.15 13.794466 32.857131 -168947.508224 4.207144 16.429055 cpx Na0.02Ca0.61Fe''0.31Mg0.91Fe'''0.04Ti0.02Al0.24Si1.85O6 50.2159 0.601307 5.40467 1.6169 9.97206 0 16.5671 15.3038 0.318267 0 0
5000.00 1483.15 14.258916 33.874283 -174254.516517 4.341641 16.940797 cpx Na0.02Ca0.61Fe''0.31Mg0.89Fe'''0.05Ti0.02Al0.24Si1.85O6 50.0339 0.664844 5.44129 1.6807 10.1666 0 16.2249 15.4568 0.331027 0 0
5000.00 1478.15 14.735237 34.913289 -179701.261600 4.479372 17.463977 cpx Na0.02Ca0.62Fe''0.32Mg0.88Fe'''0.05Ti0.02Al0.24Si1.85O6 49.8458 0.734106 5.4828 1.74576 10.3446 0 15.8828 15.6203 0.343915 0 0
5000.00 1473.15 15.216048 35.956569 -185197.787567 4.618075 17.989863 cpx Na0.03Ca0.63Fe''0.33Mg0.86Fe'''0.05Ti0.02Al0.24Si1.84O6 49.6515 0.809539 5.52888 1.81189 10.5072 0 15.542 15.7922 0.356867 0 0
5000.00 1468.15 15.693796 36.986309 -190653.165876 4.755457 18.509615 cpx Na0.03Ca0.64Fe''0.33Mg0.84Fe'''0.05Ti0.02Al0.24Si1.84O6 49.4509 0.891528 5.57921 1.87877 10.6552 0 15.2038 15.9708 0.369794 0 0
5000.00 1463.15 16.161097 37.985285 -195979.624241 4.889294 19.014705 cpx Na0.03Ca0.65Fe''0.34Mg0.83Fe'''0.05Ti0.03Al0.25Si1.84O6 49.2443 0.980358 5.63342 1.94594 10.7895 0 14.8693 16.1545 0.382578 0 0
5000.00 1458.15 16.610931 38.937315 -201094.767684 5.017496 19.497140 cpx Na0.03Ca0.65Fe''0.34Mg0.81Fe'''0.06Ti0.03Al0.25Si1.83O6 49.0321 1.07615 5.69101 2.01277 10.9106 0 14.5401 16.3421 0.395066 0 0
5000.00 1453.15 17.036880 39.827818 -205924.600254 5.138174 19.949751 cpx Na0.03Ca0.66Fe''0.34Mg0.79Fe'''0.06Ti0.03Al0.25Si1.83O6 48.8152 1.17882 5.75139 2.07839 11.0193 0 14.2175 16.5324 0.407058 0 0
5000.00 1448.15 17.433647 40.645009 -210410.011866 5.249805 20.366793 cpx Na0.03Ca0.67Fe''0.35Mg0.78Fe'''0.06Ti0.04Al0.26Si1.82O6 48.5945 1.28814 5.81405 2.14178 11.1156 0 13.9033 16.7243 0.418316 0 0
5000.00 1443.15 17.798194 41.382504 -214521.123357 5.351561 20.745241 cpx Na0.03Ca0.68Fe''0.35Mg0.76Fe'''0.06Ti0.04Al0.26Si1.81O6 48.3706 1.40402 5.87911 2.20185 11.1992 0 13.5991 16.9175 0.428597 0 0
5000.00 1438.15 18.131448 42.043171 -218278.509656 5.443808 21.086694 cpx Na0.03Ca0.69Fe''0.35Mg0.75Fe'''0.06Ti0.04Al0.26Si1.81O6 48.1427 1.5273 5.94823 2.25788 11.2673 0 13.306 17.1129 0.437737 0 0
5000.00 1433.15 18.438940 42.640402 -221760.397775 5.528264 21.397971 cpx Na0.03Ca0.70Fe''0.36Mg0.73Fe'''0.07Ti0.05Al0.27Si1.80O6 47.9069 1.66057 6.02523 2.30994 11.315 0 13.0236 17.313 0.445768 0 0
5000.00 1428.15 18.727669 43.190691 -225061.903045 5.607029 21.687377 cpx Na0.03Ca0.71Fe''0.36Mg0.72Fe'''0.07Ti0.05Al0.27Si1.80O6 47.6574 1.80797 6.11499 2.35882 11.3365 0 12.7506 17.5207 0.452939 0 0
5000.00 1423.15 19.017301 43.737625 -228423.609193 5.685618 21.976152 cpx Na0.03Ca0.72Fe''0.36Mg0.70Fe'''0.07Ti0.06Al0.28Si1.79O6 47.3712 1.98552 6.22982 2.40851 11.3218 0 12.4741 17.7491 0.459919 0 0
5000.00 1418.15 19.286053 44.232304 -231587.964104 5.757714 22.240383 cpx Na0.03Ca0.73Fe''0.36Mg0.69Fe'''0.07Ti0.06Al0.28Si1.78O6 47.0595 2.18707 6.36351 2.45578 11.2761 0 12.2034 17.9883 0.466473 0 0
5000.00 1413.15 19.527087 44.659332 -234469.327950 5.821267 22.472424 cpx Na0.03Ca0.74Fe''0.35Mg0.67Fe'''0.07Ti0.07Al0.29Si1.77O6 46.7235 2.4125 6.51402 2.49936 11.2038 0 11.9391 18.2352 0.472508 0 0
5000.00 1408.15 19.734981 45.006847 -236997.662116 5.874685 22.666399 cpx Na0.04Ca0.75Fe''0.35Mg0.66Fe'''0.07Ti0.08Al0.30Si1.76O6 46.3665 2.66018 6.67865 2.53765 11.1107 0 11.6828 18.4857 0.47786 0 0
5000.00 1403.15 19.906704 45.268841 -239131.337510 5.917145 22.819371 cpx Na0.04Ca0.76Fe''0.35Mg0.65Fe'''0.07Ti0.08Al0.31Si1.74O6 45.9936 2.92638 6.85412 2.56908 11.0027 0 11.4366 18.7352 0.48237 0 0
5000.00 1398.15 20.715338 47.047423 -248642.768320 6.164050 23.758936 cpx Na0.03Ca0.75Fe''0.36Mg0.66Fe'''0.07Ti0.07Al0.29Si1.76O6 46.5543 2.54338 6.48524 2.44326 11.374 0 11.615 18.522 0.462914 0 0
5000.00 1393.15 21.099757 47.834380 -253272.691734 6.280191 24.195535 cpx Na0.03Ca0.75Fe''0.37Mg0.66Fe'''0.07Ti0.07Al0.28Si1.77O6 46.7723 2.40742 6.32923 2.37079 11.5204 0 11.6632 18.4833 0.453327 0 0
5000.00 1388.15 21.369560 48.357824 -256593.638184 6.362155 24.500687 cpx Na0.03Ca0.75Fe''0.37Mg0.66Fe'''0.07Ti0.07Al0.28Si1.78O6 46.9575 2.29706 6.19948 2.30394 11.6254 0 11.708 18.4633 0.445393 0 0
5000.00 1383.15 21.563349 48.706548 -259047.036501 6.421412 24.718520 cpx Na0.03Ca0.75Fe''0.37Mg0.66Fe'''0.06Ti0.06Al0.27Si1.79O6 47.1193 2.20414 6.08855 2.24213 11.7018 0 11.7492 18.4562 0.438712 0 0
5000.00 1378.15 21.705498 48.936529 -260911.267548 6.465204 24.876878 cpx Na0.03Ca0.75Fe''0.37Mg0.67Fe'''0.06Ti0.06Al0.27Si1.79O6 47.2631 2.12388 5.99191 2.18482 11.7578 0 11.7868 18.4586 0.433019 0 0
5000.00 1373.15 21.812206 49.084909 -262371.661189 6.498339 24.994263 cpx Na0.03Ca0.75Fe''0.37Mg0.67Fe'''0.06Ti0.06Al0.26Si1.80O6 47.3922 2.05341 5.90695 2.13169 11.7984 0 11.8208 18.4684 0.428158 0 0
5000.00 1368.15 21.895553 49.179344 -263567.183940 6.524409 25.084497 cpx Na0.03Ca0.75Fe''0.37Mg0.67Fe'''0.06Ti0.06Al0.26Si1.80O6 47.509 1.99068 5.83203 2.08256 11.8268 0 11.8512 18.4838 0.424036 0 0
5000.00 1363.15 21.960449 49.231088 -264550.907268 6.545618 25.155408 cpx Na0.03Ca0.75Fe''0.38Mg0.67Fe'''0.06Ti0.05Al0.26Si1.80O6 47.6593 1.91703 5.72465 2.01651 11.8691 0 11.9011 18.4953 0.417028 0 0
5000.00 1358.15 21.976669 49.171892 -264964.902110 6.553404 25.173659 cpx Na0.03Ca0.75Fe''0.38Mg0.68Fe'''0.05Ti0.05Al0.25Si1.81O6 47.8682 1.82644 5.55778 1.91961 11.9361 0 11.9852 18.502 0.404682 0 0
5000.00 1353.15 21.924197 48.957647 -264559.172117 6.539952 25.110720 cpx Na0.03Ca0.75Fe''0.38Mg0.68Fe'''0.05Ti0.05Al0.24Si1.82O6 48.0315 1.75878 5.42714 1.84081 11.9759 0 12.0472 18.5234 0.395375 0 0
5000.00 1348.15 21.949735 48.915261 -265135.885080 6.547397 25.129470 cpx Na0.03Ca0.75Fe''0.38Mg0.68Fe'''0.05Ti0.05Al0.24Si1.82O6 48.0433 1.76314 5.42709 1.81909 11.9256 0 12.0349 18.5905 0.396257 0 0
5000.00 1343.15 21.993908 48.913472 -265946.330178 6.559935 25.168060 cpx Na0.03Ca0.76Fe''0.38Mg0.68Fe'''0.05Ti0.05Al0.24Si1.82O6 48.0257 1.78159 5.45268 1.80819 11.8583 0 12.0087 18.6656 0.399113 0 0
5000.00 1338.15 22.036592 48.907732 -266739.133238 6.572017 25.204897 cpx Na0.03Ca0.76Fe''0.37Mg0.68Fe'''0.05Ti0.05Al0.24Si1.82O6 48.0079 1.80028 5.4784 1.79716 11.7916 0 11.983 18.7398 0.401967 0 0
5000.00 1333.15 22.077867 48.898228 -267515.244700 6.583668 25.240072 cpx Na0.03Ca0.76Fe''0.37Mg0.67Fe'''0.05Ti0.05Al0.25Si1.82O6 47.9898 1.81924 5.50426 1.78599 11.7253 0 11.9576 18.813 0.404822 0 0
5000.00 1328.15 22.117806 48.885137 -268275.535512 6.594909 25.273669 cpx Na0.03Ca0.77Fe''0.37Mg0.67Fe'''0.05Ti0.05Al0.25Si1.81O6 47.9716 1.83848 5.53026 1.7747 11.6595 0 11.9326 18.8852 0.407676 0 0
5000.00 1323.15 22.156477 48.868615 -269020.804349 6.605760 25.305764 cpx Na0.03Ca0.77Fe''0.37Mg0.67Fe'''0.05Ti0.05Al0.25Si1.81O6 47.9531 1.85803 5.55641 1.76328 11.594 0 11.908 18.9567 0.41053 0 0
5000.00 1318.15 22.193940 48.848810 -269751.783898 6.616240 25.336426 cpx Na0.03Ca0.77Fe''0.36Mg0.67Fe'''0.05Ti0.05Al0.25Si1.81O6 47.9343 1.8779 5.58274 1.75174 11.529 0 11.8837 19.0272 0.413385 0 0
5000.00 1313.15 22.230254 48.825853 -270469.146348 6.626364 25.365719 cpx Na0.03Ca0.77Fe''0.36Mg0.67Fe'''0.05Ti0.05Al0.25Si1.81O6 47.9152 1.89811 5.60924 1.74008 11.4643 0 11.8598 19.097 0.41624 0 0
5000.00 1308.15 22.265470 48.799868 -271173.508041 6.636149 25.393700 cpx Na0.03Ca0.78Fe''0.36Mg0.67Fe'''0.05Ti0.05Al0.25Si1.81O6 47.8957 1.91868 5.63594 1.72831 11.4 0 11.8362 19.166 0.419097 0 0
5000.00 1303.15 22.299634 48.770961 -271865.413058 6.645607 25.420421 cpx Na0.03Ca0.78Fe''0.36Mg0.67Fe'''0.05Ti0.06Al0.25Si1.81O6 47.8759 1.93964 5.66285 1.71642 11.336 0 11.8129 19.2343 0.421954 0 0
5000.00 1298.15 22.332788 48.739232 -272545.361635 6.654751 25.445927 cpx Na0.03Ca0.78Fe''0.36Mg0.66Fe'''0.05Ti0.06Al0.25Si1.81O6 47.8557 1.96102 5.68999 1.70441 11.2723 0 11.7899 19.3019 0.424811 0 0
5000.00 1293.15 22.364973 48.704772 -273213.824019 6.663592 25.470263 cpx Na0.03Ca0.78Fe''0.35Mg0.66Fe'''0.05Ti0.06Al0.25Si1.81O6 47.8351 1.98285 5.71736 1.69231 11.2089 0 11.7671 19.3687 0.427666 0 0
5000.00 1288.15 22.396224 48.667667 -273871.228014 6.672141 25.493468 cpx Na0.03Ca0.79Fe''0.35Mg0.66Fe'''0.05Ti0.06Al0.26Si1.81O6 47.814 2.00514 5.74499 1.68009 11.1457 0 11.7446 19.435 0.43052 0 0
5000.00 1283.15 22.426576 48.627992 -274517.961105 6.680407 25.515576 cpx Na0.03Ca0.79Fe''0.35Mg0.66Fe'''0.05Ti0.06Al0.26Si1.81O6 47.7923 2.02793 5.77289 1.66777 11.0827 0 11.7224 19.5006 0.433374 0 0
5000.00 1278.15 22.456057 48.585816 -275154.372180 6.688398 25.536620 cpx Na0.03Ca0.79Fe''0.35Mg0.66Fe'''0.05Ti0.06Al0.26Si1.80O6 47.7702 2.05126 5.80108 1.65535 11.02 0 11.7003 19.5656 0.436226 0 0
5000.00 1273.15 22.484695 48.541200 -275780.772837 6.696121 25.556627 cpx Na0.03Ca0.79Fe''0.35Mg0.66Fe'''0.05Ti0.06Al0.26Si1.80O6 47.7474 2.07517 5.82959 1.64284 10.9574 0 11.6784 19.6301 0.439077 0 0
5000.00 1268.15 22.512515 48.494198 -276397.438298 6.703583 25.575621 cpx Na0.03Ca0.80Fe''0.34Mg0.66Fe'''0.05Ti0.06Al0.26Si1.80O6 47.724 2.09968 5.85843 1.63022 10.895 0 11.6567 19.694 0.441926 0 0
5000.00 1263.15 22.340436 48.017893 -274531.824780 6.652166 25.369283 cpx Na0.03Ca0.80Fe''0.34Mg0.66Fe'''0.05Ti0.06Al0.26Si1.80O6 47.7458 2.09914 5.84913 1.60687 10.8599 0 11.6525 19.7438 0.442885 0 0
5000.00 1258.15 21.903868 46.976893 -269374.964360 6.522883 24.865195 cpx Na0.03Ca0.80Fe''0.34Mg0.66Fe'''0.04Ti0.06Al0.26Si1.81O6 47.8305 2.0636 5.78673 1.569 10.8617 0 11.6725 19.7748 0.4412 0 0
5000.00 1253.15 21.483681 45.974622 -264412.812834 6.398448 24.379965 cpx Na0.03Ca0.80Fe''0.34Mg0.66Fe'''0.04Ti0.06Al0.25Si1.81O6 47.9143 2.02875 5.72464 1.53155 10.8622 0 11.6927 19.8063 0.439485 0 0
5000.00 1248.15 21.079146 45.009323 -259636.794662 6.278647 23.912753 cpx Na0.03Ca0.80Fe''0.34Mg0.66Fe'''0.04Ti0.06Al0.25Si1.81O6 47.9974 1.99454 5.66285 1.49452 10.8615 0 11.7131 19.8383 0.437739 0 0

clinopyroxene_2 thermodynamic data and composition:
Pressure Temperature mass S H V Cp structure formula SiO2 TiO2 Al2O3 Fe2O3 FeO MnO MgO CaO Na2O K2O P2O5
5000.00 1263.15 0.192863 0.404097 -2384.419201 0.054944 0.213436 cpx Na0.03Ca0.92Fe''0.25Mg0.40Fe'''0.06Ti0.35Al0.70Si1.29O6 33.2676 12.0485 15.355 2.02222 7.64204 0 7.00789 22.2236 0.433088 0 0
5000.00 1258.15 0.642807 1.343589 -7953.079675 0.183050 0.710983 cpx Na0.03Ca0.92Fe''0.25Mg0.40Fe'''0.06Ti0.35Al0.70Si1.28O6 33.1838 12.1184 15.4262 1.98038 7.63442 0 6.97643 22.2484 0.43193 0 0
5000.00 1253.15 1.078379 2.248551 -13352.019201 0.306961 1.192091 cpx Na0.03Ca0.92Fe''0.25Mg0.40Fe'''0.06Ti0.35Al0.71Si1.28O6 33.1011 12.1874 15.4969 1.93883 7.62687 0 6.94552 22.2727 0.430769 0 0
5000.00 1248.15 1.500216 3.120515 -18588.724979 0.426865 1.657493 cpx Na0.03Ca0.92Fe''0.25Mg0.40Fe'''0.06Ti0.36Al0.71Si1.28O6 33.0194 12.2554 15.5669 1.89757 7.61939 0 6.91515 22.2965 0.429606 0 0

whitlockite thermodynamic data and composition:
Pressure Temperature mass S H V Cp formula
5000.00 1423.15 0.022145 0.052603 -261.002868 0.006970 0.023449 Ca3(PO4)2
5000.00 1418.15 0.043467 0.103089 -512.531318 0.013680 0.046007 Ca3(PO4)2
5000.00 1413.15 0.063190 0.149628 -745.422150 0.019887 0.066855 Ca3(PO4)2
5000.00 1408.15 0.081591 0.192895 -962.923192 0.025678 0.086289 Ca3(PO4)2
5000.00 1403.15 0.098794 0.233193 -1166.467063 0.031092 0.104439 Ca3(PO4)2
5000.00 1398.15 0.165813 0.390759 -1958.639507 0.052184 0.175215 Ca3(PO4)2
5000.00 1393.15 0.200103 0.470812 -2364.751198 0.062976 0.211363 Ca3(PO4)2
5000.00 1388.15 0.225686 0.530147 -2668.269143 0.071027 0.238285 Ca3(PO4)2
5000.00 1383.15 0.245518 0.575798 -2904.040093 0.077269 0.259116 Ca3(PO4)2
5000.00 1378.15 0.261423 0.612100 -3093.545435 0.082274 0.275785 Ca3(PO4)2
5000.00 1373.15 0.274568 0.641826 -3250.545928 0.086411 0.289529 Ca3(PO4)2
5000.00 1368.15 0.286123 0.657917 -3402.335617 0.090048 0.406892 Ca3(PO4)2
5000.00 1363.15 0.303981 0.697399 -3616.843389 0.095668 0.430999 Ca3(PO4)2
5000.00 1358.15 0.329586 0.754426 -3923.823347 0.103726 0.465913 Ca3(PO4)2
5000.00 1353.15 0.341243 0.779334 -4065.021617 0.107395 0.480963 Ca3(PO4)2
5000.00 1348.15 0.342699 0.780872 -4084.767940 0.107853 0.481585 Ca3(PO4)2
5000.00 1343.15 0.342699 0.779086 -4087.172311 0.107853 0.480165 Ca3(PO4)2
5000.00 1338.15 0.342699 0.777297 -4089.569600 0.107853 0.478752 Ca3(PO4)2
5000.00 1333.15 0.342699 0.775508 -4091.959845 0.107853 0.477347 Ca3(PO4)2
5000.00 1328.15 0.342699 0.773717 -4094.343085 0.107853 0.475950 Ca3(PO4)2
5000.00 1323.15 0.342699 0.771924 -4096.719360 0.107853 0.474561 Ca3(PO4)2
5000.00 1318.15 0.342699 0.770130 -4099.088708 0.107853 0.473180 Ca3(PO4)2
5000.00 1313.15 0.342699 0.768335 -4101.451168 0.107853 0.471806 Ca3(PO4)2
5000.00 1308.15 0.342699 0.766537 -4103.806778 0.107853 0.470440 Ca3(PO4)2
5000.00 1303.15 0.342699 0.764738 -4106.155576 0.107853 0.469081 Ca3(PO4)2
5000.00 1298.15 0.342699 0.762938 -4108.497601 0.107853 0.467730 Ca3(PO4)2
5000.00 1293.15 0.342699 0.761135 -4110.832890 0.107853 0.466387 Ca3(PO4)2
5000.00 1288.15 0.342699 0.759331 -4113.161480 0.107853 0.465051 Ca3(PO4)2
5000.00 1283.15 0.342699 0.757525 -4115.483409 0.107853 0.463722 Ca3(PO4)2
5000.00 1278.15 0.342699 0.755717 -4117.798714 0.107853 0.462401 Ca3(PO4)2
5000.00 1273.15 0.342699 0.753907 -4120.107432 0.107853 0.461087 Ca3(PO4)2
5000.00 1268.15 0.342699 0.752095 -4122.409600 0.107853 0.459781 Ca3(PO4)2
5000.00 1263.15 0.342699 0.750282 -4124.705254 0.107853 0.458482 Ca3(PO4)2
5000.00 1258.15 0.342699 0.748466 -4126.994431 0.107853 0.457190 Ca3(PO4)2
5000.00 1253.15 0.342699 0.746648 -4129.277166 0.107853 0.455905 Ca3(PO4)2
5000.00 1248.15 0.342699 0.744828 -4131.553496 0.107853 0.454628 Ca3(PO4)2

olivine_0 thermodynamic data and composition:
Pressure Temperature mass S H V Cp formula SiO2 TiO2 Al2O3 Fe2O3 FeO MnO MgO CaO Na2O K2O P2O5
5000.00 1363.15 0.067257 0.147177 -579.147697 0.017628 0.070411 (Ca0.01Mg0.35Fe''0.44Mn0.21Co0.00Ni0.00)2SiO4 33.0472 0 0 0 35.022 16.4782 15.0058 0.446761 0 0 0
5000.00 1358.15 0.222023 0.484523 -1905.378592 0.058091 0.231811 (Ca0.01Mg0.34Fe''0.44Mn0.22Co0.00Ni0.00)2SiO4 32.9702 0 0 0 34.7917 17.1338 14.6635 0.440907 0 0 0
5000.00 1353.15 0.284217 0.618650 -2432.583783 0.074254 0.296070 (Ca0.01Mg0.33Fe''0.44Mn0.23Co0.00Ni0.00)2SiO4 32.9073 0 0 0 34.609 17.6647 14.3846 0.434381 0 0 0
5000.00 1348.15 0.296873 0.644924 -2540.278191 0.077516 0.309006 (Ca0.01Mg0.33Fe''0.44Mn0.23Co0.00Ni0.00)2SiO4 32.894 0 0 0 34.6337 17.7173 14.3291 0.425943 0 0 0
5000.00 1343.15 0.304185 0.659580 -2603.421792 0.079395 0.316453 (Ca0.01Mg0.33Fe''0.44Mn0.23Co0.00Ni0.00)2SiO4 32.8902 0 0 0 34.6997 17.6767 14.3163 0.417254 0 0 0
5000.00 1338.15 0.311472 0.674117 -2666.349727 0.081266 0.323864 (Ca0.01Mg0.33Fe''0.44Mn0.23Co0.00Ni0.00)2SiO4 32.8861 0 0 0 34.7656 17.637 14.3026 0.408691 0 0 0
5000.00 1333.15 0.318733 0.688533 -2729.044894 0.083128 0.331236 (Ca0.01Mg0.33Fe''0.44Mn0.23Co0.00Ni0.00)2SiO4 32.8819 0 0 0 34.8316 17.5983 14.2879 0.400252 0 0 0
5000.00 1328.15 0.325966 0.702822 -2791.489734 0.084981 0.338568 (Ca0.01Mg0.33Fe''0.44Mn0.23Co0.00Ni0.00)2SiO4 32.8775 0 0 0 34.8975 17.5607 14.2724 0.391939 0 0 0
5000.00 1323.15 0.333168 0.716982 -2853.666220 0.086824 0.345858 (Ca0.01Mg0.33Fe''0.44Mn0.23Co0.00Ni0.00)2SiO4 32.8729 0 0 0 34.9634 17.5241 14.2558 0.383748 0 0 0
5000.00 1318.15 0.340339 0.731008 -2915.555840 0.088657 0.353103 (Ca0.01Mg0.33Fe''0.45Mn0.23Co0.00Ni0.00)2SiO4 32.868 0 0 0 35.0293 17.4888 14.2383 0.37568 0 0 0
5000.00 1313.15 0.347476 0.744896 -2977.139587 0.090479 0.360302 (Ca0.01Mg0.33Fe''0.45Mn0.22Co0.00Ni0.00)2SiO4 32.8629 0 0 0 35.0951 17.4546 14.2197 0.367734 0 0 0
5000.00 1308.15 0.354578 0.758643 -3038.397973 0.092291 0.367452 (Ca0.01Mg0.33Fe''0.45Mn0.22Co0.00Ni0.00)2SiO4 32.8576 0 0 0 35.1608 17.4216 14.2001 0.35991 0 0 0
5000.00 1303.15 0.361643 0.772245 -3099.317779 0.094091 0.374552 (Ca0.01Mg0.33Fe''0.45Mn0.22Co0.00Ni0.00)2SiO4 32.8521 0 0 0 35.2265 17.3899 14.1794 0.352205 0 0 0
5000.00 1298.15 0.368670 0.785700 -3159.883820 0.095879 0.381601 (Ca0.01Mg0.33Fe''0.45Mn0.22Co0.00Ni0.00)2SiO4 32.8463 0 0 0 35.292 17.3595 14.1576 0.34462 0 0 0
5000.00 1293.15 0.375658 0.799004 -3220.075375 0.097655 0.388596 (Ca0.01Mg0.33Fe''0.45Mn0.22Co0.00Ni0.00)2SiO4 32.8403 0 0 0 35.3575 17.3304 14.1346 0.337153 0 0 0
5000.00 1288.15 0.382603 0.812153 -3279.871125 0.099418 0.395534 (Ca0.01Mg0.33Fe''0.45Mn0.22Co0.00Ni0.00)2SiO4 32.834 0 0 0 35.4228 17.3028 14.1106 0.329804 0 0 0
5000.00 1283.15 0.389504 0.825141 -3339.249124 0.101168 0.402414 (Ca0.01Mg0.33Fe''0.45Mn0.22Co0.00Ni0.00)2SiO4 32.8275 0 0 0 35.488 17.2766 14.0853 0.322572 0 0 0
5000.00 1278.15 0.396359 0.837965 -3398.186761 0.102903 0.409233 (Ca0.01Mg0.32Fe''0.45Mn0.22Co0.00Ni0.00)2SiO4 32.8207 0 0 0 35.553 17.252 14.0588 0.315455 0 0 0
5000.00 1273.15 0.403165 0.850620 -3456.660729 0.104624 0.415989 (Ca0.01Mg0.32Fe''0.45Mn0.22Co0.00Ni0.00)2SiO4 32.8136 0 0 0 35.6178 17.229 14.0311 0.308454 0 0 0
5000.00 1268.15 0.409921 0.863102 -3514.646979 0.106330 0.422678 (Ca0.00Mg0.32Fe''0.45Mn0.22Co0.00Ni0.00)2SiO4 32.8063 0 0 0 35.6824 17.2077 14.002 0.301568 0 0 0
5000.00 1263.15 0.417246 0.876585 -3575.236494 0.108156 0.429796 (Ca0.00Mg0.32Fe''0.46Mn0.22Co0.00Ni0.00)2SiO4 32.7869 0 0 0 35.7154 17.2836 13.9189 0.295197 0 0 0
5000.00 1258.15 0.425273 0.891289 -3638.639332 0.110127 0.437414 (Ca0.00Mg0.32Fe''0.46Mn0.23Co0.00Ni0.00)2SiO4 32.7511 0 0 0 35.7025 17.4946 13.7624 0.289456 0 0 0
5000.00 1253.15 0.433099 0.905485 -3700.161133 0.112042 0.444802 (Ca0.00Mg0.31Fe''0.46Mn0.23Co0.00Ni0.00)2SiO4 32.7154 0 0 0 35.6861 17.7083 13.6064 0.283769 0 0 0
5000.00 1248.15 0.440725 0.919184 -3759.843397 0.113902 0.451963 (Ca0.00Mg0.31Fe''0.46Mn0.23Co0.00Ni0.00)2SiO4 32.6799 0 0 0 35.6662 17.9249 13.4509 0.278138 0 0 0

orthopyroxene_0 thermodynamic data and composition:
Pressure Temperature mass S H V Cp structure formula SiO2 TiO2 Al2O3 Fe2O3 FeO MnO MgO CaO Na2O K2O P2O5
5000.00 1528.15 0.379525 0.939570 -4729.876539 0.117316 0.480313 opx Na0.00Ca0.10Fe''0.32Mg1.51Fe'''0.02Ti0.00Al0.12Si1.93O6 54.4199 0.0926665 2.8763 0.647893 10.8522 0 28.5568 2.51641 0.0377928 0 0

Title: Gale2013MORB-3

Phase Masses:
Pressure Temperature mass liquid_0 olivine_0 orthopyroxene_0 clinopyroxene_0 clinopyroxene_1 clinopyroxene_2 feldspar_0 rhm-oxide_0 whitlockite 
5000.00 1573.15 100.143462 100.143462 0.000000 0.000000 0.000000 0.000000 0.000000 0.000000 0.000000 0.000000 
5000.00 1568.15 100.143614 100.143614 0.000000 0.000000 0.000000 0.000000 0.000000 0.000000 0.000000 0.000000 
5000.00 1563.15 100.143771 100.143771 0.000000 0.000000 0.000000 0.000000 0.000000 0.000000 0.000000 0.000000 
5000.00 1558.15 100.143934 100.143934 0.000000 0.000000 0.000000 0.000000 0.000000 0.000000 0.000000 0.000000 
5000.00 1553.15 100.144103 100.144103 0.000000 0.000000 0.000000 0.000000 0.000000 0.000000 0.000000 0.000000 
5000.00 1548.15 100.144277 100.144277 0.000000 0.000000 0.000000 0.000000 0.000000 0.000000 0.000000 0.000000 
5000.00 1543.15 100.144457 100.144457 0.000000 0.000000 0.000000 0.000000 0.000000 0.000000 0.000000 0.000000 
5000.00 1538.15 100.144643 100.144643 0.000000 0.000000 0.000000 0.000000 0.000000 0.000000 0.000000 0.000000 
5000.00 1533.15 100.144835 100.144835 0.000000 0.000000 0.000000 0.000000 0.000000 0.000000 0.000000 0.000000 
5000.00 1528.15 100.144846 99.765321 0.000000 0.379525 0.000000 0.000000 0.000000 0.000000 0.000000 0.000000 
5000.00 1523.15 100.144053 94.952007 0.000000 0.000000 5.192046 0.000000 0.000000 0.000000 0.000000 0.000000 
5000.00 1518.15 100.144057 92.281575 0.000000 0.000000 7.862482 0.000000 0.000000 0.000000 0.000000 0.000000 
5000.00 1513.15 100.142755 85.319763 0.000000 0.000000 11.563286 0.000528 0.000000 3.259178 0.000000 0.000000 
5000.00 1508.15 100.140605 76.661815 0.000000 0.000000 12.060321 3.344707 0.000000 8.073762 0.000000 0.000000 
5000.00 1503.15 100.138645 69.139374 0.000000 0.000000 12.495974 6.234347 0.000000 12.268950 0.000000 0.000000 
5000.00 1498.15 100.136848 62.516405 0.000000 0.000000 12.916994 8.737211 0.000000 15.966237 0.000000 0.000000 
5000.00 1493.15 100.135195 56.619865 0.000000 0.000000 13.347004 10.913525 0.000000 19.254801 0.000000 0.000000 
5000.00 1488.15 100.133671 51.319827 0.000000 0.000000 13.794466 12.817556 0.000000 22.201821 0.000000 0.000000 
5000.00 1483.15 100.132261 46.516785 0.000000 0.000000 14.258916 14.497509 0.000000 24.859051 0.000000 0.000000 
5000.00 1478.15 100.130954 42.133145 0.000000 0.000000 14.735237 15.995333 0.000000 27.267240 0.000000 0.000000 
5000.00 1473.15 100.129735 38.106274 0.000000 0.000000 15.216048 17.347423 0.000000 29.459990 0.000000 0.000000 
5000.00 1468.15 100.128589 34.388010 0.000000 0.000000 15.693796 18.583447 0.000000 31.463336 0.000000 0.000000 
5000.00 1463.15 100.127497 30.941040 0.000000 0.000000 16.161097 19.727605 0.000000 33.297756 0.000000 0.000000 
5000.00 1458.15 100.126436 27.737046 0.000000 0.000000 16.610931 20.799402 0.000000 34.979058 0.000000 0.000000 
5000.00 1453.15 100.125382 24.756498 0.000000 0.000000 17.036880 21.813900 0.000000 36.518103 0.000000 0.000000 
5000.00 1448.15 100.124307 21.989698 0.000000 0.000000 17.433647 22.781514 0.000000 37.919448 0.000000 0.000000 
5000.00 1443.15 100.123193 19.438935 0.000000 0.000000 17.798194 23.707181 0.000000 39.178884 0.000000 0.000000 
5000.00 1438.15 100.122047 17.119626 0.000000 0.000000 18.131448 24.589310 0.000000 40.281664 0.000000 0.000000 
5000.00 1433.15 100.120911 15.054229 0.000000 0.000000 18.438940 25.420557 0.000000 41.207185 0.000000 0.000000 
5000.00 1428.15 100.119844 13.255060 0.000000 0.000000 18.727669 26.193021 0.000000 41.944093 0.000000 0.000000 
5000.00 1423.15 100.118808 11.651176 0.000000 0.000000 19.017301 26.929628 0.000000 42.498558 0.000000 0.022145 
5000.00 1418.15 100.117828 10.273144 0.000000 0.000000 19.286053 27.612297 0.000000 42.902866 0.000000 0.043467 
5000.00 1413.15 100.116822 9.083603 0.000000 0.000000 19.527087 28.248667 0.000000 43.194275 0.000000 0.063190 
5000.00 1408.15 100.115703 8.049284 0.000000 0.000000 19.734981 28.845185 0.000000 43.404661 0.000000 0.081591 
5000.00 1403.15 100.114399 7.146482 0.000000 0.000000 19.906704 29.404151 0.000000 43.558269 0.000000 0.098794 
5000.00 1398.15 100.112502 5.055477 0.000000 0.000000 20.715338 29.190433 0.000000 44.285622 0.699820 0.165813 
5000.00 1393.15 100.110442 3.931562 0.000000 0.000000 21.099757 29.150695 0.000000 44.695535 1.032789 0.200103 
5000.00 1388.15 100.108324 3.103377 0.000000 0.000000 21.369560 29.093421 0.000000 45.031169 1.285111 0.225686 
5000.00 1383.15 100.106227 2.470262 0.000000 0.000000 21.563349 29.029998 0.000000 45.314561 1.482540 0.245518 
5000.00 1378.15 100.104194 1.970660 0.000000 0.000000 21.705498 28.966234 0.000000 45.559081 1.641298 0.261423 
5000.00 1373.15 100.102249 1.566018 0.000000 0.000000 21.812206 28.904889 0.000000 45.772676 1.771892 0.274568 
5000.00 1368.15 100.100415 1.230044 0.000000 0.000000 21.895553 28.846636 0.000000 45.960102 1.881955 0.286123 
5000.00 1363.15 100.097704 0.832592 0.067257 0.000000 21.960449 28.706969 0.000000 46.210082 2.016374 0.303981 
5000.00 1358.15 100.093395 0.342100 0.222023 0.000000 21.976669 28.461542 0.000000 46.577553 2.183921 0.329586 
5000.00 1353.15 100.089821 0.043118 0.284217 0.000000 21.924197 28.353152 0.000000 46.868578 2.275315 0.341243 
5000.00 1348.15 100.088618 0.000000 0.296873 0.000000 21.949735 28.313738 0.000000 46.903037 2.282537 0.342699 
5000.00 1343.15 100.087867 0.000000 0.304185 0.000000 21.993908 28.282885 0.000000 46.888229 2.275961 0.342699 
5000.00 1338.15 100.087114 0.000000 0.311472 0.000000 22.036592 28.253825 0.000000 46.873301 2.269225 0.342699 
5000.00 1333.15 100.086358 0.000000 0.318733 0.000000 22.077867 28.226490 0.000000 46.858248 2.262320 0.342699 
5000.00 1328.15 100.085600 0.000000 0.325966 0.000000 22.117806 28.200819 0.000000 46.843068 2.255242 0.342699 
5000.00 1323.15 100.084839 0.000000 0.333168 0.000000 22.156477 28.176758 0.000000 46.827758 2.247981 0.342699 
5000.00 1318.15 100.084077 0.000000 0.340339 0.000000 22.193940 28.154258 0.000000 46.812312 2.240529 0.342699 
5000.00 1313.15 100.083312 0.000000 0.347476 0.000000 22.230254 28.133276 0.000000 46.796728 2.232879 0.342699 
5000.00 1308.15 100.082544 0.000000 0.354578 0.000000 22.265470 28.113776 0.000000 46.781001 2.225021 0.342699 
5000.00 1303.15 100.081774 0.000000 0.361643 0.000000 22.299634 28.095726 0.000000 46.765128 2.216944 0.342699 
5000.00 1298.15 100.081002 0.000000 0.368670 0.000000 22.332788 28.079100 0.000000 46.749106 2.208639 0.342699 
5000.00 1293.15 100.080227 0.000000 0.375658 0.000000 22.364973 28.063874 0.000000 46.732930 2.200093 0.342699 
5000.00 1288.15 100.079450 0.000000 0.382603 0.000000 22.396224 28.050034 0.000000 46.716595 2.191295 0.342699 
5000.00 1283.15 100.078670 0.000000 0.389504 0.000000 22.426576 28.037566 0.000000 46.700095 2.182230 0.342699 
5000.00 1278.15 100.077887 0.000000 0.396359 0.000000 22.456057 28.026464 0.000000 46.683424 2.172885 0.342699 
5000.00 1273.15 100.077102 0.000000 0.403165 0.000000 22.484695 28.016724 0.000000 46.666575 2.163243 0.342699 
5000.00 1268.15 100.076313 0.000000 0.409921 0.000000 22.512515 28.008350 0.000000 46.649541 2.153288 0.342699 
5000.00 1263.15 100.075047 0.000000 0.417246 0.000000 22.340436 28.049013 0.192863 46.616216 2.116574 0.342699 
5000.00 1258.15 100.073135 0.000000 0.425273 0.000000 21.903868 28.154076 0.642807 46.560821 2.043591 0.342699 
5000.00 1253.15 100.071247 0.000000 0.433099 0.000000 21.483681 28.256145 1.078379 46.505911 1.971334 0.342699 
5000.00 1248.15 100.069382 0.000000 0.440725 0.000000 21.079146 28.355269 1.500216 46.451508 1.899819 0.342699 

Title: Gale2013MORB-3

Phase Volumes:
Pressure Temperature mass V liquid_0 olivine_0 orthopyroxene_0 clinopyroxene_0 clinopyroxene_1 clinopyroxene_2 feldspar_0 rhm-oxide_0 whitlockite 
5000.00 1573.15 100.143462 36.463120 36.463120 0.000000 0.000000 0.000000 0.000000 0.000000 0.000000 0.000000 0.000000 
5000.00 1568.15 100.143614 36.450778 36.450778 0.000000 0.000000 0.000000 0.000000 0.000000 0.000000 0.000000 0.000000 
5000.00 1563.15 100.143771 36.438441 36.438441 0.000000 0.000000 0.000000 0.000000 0.000000 0.000000 0.000000 0.000000 
5000.00 1558.15 100.143934 36.426107 36.426107 0.000000 0.000000 0.000000 0.000000 0.000000 0.000000 0.000000 0.000000 
5000.00 1553.15 100.144103 36.413778 36.413778 0.000000 0.000000 0.000000 0.000000 0.000000 0.000000 0.000000 0.000000 
5000.00 1548.15 100.144277 36.401452 36.401452 0.000000 0.000000 0.000000 0.000000 0.000000 0.000000 0.000000 0.000000 
5000.00 1543.15 100.144457 36.389130 36.389130 0.000000 0.000000 0.000000 0.000000 0.000000 0.000000 0.000000 0.000000 
5000.00 1538.15 100.144643 36.376813 36.376813 0.000000 0.000000 0.000000 0.000000 0.000000 0.000000 0.000000 0.000000 
5000.00 1533.15 100.144835 36.364499 36.364499 0.000000 0.000000 0.000000 0.000000 0.000000 0.000000 0.000000 0.000000 
5000.00 1528.15 100.144846 36.334969 36.217653 0.000000 0.117316 0.000000 0.000000 0.000000 0.000000 0.000000 0.000000 
5000.00 1523.15 100.144053 36.096489 34.494244 0.000000 0.000000 1.602245 0.000000 0.000000 0.000000 0.000000 0.000000 
5000.00 1518.15 100.144057 35.957876 33.534231 0.000000 0.000000 2.423644 0.000000 0.000000 0.000000 0.000000 0.000000 
5000.00 1513.15 100.142755 35.741918 30.961950 0.000000 0.000000 3.557161 0.000162 0.000000 1.222644 0.000000 0.000000 
5000.00 1508.15 100.140605 35.507247 27.748004 0.000000 0.000000 3.703442 1.023962 0.000000 3.031839 0.000000 0.000000 
5000.00 1503.15 100.138645 35.301830 24.955135 0.000000 0.000000 3.830513 1.904563 0.000000 4.611619 0.000000 0.000000 
5000.00 1498.15 100.136848 35.119431 22.496331 0.000000 0.000000 3.952775 2.663530 0.000000 6.006796 0.000000 0.000000 
5000.00 1493.15 100.135195 34.955498 20.307853 0.000000 0.000000 4.077465 3.319937 0.000000 7.250243 0.000000 0.000000 
5000.00 1488.15 100.133671 34.806632 18.341878 0.000000 0.000000 4.207144 3.890895 0.000000 8.366715 0.000000 0.000000 
5000.00 1483.15 100.132261 34.670256 16.561802 0.000000 0.000000 4.341641 4.391537 0.000000 9.375275 0.000000 0.000000 
5000.00 1478.15 100.130954 34.544378 14.939089 0.000000 0.000000 4.479372 4.834991 0.000000 10.290926 0.000000 0.000000 
5000.00 1473.15 100.129735 34.427425 13.450695 0.000000 0.000000 4.618075 5.232608 0.000000 11.126047 0.000000 0.000000 
5000.00 1468.15 100.128589 34.318205 12.078910 0.000000 0.000000 4.755457 5.593631 0.000000 11.890206 0.000000 0.000000 
5000.00 1463.15 100.127497 34.215820 10.810025 0.000000 0.000000 4.889294 5.925601 0.000000 12.590900 0.000000 0.000000 
5000.00 1458.15 100.126436 34.119618 9.633646 0.000000 0.000000 5.017496 6.234602 0.000000 13.233875 0.000000 0.000000 
5000.00 1453.15 100.125382 34.029178 8.542644 0.000000 0.000000 5.138174 6.525358 0.000000 13.823001 0.000000 0.000000 
5000.00 1448.15 100.124307 33.944316 7.533581 0.000000 0.000000 5.249805 6.801191 0.000000 14.359739 0.000000 0.000000 
5000.00 1443.15 100.123193 33.865106 6.607570 0.000000 0.000000 5.351561 7.063785 0.000000 14.842189 0.000000 0.000000 
5000.00 1438.15 100.122047 33.791854 5.770715 0.000000 0.000000 5.443808 7.312898 0.000000 15.264433 0.000000 0.000000 
5000.00 1433.15 100.120911 33.724941 5.031696 0.000000 0.000000 5.528264 7.546595 0.000000 15.618386 0.000000 0.000000 
5000.00 1428.15 100.119844 33.664493 4.395026 0.000000 0.000000 5.607029 7.762785 0.000000 15.899653 0.000000 0.000000 
5000.00 1423.15 100.118808 33.607751 3.836192 0.000000 0.000000 5.685618 7.968185 0.000000 16.110787 0.000000 0.006970 
5000.00 1418.15 100.117828 33.556600 3.363074 0.000000 0.000000 5.757714 8.157922 0.000000 16.264210 0.000000 0.013680 
5000.00 1413.15 100.116822 33.510406 2.960534 0.000000 0.000000 5.821267 8.334433 0.000000 16.374285 0.000000 0.019887 
5000.00 1408.15 100.115703 33.468588 2.615188 0.000000 0.000000 5.874685 8.499770 0.000000 16.453267 0.000000 0.025678 
5000.00 1403.15 100.114399 33.430761 2.317327 0.000000 0.000000 5.917145 8.654739 0.000000 16.510458 0.000000 0.031092 
5000.00 1398.15 100.112502 33.385557 1.650735 0.000000 0.000000 6.164050 8.586237 0.000000 16.779313 0.153037 0.052184 
5000.00 1393.15 100.110442 33.357620 1.288831 0.000000 0.000000 6.280191 8.569901 0.000000 16.930064 0.225656 0.062976 
5000.00 1388.15 100.108324 33.336683 1.020615 0.000000 0.000000 6.362155 8.549343 0.000000 17.052972 0.280570 0.071027 
5000.00 1383.15 100.106227 33.320217 0.814237 0.000000 0.000000 6.421412 8.527538 0.000000 17.156317 0.323443 0.077269 
5000.00 1378.15 100.104194 33.306691 0.650288 0.000000 0.000000 6.465204 8.505969 0.000000 17.245117 0.357838 0.082274 
5000.00 1373.15 100.102249 33.295142 0.516671 0.000000 0.000000 6.498339 8.485307 0.000000 17.322351 0.386063 0.086411 
5000.00 1368.15 100.100415 33.284908 0.405199 0.000000 0.000000 6.524409 8.465666 0.000000 17.389797 0.409788 0.090048 
5000.00 1363.15 100.097704 33.276687 0.276065 0.017628 0.000000 6.545618 8.422592 0.000000 17.480274 0.438840 0.095668 
5000.00 1358.15 100.093395 33.271859 0.118021 0.058091 0.000000 6.553404 8.349301 0.000000 17.614123 0.475193 0.103726 
5000.00 1353.15 100.089821 33.267664 0.015260 0.074254 0.000000 6.539952 8.315885 0.000000 17.719952 0.494966 0.107395 
5000.00 1348.15 100.088618 33.261375 0.000000 0.077516 0.000000 6.547397 8.301682 0.000000 17.730489 0.496438 0.107853 
5000.00 1343.15 100.087867 33.254613 0.000000 0.079395 0.000000 6.559935 8.289809 0.000000 17.722709 0.494912 0.107853 
5000.00 1338.15 100.087114 33.247849 0.000000 0.081266 0.000000 6.572017 8.278472 0.000000 17.714889 0.493351 0.107853 
5000.00 1333.15 100.086358 33.241082 0.000000 0.083128 0.000000 6.583668 8.267651 0.000000 17.707027 0.491754 0.107853 
5000.00 1328.15 100.085600 33.234311 0.000000 0.084981 0.000000 6.594909 8.257326 0.000000 17.699123 0.490119 0.107853 
5000.00 1323.15 100.084839 33.227538 0.000000 0.086824 0.000000 6.605760 8.247481 0.000000 17.691174 0.488445 0.107853 
5000.00 1318.15 100.084077 33.220760 0.000000 0.088657 0.000000 6.616240 8.238101 0.000000 17.683180 0.486729 0.107853 
5000.00 1313.15 100.083312 33.213979 0.000000 0.090479 0.000000 6.626364 8.229173 0.000000 17.675140 0.484970 0.107853 
5000.00 1308.15 100.082544 33.207190 0.000000 0.092291 0.000000 6.636149 8.220684 0.000000 17.667047 0.483166 0.107853 
5000.00 1303.15 100.081774 33.200351 0.000000 0.094091 0.000000 6.645607 8.212625 0.000000 17.658860 0.481315 0.107853 
5000.00 1298.15 100.081002 33.193508 0.000000 0.095879 0.000000 6.654751 8.204988 0.000000 17.650623 0.479414 0.107853 
5000.00 1293.15 100.080227 33.186660 0.000000 0.097655 0.000000 6.663592 8.197764 0.000000 17.642334 0.477461 0.107853 
5000.00 1288.15 100.079450 33.179807 0.000000 0.099418 0.000000 6.672141 8.190949 0.000000 17.633990 0.475454 0.107853 
5000.00 1283.15 100.078670 33.172947 0.000000 0.101168 0.000000 6.680407 8.184539 0.000000 17.625590 0.473389 0.107853 
5000.00 1278.15 100.077887 33.166080 0.000000 0.102903 0.000000 6.688398 8.178529 0.000000 17.617132 0.471264 0.107853 
5000.00 1273.15 100.077102 33.159207 0.000000 0.104624 0.000000 6.696121 8.172920 0.000000 17.608613 0.469075 0.107853 
5000.00 1268.15 100.076313 33.152326 0.000000 0.106330 0.000000 6.703583 8.167711 0.000000 17.600031 0.466818 0.107853 
5000.00 1263.15 100.075047 33.144172 0.000000 0.108156 0.000000 6.652166 8.176674 0.054944 17.585626 0.458752 0.107853 
5000.00 1258.15 100.073135 33.134291 0.000000 0.110127 0.000000 6.522883 8.204223 0.183050 17.563337 0.442818 0.107853 
5000.00 1253.15 100.071247 33.124459 0.000000 0.112042 0.000000 6.398448 8.230874 0.306961 17.541230 0.427049 0.107853 
5000.00 1248.15 100.069382 33.114676 0.000000 0.113902 0.000000 6.278647 8.256644 0.426865 17.519315 0.411450 0.107853 

Title: Gale2013MORB-3

Solid Composition:
Pressure Temperature mass SiO2 TiO2 Al2O3 Fe2O3 FeO MnO MgO CaO Na2O K2O P2O5 
5000.00 1573.15 0.000000 ---
5000.00 1568.15 0.000000 ---
5000.00 1563.15 0.000000 ---
5000.00 1558.15 0.000000 ---
5000.00 1553.15 0.000000 ---
5000.00 1548.15 0.000000 ---
5000.00 1543.15 0.000000 ---
5000.00 1538.15 0.000000 ---
5000.00 1533.15 0.000000 ---
5000.00 1528.15 0.379525 54.4199 0.0926665 2.8763 0.647893 10.8522 0 28.5568 2.51641 0.0377928 0 0
5000.00 1523.15 5.192046 51.4023 0.29885 5.02773 1.2229 8.20159 0 18.6869 14.9216 0.238057 0 0
5000.00 1518.15 7.862482 51.0974 0.340167 5.31 1.29574 8.05577 0 18.0599 15.584 0.256921 0 0
5000.00 1513.15 14.822992 50.9591 0.275729 11.0851 1.02877 6.78939 0 14.2136 14.6828 0.958869 0.00659859 0
5000.00 1508.15 23.478790 51.048 0.240473 14.1796 0.87557 6.30629 0 12.1903 13.7378 1.40998 0.0119272 0
5000.00 1503.15 30.999271 51.1528 0.235011 15.4015 0.824843 6.20639 0 11.2504 13.2619 1.65137 0.0157566 0
5000.00 1498.15 37.620443 51.2571 0.239684 16.0228 0.807149 6.22837 0 10.6634 12.94 1.82224 0.0192801 0
5000.00 1493.15 43.515330 51.3564 0.249429 16.3757 0.804387 6.30458 0 10.2382 12.6896 1.95891 0.0228227 0
5000.00 1488.15 48.813843 51.4488 0.262391 16.5854 0.809737 6.4099 0 9.90264 12.4797 2.07504 0.0265187 0
5000.00 1483.15 53.615476 51.5334 0.277756 16.7097 0.820025 6.53293 0 9.62311 12.2958 2.17691 0.0304421 0
5000.00 1478.15 57.997810 51.6097 0.295119 16.7792 0.833531 6.66779 0 9.38189 12.1303 2.26784 0.0346436 0
5000.00 1473.15 62.023461 51.6775 0.314249 16.8117 0.849181 6.81117 0 9.16854 11.9787 2.3498 0.039167 0
5000.00 1468.15 65.740579 51.7367 0.334993 16.8182 0.866225 6.96101 0 8.97666 11.8383 2.4239 0.0440502 0
5000.00 1463.15 69.186457 51.7871 0.357211 16.806 0.88406 7.11598 0 8.80217 11.7074 2.49078 0.049327 0
5000.00 1458.15 72.389391 51.8285 0.380747 16.7802 0.902135 7.27516 0 8.64242 11.5851 2.5507 0.0550255 0
5000.00 1453.15 75.368884 51.8605 0.405409 16.7444 0.919912 7.43789 0 8.49586 11.4712 2.60362 0.06116 0
5000.00 1448.15 78.134609 51.8824 0.431006 16.7014 0.936873 7.60367 0 8.36183 11.3661 2.6491 0.0677103 0
5000.00 1443.15 80.684258 51.8924 0.457476 16.653 0.952605 7.77208 0 8.24067 11.2709 2.6863 0.0745829 0
5000.00 1438.15 83.002421 51.888 0.485129 16.6005 0.966961 7.94245 0 8.13356 11.1877 2.71411 0.0815579 0
5000.00 1433.15 85.066682 51.8661 0.514846 16.5446 0.980162 8.11345 0 8.04191 11.1189 2.73171 0.088277 0
5000.00 1428.15 86.864784 51.8254 0.547874 16.4863 0.992591 8.28278 0 7.9661 11.0652 2.73946 0.0943537 0
5000.00 1423.15 88.467632 51.7489 0.588295 16.418 1.00539 8.45111 0 7.90341 11.0363 2.73754 0.0996021 0.0114551
5000.00 1418.15 89.844684 51.6596 0.634008 16.3504 1.01701 8.61264 0 7.85234 11.0178 2.73009 0.103954 0.0221396
5000.00 1413.15 91.033219 51.563 0.684505 16.2851 1.02656 8.76565 0 7.80997 11.0065 2.71938 0.10754 0.0317651
5000.00 1408.15 92.066419 51.4631 0.738937 16.2233 1.03316 8.90905 0 7.77403 11.0003 2.707 0.110525 0.0405549
5000.00 1403.15 92.967917 51.3636 0.796093 16.1658 1.03612 9.04197 0 7.74297 10.9977 2.69404 0.113053 0.0486293
5000.00 1398.15 95.057025 51.0251 1.07276 16.0011 1.055 9.30406 0.0124979 7.65889 11.0231 2.64863 0.119005 0.0798242
5000.00 1393.15 96.178879 50.8659 1.2052 15.921 1.05307 9.44174 0.0221286 7.61324 11.0341 2.62559 0.122811 0.0952085
5000.00 1388.15 97.004946 50.7572 1.29998 15.8654 1.04471 9.53875 0.0323056 7.57866 11.0418 2.60872 0.126013 0.106466
5000.00 1383.15 97.635965 50.6809 1.37014 15.8255 1.03282 9.60953 0.0429205 7.55148 11.047 2.59588 0.128777 0.115073
5000.00 1378.15 98.133534 50.6259 1.42358 15.796 1.01907 9.66279 0.0538896 7.52943 11.0505 2.58578 0.131204 0.121907
5000.00 1373.15 98.536232 50.5853 1.4653 15.7735 1.0045 9.70394 0.0651519 7.51111 11.0528 2.57758 0.133351 0.127513
5000.00 1368.15 98.870370 50.554 1.49881 15.7558 0.989873 9.73651 0.0767454 7.49554 11.0543 2.57072 0.135246 0.132431
5000.00 1363.15 99.265113 50.5061 1.5406 15.733 0.967326 9.77948 0.100198 7.47728 11.0569 2.56196 0.137001 0.140136
5000.00 1358.15 99.751295 50.4419 1.59313 15.7049 0.929609 9.83604 0.138207 7.45445 11.0612 2.55057 0.138819 0.1512
5000.00 1353.15 100.046703 50.4313 1.61536 15.6938 0.895579 9.86637 0.157521 7.43885 11.0593 2.54465 0.141137 0.156085
5000.00 1348.15 100.088618 50.432 1.61793 15.6926 0.883718 9.87619 0.160018 7.43652 11.0588 2.54389 0.141565 0.156685
5000.00 1343.15 100.087867 50.4324 1.61795 15.6927 0.876234 9.883 0.160019 7.43658 11.0589 2.54391 0.141566 0.156687
5000.00 1338.15 100.087114 50.4328 1.61796 15.6929 0.868727 9.88984 0.16002 7.43664 11.059 2.54393 0.141567 0.156688
5000.00 1333.15 100.086358 50.4332 1.61797 15.693 0.861196 9.89669 0.160021 7.43669 11.0591 2.54395 0.141568 0.156689
5000.00 1328.15 100.085600 50.4336 1.61798 15.6931 0.853643 9.90357 0.160022 7.43675 11.0591 2.54397 0.141569 0.15669
5000.00 1323.15 100.084839 50.434 1.61799 15.6932 0.846066 9.91047 0.160024 7.4368 11.0592 2.54399 0.14157 0.156691
5000.00 1318.15 100.084077 50.4343 1.61801 15.6933 0.838466 9.91739 0.160025 7.43686 11.0593 2.54401 0.141571 0.156693
5000.00 1313.15 100.083312 50.4347 1.61802 15.6935 0.830842 9.92433 0.160026 7.43692 11.0594 2.54403 0.141573 0.156694
5000.00 1308.15 100.082544 50.4351 1.61803 15.6936 0.823194 9.93129 0.160027 7.43698 11.0595 2.54405 0.141574 0.156695
5000.00 1303.15 100.081774 50.4355 1.61804 15.6937 0.815522 9.93828 0.160029 7.43703 11.0596 2.54407 0.141575 0.156696
5000.00 1298.15 100.081002 50.4359 1.61806 15.6938 0.807826 9.94529 0.16003 7.43709 11.0596 2.54409 0.141576 0.156697
5000.00 1293.15 100.080227 50.4363 1.61807 15.6939 0.800105 9.95232 0.160031 7.43715 11.0597 2.54411 0.141577 0.156699
5000.00 1288.15 100.079450 50.4367 1.61808 15.6941 0.792358 9.95937 0.160032 7.4372 11.0598 2.54413 0.141578 0.1567
5000.00 1283.15 100.078670 50.4371 1.61809 15.6942 0.784585 9.96645 0.160034 7.43726 11.0599 2.54415 0.141579 0.156701
5000.00 1278.15 100.077887 50.4375 1.61811 15.6943 0.776786 9.97355 0.160035 7.43732 11.06 2.54417 0.14158 0.156702
5000.00 1273.15 100.077102 50.4379 1.61812 15.6944 0.768959 9.98068 0.160036 7.43738 11.0601 2.54419 0.141581 0.156703
5000.00 1268.15 100.076313 50.4383 1.61813 15.6946 0.761103 9.98783 0.160037 7.43744 11.0602 2.54421 0.141582 0.156705
5000.00 1263.15 100.075047 50.4389 1.61815 15.6948 0.748478 9.99933 0.160039 7.43753 11.0603 2.54424 0.141584 0.156707
5000.00 1258.15 100.073135 50.4399 1.61818 15.6951 0.729426 10.0167 0.160042 7.43767 11.0605 2.54429 0.141587 0.15671
5000.00 1253.15 100.071247 50.4408 1.61821 15.6953 0.710607 10.0338 0.160045 7.43781 11.0607 2.54433 0.14159 0.156713
5000.00 1248.15 100.069382 50.4417 1.61824 15.6956 0.692025 10.0507 0.160048 7.43795 11.0609 2.54438 0.141592 0.156716
Title: Gale2013MORB-3

Bulk Composition:
Pressure Temperature mass SiO2 TiO2 Al2O3 Fe2O3 FeO MnO MgO CaO Na2O K2O P2O5 
5000.00 1573.15 100.143462 50.4044 1.61705 15.684 1.42985 9.37892 0.15993 7.43245 11.0527 2.5425 0.141488 0.1566
5000.00 1568.15 100.143614 50.4044 1.61704 15.684 1.43137 9.37755 0.15993 7.43244 11.0527 2.5425 0.141487 0.156599
5000.00 1563.15 100.143771 50.4043 1.61704 15.684 1.43293 9.37612 0.15993 7.43243 11.0527 2.54249 0.141487 0.156599
5000.00 1558.15 100.143934 50.4042 1.61704 15.684 1.43455 9.37465 0.159929 7.43242 11.0527 2.54249 0.141487 0.156599
5000.00 1553.15 100.144103 50.4041 1.61704 15.6839 1.43623 9.37312 0.159929 7.4324 11.0527 2.54248 0.141487 0.156599
5000.00 1548.15 100.144277 50.404 1.61703 15.6839 1.43796 9.37154 0.159929 7.43239 11.0527 2.54248 0.141486 0.156598
5000.00 1543.15 100.144457 50.4039 1.61703 15.6839 1.43976 9.36991 0.159928 7.43238 11.0526 2.54247 0.141486 0.156598
5000.00 1538.15 100.144643 50.4038 1.61703 15.6838 1.44161 9.36822 0.159928 7.43236 11.0526 2.54247 0.141486 0.156598
5000.00 1533.15 100.144835 50.4037 1.61702 15.6838 1.44352 9.36649 0.159928 7.43235 11.0526 2.54246 0.141486 0.156597
5000.00 1528.15 100.144846 50.4037 1.61702 15.6838 1.44363 9.36638 0.159928 7.43235 11.0526 2.54246 0.141486 0.156597
5000.00 1523.15 100.144053 50.4041 1.61704 15.6839 1.43574 9.37357 0.159929 7.43241 11.0527 2.54248 0.141487 0.156599
5000.00 1518.15 100.144057 50.4041 1.61704 15.6839 1.43577 9.37354 0.159929 7.43241 11.0527 2.54248 0.141487 0.156599
5000.00 1513.15 100.142755 50.4048 1.61706 15.6841 1.42282 9.38533 0.159931 7.4325 11.0528 2.54252 0.141489 0.156601
5000.00 1508.15 100.140605 50.4059 1.61709 15.6845 1.40142 9.40482 0.159935 7.43266 11.0531 2.54257 0.141492 0.156604
5000.00 1503.15 100.138645 50.4069 1.61712 15.6848 1.38191 9.42258 0.159938 7.43281 11.0533 2.54262 0.141494 0.156607
5000.00 1498.15 100.136848 50.4078 1.61715 15.6851 1.36402 9.43887 0.159941 7.43294 11.0535 2.54267 0.141497 0.15661
5000.00 1493.15 100.135195 50.4086 1.61718 15.6853 1.34757 9.45385 0.159943 7.43306 11.0537 2.54271 0.141499 0.156613
5000.00 1488.15 100.133671 50.4094 1.61721 15.6856 1.33239 9.46766 0.159946 7.43318 11.0538 2.54275 0.141501 0.156615
5000.00 1483.15 100.132261 50.4101 1.61723 15.6858 1.31836 9.48044 0.159948 7.43328 11.054 2.54278 0.141503 0.156617
5000.00 1478.15 100.130954 50.4107 1.61725 15.686 1.30535 9.49228 0.15995 7.43338 11.0541 2.54282 0.141505 0.156619
5000.00 1473.15 100.129735 50.4113 1.61727 15.6862 1.29322 9.50333 0.159952 7.43347 11.0543 2.54285 0.141507 0.156621
5000.00 1468.15 100.128589 50.4119 1.61729 15.6864 1.2818 9.51373 0.159954 7.43356 11.0544 2.54288 0.141509 0.156623
5000.00 1463.15 100.127497 50.4125 1.6173 15.6865 1.27093 9.52363 0.159956 7.43364 11.0545 2.5429 0.14151 0.156625
5000.00 1458.15 100.126436 50.413 1.61732 15.6867 1.26038 9.53324 0.159957 7.43371 11.0546 2.54293 0.141512 0.156626
5000.00 1453.15 100.125382 50.4135 1.61734 15.6869 1.24988 9.54279 0.159959 7.43379 11.0547 2.54296 0.141513 0.156628
5000.00 1448.15 100.124307 50.4141 1.61736 15.687 1.23918 9.55254 0.159961 7.43387 11.0549 2.54299 0.141515 0.15663
5000.00 1443.15 100.123193 50.4146 1.61737 15.6872 1.22808 9.56264 0.159962 7.43396 11.055 2.54301 0.141516 0.156631
5000.00 1438.15 100.122047 50.4152 1.61739 15.6874 1.21667 9.57303 0.159964 7.43404 11.0551 2.54304 0.141518 0.156633
5000.00 1433.15 100.120911 50.4158 1.61741 15.6876 1.20536 9.58333 0.159966 7.43413 11.0552 2.54307 0.141519 0.156635
5000.00 1428.15 100.119844 50.4163 1.61743 15.6877 1.19473 9.593 0.159968 7.4342 11.0554 2.5431 0.141521 0.156637
5000.00 1423.15 100.118808 50.4168 1.61745 15.6879 1.18442 9.60239 0.159969 7.43428 11.0555 2.54313 0.141522 0.156638
5000.00 1418.15 100.117828 50.4173 1.61746 15.688 1.17466 9.61128 0.159971 7.43435 11.0556 2.54315 0.141524 0.15664
5000.00 1413.15 100.116822 50.4178 1.61748 15.6882 1.16465 9.6204 0.159973 7.43443 11.0557 2.54318 0.141525 0.156641
5000.00 1408.15 100.115703 50.4184 1.6175 15.6884 1.1535 9.63055 0.159974 7.43451 11.0558 2.5432 0.141527 0.156643
5000.00 1403.15 100.114399 50.4191 1.61752 15.6886 1.14051 9.64237 0.159976 7.43461 11.056 2.54324 0.141529 0.156645
5000.00 1398.15 100.112502 50.42 1.61755 15.6889 1.12162 9.65957 0.159979 7.43475 11.0562 2.54329 0.141531 0.156648
5000.00 1393.15 100.110442 50.4211 1.61758 15.6892 1.10111 9.67825 0.159983 7.4349 11.0564 2.54334 0.141534 0.156651
5000.00 1388.15 100.108324 50.4221 1.61761 15.6895 1.08001 9.69746 0.159986 7.43506 11.0566 2.54339 0.141537 0.156655
5000.00 1383.15 100.106227 50.4232 1.61765 15.6899 1.05913 9.71647 0.159989 7.43522 11.0569 2.54345 0.14154 0.156658
5000.00 1378.15 100.104194 50.4242 1.61768 15.6902 1.03888 9.73491 0.159993 7.43537 11.0571 2.5435 0.141543 0.156661
5000.00 1373.15 100.102249 50.4252 1.61771 15.6905 1.01951 9.75255 0.159996 7.43551 11.0573 2.54355 0.141546 0.156664
5000.00 1368.15 100.100415 50.4261 1.61774 15.6908 1.00124 9.76919 0.159999 7.43565 11.0575 2.54359 0.141548 0.156667
5000.00 1363.15 100.097704 50.4275 1.61779 15.6912 0.974239 9.79377 0.160003 7.43585 11.0578 2.54366 0.141552 0.156671
5000.00 1358.15 100.093395 50.4296 1.61786 15.6919 0.931304 9.83286 0.16001 7.43617 11.0583 2.54377 0.141558 0.156678
5000.00 1353.15 100.089821 50.4314 1.61791 15.6924 0.895705 9.86527 0.160016 7.43643 11.0587 2.54386 0.141563 0.156684
5000.00 1348.15 100.088618 50.432 1.61793 15.6926 0.883718 9.87619 0.160018 7.43652 11.0588 2.54389 0.141565 0.156685
5000.00 1343.15 100.087867 50.4324 1.61795 15.6927 0.876234 9.883 0.160019 7.43658 11.0589 2.54391 0.141566 0.156687
5000.00 1338.15 100.087114 50.4328 1.61796 15.6929 0.868727 9.88984 0.16002 7.43664 11.059 2.54393 0.141567 0.156688
5000.00 1333.15 100.086358 50.4332 1.61797 15.693 0.861196 9.89669 0.160021 7.43669 11.0591 2.54395 0.141568 0.156689
5000.00 1328.15 100.085600 50.4336 1.61798 15.6931 0.853643 9.90357 0.160022 7.43675 11.0591 2.54397 0.141569 0.15669
5000.00 1323.15 100.084839 50.434 1.61799 15.6932 0.846066 9.91047 0.160024 7.4368 11.0592 2.54399 0.14157 0.156691
5000.00 1318.15 100.084077 50.4343 1.61801 15.6933 0.838466 9.91739 0.160025 7.43686 11.0593 2.54401 0.141571 0.156693
5000.00 1313.15 100.083312 50.4347 1.61802 15.6935 0.830842 9.92433 0.160026 7.43692 11.0594 2.54403 0.141573 0.156694
5000.00 1308.15 100.082544 50.4351 1.61803 15.6936 0.823194 9.93129 0.160027 7.43698 11.0595 2.54405 0.141574 0.156695
5000.00 1303.15 100.081774 50.4355 1.61804 15.6937 0.815522 9.93828 0.160029 7.43703 11.0596 2.54407 0.141575 0.156696
5000.00 1298.15 100.081002 50.4359 1.61806 15.6938 0.807826 9.94529 0.16003 7.43709 11.0596 2.54409 0.141576 0.156697
5000.00 1293.15 100.080227 50.4363 1.61807 15.6939 0.800105 9.95232 0.160031 7.43715 11.0597 2.54411 0.141577 0.156699
5000.00 1288.15 100.079450 50.4367 1.61808 15.6941 0.792358 9.95937 0.160032 7.4372 11.0598 2.54413 0.141578 0.1567
5000.00 1283.15 100.078670 50.4371 1.61809 15.6942 0.784585 9.96645 0.160034 7.43726 11.0599 2.54415 0.141579 0.156701
5000.00 1278.15 100.077887 50.4375 1.61811 15.6943 0.776786 9.97355 0.160035 7.43732 11.06 2.54417 0.14158 0.156702
5000.00 1273.15 100.077102 50.4379 1.61812 15.6944 0.768959 9.98068 0.160036 7.43738 11.0601 2.54419 0.141581 0.156703
5000.00 1268.15 100.076313 50.4383 1.61813 15.6946 0.761103 9.98783 0.160037 7.43744 11.0602 2.54421 0.141582 0.156705
5000.00 1263.15 100.075047 50.4389 1.61815 15.6948 0.748478 9.99933 0.160039 7.43753 11.0603 2.54424 0.141584 0.156707
5000.00 1258.15 100.073135 50.4399 1.61818 15.6951 0.729426 10.0167 0.160042 7.43767 11.0605 2.54429 0.141587 0.15671
5000.00 1253.15 100.071247 50.4408 1.61821 15.6953 0.710607 10.0338 0.160045 7.43781 11.0607 2.54433 0.14159 0.156713
5000.00 1248.15 100.069382 50.4417 1.61824 15.6956 0.692025 10.0507 0.160048 7.43795 11.0609 2.54438 0.141592 0.156716
