Title: Gale2013MORB-3

Liquid Composition:
Pressure Temperature mass SiO2 TiO2 Al2O3 Fe2O3 FeO MnO MgO CaO Na2O K2O P2O5 
5000.00 1573.15 100.143462 50.4044 1.61705 15.684 1.42985 9.37892 0.15993 7.43245 11.0527 2.5425 0.141488 0.1566
5000.00 1568.15 100.143614 50.4044 1.61704 15.684 1.43137 9.37755 0.15993 7.43244 11.0527 2.5425 0.141487 0.156599
5000.00 1563.15 100.143771 50.4043 1.61704 15.684 1.43293 9.37612 0.15993 7.43243 11.0527 2.54249 0.141487 0.156599
5000.00 1558.15 100.143934 50.4042 1.61704 15.684 1.43455 9.37465 0.159929 7.43242 11.0527 2.54249 0.141487 0.156599
5000.00 1553.15 100.144103 50.4041 1.61704 15.6839 1.43623 9.37312 0.159929 7.4324 11.0527 2.54248 0.141487 0.156599
5000.00 1548.15 100.144277 50.404 1.61703 15.6839 1.43796 9.37154 0.159929 7.43239 11.0527 2.54248 0.141486 0.156598
5000.00 1543.15 100.144457 50.4039 1.61703 15.6839 1.43976 9.36991 0.159928 7.43238 11.0526 2.54247 0.141486 0.156598
5000.00 1538.15 100.144643 50.4038 1.61703 15.6838 1.44161 9.36822 0.159928 7.43236 11.0526 2.54247 0.141486 0.156598
5000.00 1533.15 100.144835 50.4037 1.61702 15.6838 1.44352 9.36649 0.159928 7.43235 11.0526 2.54246 0.141486 0.156597
5000.00 1528.15 99.765321 50.3885 1.62282 15.7325 1.44665 9.36073 0.160536 7.35199 11.0851 2.55199 0.142024 0.157193
5000.00 1523.15 94.952007 50.3496 1.68912 16.2666 1.44737 9.43765 0.168674 6.817 10.8411 2.66849 0.149223 0.165162
5000.00 1518.15 92.281575 50.3451 1.72583 16.5678 1.4477 9.48581 0.173555 6.52693 10.6666 2.73722 0.153542 0.169941
5000.00 1513.15 85.319763 50.3085 1.85009 16.4832 1.49128 9.83634 0.187717 6.25439 10.4222 2.81765 0.164924 0.183808
5000.00 1508.15 76.661815 50.2092 2.0387 16.1454 1.56247 10.3538 0.208917 5.97558 10.2308 2.88945 0.181173 0.204566
5000.00 1503.15 69.139374 50.0724 2.23681 15.8118 1.63167 10.8646 0.231647 5.72116 10.063 2.94222 0.19787 0.226823
5000.00 1498.15 62.516405 49.8967 2.44607 15.4818 1.69913 11.3708 0.256188 5.48894 9.91823 2.9762 0.215043 0.250853
5000.00 1493.15 56.619865 49.6802 2.66837 15.1548 1.76503 11.8742 0.282868 5.27714 9.79636 2.99139 0.232708 0.276978
5000.00 1488.15 51.319827 49.4207 2.90586 14.8297 1.82953 12.3761 0.312081 5.0843 9.69761 2.98762 0.250869 0.305582
5000.00 1483.15 46.516785 49.1154 3.16111 14.5056 1.89275 12.8777 0.344305 4.90927 9.62268 2.9645 0.269513 0.337135
5000.00 1478.15 42.133145 48.7604 3.43721 14.1811 1.95483 13.3803 0.380127 4.75118 9.57273 2.92133 0.288604 0.372211
5000.00 1473.15 38.106274 48.3505 3.73812 13.8542 2.01595 13.8852 0.420297 4.6094 9.54961 2.85706 0.30808 0.411545
5000.00 1468.15 34.388010 47.8793 4.06869 13.5226 2.07627 14.3938 0.465742 4.48356 9.55582 2.77033 0.327823 0.456044
5000.00 1463.15 30.941040 47.3387 4.43497 13.1833 2.136 14.9073 0.517628 4.3735 9.59462 2.65947 0.347638 0.506849
5000.00 1458.15 27.737046 46.7188 4.84459 12.8329 2.19533 15.4265 0.577421 4.27918 9.67006 2.52265 0.367227 0.565397
5000.00 1453.15 24.756498 46.0083 5.30695 12.4673 2.25444 15.951 0.646939 4.20044 9.78676 2.35828 0.386141 0.633467
5000.00 1448.15 21.989698 45.1969 5.83274 12.0828 2.31334 16.4773 0.728339 4.13661 9.94906 2.16594 0.403759 0.713172
5000.00 1443.15 19.438935 44.281 6.43171 11.6785 2.3715 16.9946 0.823911 4.08556 10.1589 1.94827 0.419333 0.806754
5000.00 1438.15 17.119626 43.2746 7.10704 11.2603 2.42735 17.4787 0.935531 4.04252 10.4121 1.71363 0.432226 0.91605
5000.00 1433.15 15.054229 42.2203 7.84766 10.8444 2.4779 17.8891 1.06388 3.99971 10.6957 1.47715 0.442375 1.04173
5000.00 1428.15 13.255060 41.1823 8.62658 10.4545 2.51945 18.1793 1.20829 3.94848 10.9911 1.25629 0.450623 1.18313
5000.00 1423.15 11.651176 40.3025 9.4318 10.1441 2.54378 18.3441 1.37462 3.87216 11.2012 1.06692 0.459824 1.25902
5000.00 1418.15 10.273144 39.5528 10.2183 9.89558 2.55336 18.345 1.55901 3.77885 11.3858 0.908242 0.470097 1.33292
5000.00 1413.15 9.083603 38.9416 10.9675 9.70596 2.54855 18.1864 1.76317 3.67082 11.5485 0.777314 0.482116 1.40811
5000.00 1408.15 8.049284 38.4691 11.6663 9.56973 2.53 17.8829 1.98974 3.5511 11.6909 0.669762 0.496115 1.48444
5000.00 1403.15 7.146482 38.1312 12.3033 9.48026 2.49854 17.4529 2.24109 3.42321 11.8142 0.581519 0.511971 1.56181
5000.00 1398.15 5.055477 39.0421 11.8611 9.81753 2.37441 16.3442 2.93304 3.22033 11.6785 0.562532 0.565081 1.60115
5000.00 1393.15 3.931562 39.5379 11.7057 10.0191 2.27627 15.4642 3.53235 3.07223 11.6018 0.531143 0.599568 1.65974
5000.00 1388.15 3.103377 39.947 11.5462 10.193 2.1835 14.6582 4.15101 2.94636 11.5211 0.501398 0.626804 1.72544
5000.00 1383.15 2.470262 40.238 11.4002 10.3296 2.09927 13.9431 4.78709 2.83992 11.4456 0.470876 0.646005 1.80027
5000.00 1378.15 1.970660 40.382 11.2833 10.4226 2.02567 13.3264 5.44364 2.75112 11.3836 0.438013 0.656375 1.88733
5000.00 1373.15 1.566018 40.3517 11.2079 10.4668 1.96414 12.8108 6.12772 2.67885 11.3421 0.402 0.65715 1.99088
5000.00 1368.15 1.230044 40.1435 11.1777 10.4658 1.91457 12.3953 6.85187 2.62116 11.3138 0.363457 0.648159 2.10478
5000.00 1363.15 0.832592 41.0481 10.8205 10.7121 1.79836 11.4971 7.29023 2.49643 11.1627 0.362247 0.684212 2.12801
5000.00 1358.15 0.342100 46.8459 8.82649 11.898 1.42569 8.90683 6.51754 2.10427 10.2186 0.562285 0.940299 1.75408
5000.00 1353.15 0.043118 50.8285 7.55258 12.456 1.18948 7.32054 5.94811 1.83476 9.49034 0.70523 1.13014 1.5444
5000.00 1348.15 0.000000 ---
5000.00 1343.15 0.000000 ---
5000.00 1338.15 0.000000 ---
5000.00 1333.15 0.000000 ---
5000.00 1328.15 0.000000 ---
5000.00 1323.15 0.000000 ---
5000.00 1318.15 0.000000 ---
5000.00 1313.15 0.000000 ---
5000.00 1308.15 0.000000 ---
5000.00 1303.15 0.000000 ---
5000.00 1298.15 0.000000 ---
5000.00 1293.15 0.000000 ---
5000.00 1288.15 0.000000 ---
5000.00 1283.15 0.000000 ---
5000.00 1278.15 0.000000 ---
5000.00 1273.15 0.000000 ---
5000.00 1268.15 0.000000 ---
5000.00 1263.15 0.000000 ---
5000.00 1258.15 0.000000 ---
5000.00 1253.15 0.000000 ---
5000.00 1248.15 0.000000 ---