Title: Gale2013MORB-3

Solid Composition:
Pressure Temperature mass SiO2 TiO2 Al2O3 Fe2O3 FeO MnO MgO CaO Na2O K2O P2O5 
5000.00 1573.15 0.000000 ---
5000.00 1568.15 0.000000 ---
5000.00 1563.15 0.000000 ---
5000.00 1558.15 0.000000 ---
5000.00 1553.15 0.000000 ---
5000.00 1548.15 0.000000 ---
5000.00 1543.15 0.000000 ---
5000.00 1538.15 0.000000 ---
5000.00 1533.15 0.000000 ---
5000.00 1528.15 0.379525 54.4199 0.0926665 2.8763 0.647893 10.8522 0 28.5568 2.51641 0.0377928 0 0
5000.00 1523.15 5.192046 51.4023 0.29885 5.02773 1.2229 8.20159 0 18.6869 14.9216 0.238057 0 0
5000.00 1518.15 7.862482 51.0974 0.340167 5.31 1.29574 8.05577 0 18.0599 15.584 0.256921 0 0
5000.00 1513.15 14.822992 50.9591 0.275729 11.0851 1.02877 6.78939 0 14.2136 14.6828 0.958869 0.00659859 0
5000.00 1508.15 23.478790 51.048 0.240473 14.1796 0.87557 6.30629 0 12.1903 13.7378 1.40998 0.0119272 0
5000.00 1503.15 30.999271 51.1528 0.235011 15.4015 0.824843 6.20639 0 11.2504 13.2619 1.65137 0.0157566 0
5000.00 1498.15 37.620443 51.2571 0.239684 16.0228 0.807149 6.22837 0 10.6634 12.94 1.82224 0.0192801 0
5000.00 1493.15 43.515330 51.3564 0.249429 16.3757 0.804387 6.30458 0 10.2382 12.6896 1.95891 0.0228227 0
5000.00 1488.15 48.813843 51.4488 0.262391 16.5854 0.809737 6.4099 0 9.90264 12.4797 2.07504 0.0265187 0
5000.00 1483.15 53.615476 51.5334 0.277756 16.7097 0.820025 6.53293 0 9.62311 12.2958 2.17691 0.0304421 0
5000.00 1478.15 57.997810 51.6097 0.295119 16.7792 0.833531 6.66779 0 9.38189 12.1303 2.26784 0.0346436 0
5000.00 1473.15 62.023461 51.6775 0.314249 16.8117 0.849181 6.81117 0 9.16854 11.9787 2.3498 0.039167 0
5000.00 1468.15 65.740579 51.7367 0.334993 16.8182 0.866225 6.96101 0 8.97666 11.8383 2.4239 0.0440502 0
5000.00 1463.15 69.186457 51.7871 0.357211 16.806 0.88406 7.11598 0 8.80217 11.7074 2.49078 0.049327 0
5000.00 1458.15 72.389391 51.8285 0.380747 16.7802 0.902135 7.27516 0 8.64242 11.5851 2.5507 0.0550255 0
5000.00 1453.15 75.368884 51.8605 0.405409 16.7444 0.919912 7.43789 0 8.49586 11.4712 2.60362 0.06116 0
5000.00 1448.15 78.134609 51.8824 0.431006 16.7014 0.936873 7.60367 0 8.36183 11.3661 2.6491 0.0677103 0
5000.00 1443.15 80.684258 51.8924 0.457476 16.653 0.952605 7.77208 0 8.24067 11.2709 2.6863 0.0745829 0
5000.00 1438.15 83.002421 51.888 0.485129 16.6005 0.966961 7.94245 0 8.13356 11.1877 2.71411 0.0815579 0
5000.00 1433.15 85.066682 51.8661 0.514846 16.5446 0.980162 8.11345 0 8.04191 11.1189 2.73171 0.088277 0
5000.00 1428.15 86.864784 51.8254 0.547874 16.4863 0.992591 8.28278 0 7.9661 11.0652 2.73946 0.0943537 0
5000.00 1423.15 88.467632 51.7489 0.588295 16.418 1.00539 8.45111 0 7.90341 11.0363 2.73754 0.0996021 0.0114551
5000.00 1418.15 89.844684 51.6596 0.634008 16.3504 1.01701 8.61264 0 7.85234 11.0178 2.73009 0.103954 0.0221396
5000.00 1413.15 91.033219 51.563 0.684505 16.2851 1.02656 8.76565 0 7.80997 11.0065 2.71938 0.10754 0.0317651
5000.00 1408.15 92.066419 51.4631 0.738937 16.2233 1.03316 8.90905 0 7.77403 11.0003 2.707 0.110525 0.0405549
5000.00 1403.15 92.967917 51.3636 0.796093 16.1658 1.03612 9.04197 0 7.74297 10.9977 2.69404 0.113053 0.0486293
5000.00 1398.15 95.057025 51.0251 1.07276 16.0011 1.055 9.30406 0.0124979 7.65889 11.0231 2.64863 0.119005 0.0798242
5000.00 1393.15 96.178879 50.8659 1.2052 15.921 1.05307 9.44174 0.0221286 7.61324 11.0341 2.62559 0.122811 0.0952085
5000.00 1388.15 97.004946 50.7572 1.29998 15.8654 1.04471 9.53875 0.0323056 7.57866 11.0418 2.60872 0.126013 0.106466
5000.00 1383.15 97.635965 50.6809 1.37014 15.8255 1.03282 9.60953 0.0429205 7.55148 11.047 2.59588 0.128777 0.115073
5000.00 1378.15 98.133534 50.6259 1.42358 15.796 1.01907 9.66279 0.0538896 7.52943 11.0505 2.58578 0.131204 0.121907
5000.00 1373.15 98.536232 50.5853 1.4653 15.7735 1.0045 9.70394 0.0651519 7.51111 11.0528 2.57758 0.133351 0.127513
5000.00 1368.15 98.870370 50.554 1.49881 15.7558 0.989873 9.73651 0.0767454 7.49554 11.0543 2.57072 0.135246 0.132431
5000.00 1363.15 99.265113 50.5061 1.5406 15.733 0.967326 9.77948 0.100198 7.47728 11.0569 2.56196 0.137001 0.140136
5000.00 1358.15 99.751295 50.4419 1.59313 15.7049 0.929609 9.83604 0.138207 7.45445 11.0612 2.55057 0.138819 0.1512
5000.00 1353.15 100.046703 50.4313 1.61536 15.6938 0.895579 9.86637 0.157521 7.43885 11.0593 2.54465 0.141137 0.156085
5000.00 1348.15 100.088618 50.432 1.61793 15.6926 0.883718 9.87619 0.160018 7.43652 11.0588 2.54389 0.141565 0.156685
5000.00 1343.15 100.087867 50.4324 1.61795 15.6927 0.876234 9.883 0.160019 7.43658 11.0589 2.54391 0.141566 0.156687
5000.00 1338.15 100.087114 50.4328 1.61796 15.6929 0.868727 9.88984 0.16002 7.43664 11.059 2.54393 0.141567 0.156688
5000.00 1333.15 100.086358 50.4332 1.61797 15.693 0.861196 9.89669 0.160021 7.43669 11.0591 2.54395 0.141568 0.156689
5000.00 1328.15 100.085600 50.4336 1.61798 15.6931 0.853643 9.90357 0.160022 7.43675 11.0591 2.54397 0.141569 0.15669
5000.00 1323.15 100.084839 50.434 1.61799 15.6932 0.846066 9.91047 0.160024 7.4368 11.0592 2.54399 0.14157 0.156691
5000.00 1318.15 100.084077 50.4343 1.61801 15.6933 0.838466 9.91739 0.160025 7.43686 11.0593 2.54401 0.141571 0.156693
5000.00 1313.15 100.083312 50.4347 1.61802 15.6935 0.830842 9.92433 0.160026 7.43692 11.0594 2.54403 0.141573 0.156694
5000.00 1308.15 100.082544 50.4351 1.61803 15.6936 0.823194 9.93129 0.160027 7.43698 11.0595 2.54405 0.141574 0.156695
5000.00 1303.15 100.081774 50.4355 1.61804 15.6937 0.815522 9.93828 0.160029 7.43703 11.0596 2.54407 0.141575 0.156696
5000.00 1298.15 100.081002 50.4359 1.61806 15.6938 0.807826 9.94529 0.16003 7.43709 11.0596 2.54409 0.141576 0.156697
5000.00 1293.15 100.080227 50.4363 1.61807 15.6939 0.800105 9.95232 0.160031 7.43715 11.0597 2.54411 0.141577 0.156699
5000.00 1288.15 100.079450 50.4367 1.61808 15.6941 0.792358 9.95937 0.160032 7.4372 11.0598 2.54413 0.141578 0.1567
5000.00 1283.15 100.078670 50.4371 1.61809 15.6942 0.784585 9.96645 0.160034 7.43726 11.0599 2.54415 0.141579 0.156701
5000.00 1278.15 100.077887 50.4375 1.61811 15.6943 0.776786 9.97355 0.160035 7.43732 11.06 2.54417 0.14158 0.156702
5000.00 1273.15 100.077102 50.4379 1.61812 15.6944 0.768959 9.98068 0.160036 7.43738 11.0601 2.54419 0.141581 0.156703
5000.00 1268.15 100.076313 50.4383 1.61813 15.6946 0.761103 9.98783 0.160037 7.43744 11.0602 2.54421 0.141582 0.156705
5000.00 1263.15 100.075047 50.4389 1.61815 15.6948 0.748478 9.99933 0.160039 7.43753 11.0603 2.54424 0.141584 0.156707
5000.00 1258.15 100.073135 50.4399 1.61818 15.6951 0.729426 10.0167 0.160042 7.43767 11.0605 2.54429 0.141587 0.15671
5000.00 1253.15 100.071247 50.4408 1.61821 15.6953 0.710607 10.0338 0.160045 7.43781 11.0607 2.54433 0.14159 0.156713
5000.00 1248.15 100.069382 50.4417 1.61824 15.6956 0.692025 10.0507 0.160048 7.43795 11.0609 2.54438 0.141592 0.156716