Title: MORB_Gale2013-1

Liquid Composition:
Pressure Temperature mass SiO2 TiO2 Al2O3 Fe2O3 FeO MnO MgO CaO Na2O K2O P2O5 
5000.00 1573.15 100.132850 53.1214 1.52546 14.3233 1.32423 8.02728 0.178973 6.6016 11.9504 2.65097 0.126984 0.169391
5000.00 1568.15 100.132990 53.1214 1.52546 14.3233 1.32562 8.02602 0.178973 6.60159 11.9504 2.65097 0.126983 0.169391
5000.00 1563.15 100.133134 53.1213 1.52545 14.3233 1.32705 8.02471 0.178973 6.60158 11.9503 2.65097 0.126983 0.169391
5000.00 1558.15 100.133283 53.1212 1.52545 14.3232 1.32854 8.02336 0.178973 6.60157 11.9503 2.65096 0.126983 0.16939
5000.00 1553.15 100.133438 53.1211 1.52545 14.3232 1.33008 8.02196 0.178972 6.60156 11.9503 2.65096 0.126983 0.16939
5000.00 1548.15 100.133598 53.121 1.52545 14.3232 1.33167 8.02052 0.178972 6.60155 11.9503 2.65095 0.126983 0.16939
5000.00 1543.15 100.133763 53.1209 1.52544 14.3232 1.33331 8.01903 0.178972 6.60154 11.9503 2.65095 0.126982 0.169389
5000.00 1538.15 100.133933 53.1209 1.52544 14.3232 1.33501 8.01748 0.178972 6.60153 11.9502 2.65094 0.126982 0.169389
5000.00 1533.15 97.425740 53.1612 1.55971 14.5998 1.33638 8.06652 0.183947 6.30998 11.7601 2.71772 0.130512 0.174098
5000.00 1528.15 94.791133 53.2134 1.59344 14.8737 1.33649 8.10874 0.189059 6.02459 11.5617 2.78572 0.134139 0.178937
5000.00 1523.15 92.278252 53.277 1.62577 15.139 1.33534 8.14245 0.194207 5.75091 11.3601 2.85355 0.137792 0.183809
5000.00 1518.15 89.877162 53.352 1.65662 15.396 1.33294 8.16724 0.199396 5.48829 11.1561 2.92123 0.141473 0.18872
5000.00 1513.15 87.578993 53.4386 1.68588 15.6446 1.32929 8.18274 0.204628 5.23624 10.9503 2.98879 0.145186 0.193672
5000.00 1508.15 82.667453 53.5894 1.76819 15.5844 1.35294 8.3841 0.216786 5.02525 10.6663 3.05441 0.153081 0.205179
5000.00 1503.15 76.762176 53.7571 1.88404 15.3618 1.39012 8.67461 0.233463 4.83041 10.3754 3.10859 0.163513 0.220963
5000.00 1498.15 71.265862 53.9117 2.00763 15.131 1.42609 8.95228 0.251469 4.63501 10.1224 3.14994 0.174465 0.238005
5000.00 1493.15 66.151766 54.0543 2.13939 14.8941 1.46045 9.2142 0.270909 4.44079 9.90513 3.17835 0.185935 0.256404
5000.00 1488.15 61.401534 54.1867 2.27942 14.6538 1.4927 9.45724 0.291868 4.24971 9.72053 3.19391 0.197904 0.276241
5000.00 1483.15 56.998059 54.3105 2.42772 14.4133 1.52234 9.67824 0.314416 4.06358 9.56506 3.19693 0.210344 0.297582
5000.00 1478.15 52.922246 54.428 2.58424 14.1754 1.54887 9.87412 0.338631 3.88379 9.4353 3.18786 0.223232 0.3205
5000.00 1473.15 49.151657 54.5414 2.74906 13.9428 1.57183 10.042 0.364609 3.71122 9.32824 3.16721 0.236555 0.345087
5000.00 1468.15 45.664903 54.653 2.92222 13.7175 1.5908 10.179 0.392449 3.54635 9.24136 3.13556 0.250306 0.371436
5000.00 1463.15 42.441989 54.7653 3.10377 13.5012 1.6054 10.2825 0.42225 3.38941 9.17254 3.09359 0.264481 0.399642
5000.00 1458.15 39.464738 54.8805 3.29366 13.2953 1.61528 10.3499 0.454105 3.24041 9.11997 3.04198 0.279079 0.429791
5000.00 1453.15 36.668156 55.0147 3.49007 13.0893 1.62013 10.3691 0.488738 3.09187 9.09637 2.98272 0.294389 0.46257
5000.00 1448.15 34.093439 55.161 3.69216 12.8968 1.61936 10.346 0.525647 2.9513 9.0842 2.91585 0.310149 0.497504
5000.00 1443.15 31.728832 55.3216 3.89895 12.7184 1.61282 10.2802 0.564821 2.81857 9.08138 2.84232 0.326338 0.53458
5000.00 1438.15 29.562246 55.4987 4.10902 12.5543 1.60049 10.1717 0.606217 2.69324 9.08641 2.76321 0.342937 0.573759
5000.00 1433.15 27.582994 55.6941 4.32056 12.4042 1.5825 10.022 0.649716 2.57488 9.09755 2.67971 0.359907 0.61493
5000.00 1428.15 25.780925 55.9092 4.53137 12.2675 1.5591 9.83348 0.695131 2.46309 9.11288 2.5931 0.377192 0.657913
5000.00 1423.15 24.145777 56.1449 4.73902 12.1435 1.53066 9.60998 0.742205 2.35745 9.13036 2.50467 0.394722 0.702467
5000.00 1418.15 22.666783 56.4014 4.94094 12.0314 1.49771 9.35602 0.790634 2.25759 9.14791 2.41569 0.412416 0.748302
5000.00 1413.15 21.332575 56.6786 5.13457 11.9298 1.46082 9.07675 0.840083 2.16312 9.16358 2.32735 0.430186 0.795104
5000.00 1408.15 20.131313 56.9759 5.3175 11.8378 1.42065 8.77754 0.890211 2.07366 9.17558 2.24066 0.447944 0.842548
5000.00 1403.15 19.050961 57.2925 5.48756 11.754 1.37783 8.46366 0.940694 1.98886 9.18243 2.15648 0.465608 0.890328
5000.00 1398.15 18.050923 57.6874 5.64655 11.6898 1.3313 8.14237 0.992809 1.90533 9.14131 2.0781 0.483711 0.90125
5000.00 1393.15 17.154789 58.098 5.78824 11.6309 1.2835 7.81519 1.04467 1.82625 9.09468 2.00321 0.501542 0.913866
5000.00 1388.15 16.349262 58.526 5.91169 11.5766 1.23489 7.48618 1.09614 1.75115 9.0399 1.93224 0.519076 0.926108
5000.00 1383.15 15.623723 58.9702 6.01619 11.5261 1.18596 7.1586 1.14705 1.67976 8.97679 1.86527 0.536268 0.937876
5000.00 1378.15 14.765888 59.8035 5.90164 11.4985 1.11904 6.72171 1.20282 1.59466 8.83868 1.82195 0.558343 0.939187
5000.00 1373.15 13.911457 60.8094 5.67473 11.4752 1.0466 6.25674 1.25796 1.50824 8.66488 1.7887 0.582165 0.935358
5000.00 1368.15 13.174777 61.7505 5.46645 11.4447 0.980498 5.83829 1.30867 1.43075 8.49442 1.75298 0.604375 0.928404
5000.00 1363.15 12.534037 62.6295 5.27367 11.4077 0.920122 5.45977 1.35515 1.3608 8.33057 1.71544 0.625094 0.922158
5000.00 1358.15 11.970781 63.4553 5.09357 11.3658 0.864769 5.11561 1.39774 1.29714 8.1723 1.67678 0.644495 0.916553
5000.00 1353.15 11.471038 64.2347 4.9241 11.3201 0.813848 4.80125 1.43675 1.23877 8.01876 1.6375 0.662725 0.911457
5000.00 1348.15 11.024081 64.9734 4.76372 11.2717 0.766862 4.51296 1.47245 1.18492 7.86936 1.59795 0.679907 0.906777
5000.00 1343.15 10.621526 65.6761 4.61123 11.221 0.723391 4.24762 1.50506 1.135 7.72366 1.55839 0.696146 0.902449
5000.00 1338.15 10.256724 66.3463 4.46574 11.1687 0.683075 4.00263 1.53479 1.08851 7.58132 1.51901 0.711529 0.898429
5000.00 1333.15 9.924328 66.9873 4.3265 11.1151 0.645604 3.77579 1.56183 1.04505 7.44211 1.47994 0.726134 0.894686
5000.00 1328.15 9.619985 67.6016 4.19293 11.0606 0.610707 3.5652 1.58636 1.00428 7.30582 1.44127 0.740027 0.891198
5000.00 1323.15 9.340113 68.1916 4.06454 11.0054 0.578149 3.36926 1.60851 0.965938 7.17231 1.40309 0.753266 0.88795
5000.00 1318.15 9.081738 68.7591 3.94093 10.9497 0.547724 3.18656 1.62842 0.929776 7.04147 1.36545 0.765902 0.884934
5000.00 1313.15 8.842363 69.3058 3.82175 10.8937 0.519249 3.01588 1.64624 0.895594 6.91319 1.32838 0.777981 0.882144
5000.00 1308.15 7.648886 69.5226 3.72692 10.9038 0.496136 2.87729 1.81129 0.868352 6.79545 1.27375 0.833642 0.890705
5000.00 1303.15 5.527712 69.2183 3.66606 11.0108 0.48051 2.78284 2.22981 0.851326 6.69796 1.19492 0.948672 0.91879
5000.00 1298.15 4.012715 68.8895 3.6063 11.1056 0.466537 2.69797 2.66861 0.836301 6.61076 1.12187 1.04716 0.949353
5000.00 1293.15 2.879576 68.5327 3.54857 11.1897 0.454129 2.62227 3.12906 0.823239 6.53465 1.05346 1.1294 0.982804
5000.00 1288.15 2.004307 68.1443 3.49369 11.2641 0.443215 2.55532 3.61288 0.812116 6.47024 0.988887 1.19571 1.01963
5000.00 1283.15 1.312989 67.7201 3.44252 11.3293 0.433735 2.49674 4.12208 0.802922 6.41812 0.92753 1.24649 1.0604
5000.00 1278.15 0.000000 ---
5000.00 1273.15 0.000000 ---
5000.00 1268.15 0.000000 ---
5000.00 1263.15 0.000000 ---
5000.00 1258.15 0.000000 ---
5000.00 1253.15 0.000000 ---
5000.00 1248.15 0.000000 ---
5000.00 1243.15 0.000000 ---
5000.00 1238.15 0.000000 ---
5000.00 1233.15 0.000000 ---
5000.00 1228.15 0.000000 ---
5000.00 1223.15 0.000000 ---
5000.00 1218.15 0.000000 ---
5000.00 1213.15 0.000000 ---
5000.00 1208.15 0.000000 ---
5000.00 1203.15 0.000000 ---
5000.00 1198.15 0.000000 ---
5000.00 1193.15 0.000000 ---
5000.00 1188.15 0.000000 ---
5000.00 1183.15 0.000000 ---
5000.00 1178.15 0.000000 ---
5000.00 1173.15 0.000000 ---
5000.00 1168.15 0.000000 ---
5000.00 1163.15 0.000000 ---
5000.00 1158.15 0.000000 ---
5000.00 1153.15 0.000000 ---
5000.00 1148.15 0.391063 1.75128 0.248994 0.00717375 0.0136405 0.00814932 2.1116 1.05294 51.4274 6.75346e-006 0.00569404 43.3731
5000.00 1143.15 0.390601 1.7163 0.237962 0.00695143 0.0133095 0.00786504 2.06201 1.03847 51.4872 6.45438e-006 0.00556324 43.4244
5000.00 1138.15 0.390158 1.68271 0.227506 0.00673773 0.0129887 0.00759194 2.01402 1.02473 51.5446 6.16508e-006 0.0054341 43.4737
5000.00 1133.15 0.389742 1.65125 0.217312 0.00653409 0.012668 0.00732426 1.96844 1.01229 51.5987 5.85477e-006 0.00530676 43.5201
5000.00 1128.15 0.389398 1.62657 0.205752 0.00635228 0.0122904 0.00703195 1.93029 1.0045 51.6434 5.35537e-006 0.0051827 43.5586
5000.00 1123.15 0.389064 1.60254 0.194786 0.00617727 0.011931 0.00675475 1.89298 0.996922 51.6869 4.89646e-006 0.00506213 43.596
5000.00 1118.15 0.388740 1.57912 0.184384 0.00600868 0.0115888 0.00649174 1.8565 0.989552 51.7291 4.47484e-006 0.00494488 43.6323
5000.00 1113.15 0.388426 1.5563 0.174514 0.00584614 0.0112629 0.00624205 1.8208 0.982386 51.7702 4.08761e-006 0.0048308 43.6676
5000.00 1108.15 0.388120 1.53405 0.16515 0.00568933 0.0109526 0.0060049 1.78586 0.975421 51.8102 3.73206e-006 0.00471977 43.7019
5000.00 1103.15 0.387824 1.51237 0.156264 0.00553793 0.0106569 0.00577955 1.75166 0.968656 51.8491 3.4057e-006 0.00461164 43.7353
5000.00 1098.15 0.387536 1.49123 0.147831 0.00539166 0.0103751 0.00556533 1.71816 0.962089 51.887 3.10625e-006 0.0045063 43.7678
5000.00 1093.15 0.387256 1.47061 0.13983 0.00525025 0.0101066 0.00536159 1.68536 0.955718 51.9239 2.83159e-006 0.00440364 43.7994
5000.00 1088.15 0.386984 1.45051 0.132236 0.00511346 0.00985077 0.00516776 1.65322 0.949541 51.9598 2.57976e-006 0.00430355 43.8302
5000.00 1083.15 0.386720 1.43091 0.125031 0.00498106 0.00960694 0.00498327 1.62173 0.943557 51.9948 2.34896e-006 0.00420592 43.8602
5000.00 1078.15 0.386463 1.41179 0.118194 0.00485284 0.00937459 0.00480763 1.59086 0.937765 52.0289 2.13753e-006 0.00411067 43.8894
5000.00 1073.15 0.386213 1.39315 0.111706 0.00472859 0.0091532 0.00464035 1.5606 0.932163 52.062 1.94393e-006 0.00401771 43.9178
5000.00 1068.15 0.385969 1.37497 0.10555 0.00460814 0.0089423 0.00448099 1.53093 0.92675 52.0944 1.76674e-006 0.00392695 43.9455
5000.00 1063.15 0.385733 1.35723 0.0997106 0.0044913 0.00874142 0.00432913 1.50183 0.921527 52.1259 1.60466e-006 0.00383832 43.9724
5000.00 1058.15 0.385503 1.33994 0.0941707 0.00437791 0.00855016 0.00418438 1.47329 0.916492 52.1566 1.45646e-006 0.00375173 43.9987
5000.00 1053.15 0.385279 1.32308 0.088916 0.00426782 0.00836811 0.00404637 1.44529 0.911644 52.1865 1.32104e-006 0.00366713 44.0242
5000.00 1048.15 0.385061 1.30664 0.0839323 0.00416089 0.00819492 0.00391476 1.41782 0.906984 52.2156 1.19736e-006 0.00358444 44.0492
5000.00 1043.15 0.384849 1.29061 0.0792062 0.00405697 0.00803023 0.00378924 1.39085 0.902512 52.244 1.08446e-006 0.0035036 44.0734
5000.00 1038.15 0.384643 1.27499 0.0747253 0.00395596 0.00787374 0.00366949 1.36439 0.898227 52.2717 9.81471e-007 0.00342456 44.0971
5000.00 1033.15 0.384442 1.25976 0.0704773 0.00385771 0.00772515 0.00355524 1.33841 0.894129 52.2986 8.87576e-007 0.00334725 44.1201
5000.00 1028.15 0.384246 1.24492 0.066451 0.00376213 0.00758417 0.00344621 1.31291 0.89022 52.3249 8.02027e-007 0.00327162 44.1425