Title: MORB_Gale2013-1

Phase Masses:
Pressure Temperature mass liquid_0 olivine_0 clinopyroxene_0 clinopyroxene_1 clinopyroxene_2 feldspar_0 quartz rhm-oxide_0 whitlockite 
5000.00 1573.15 100.132850 100.132850 0.000000 0.000000 0.000000 0.000000 0.000000 0.000000 0.000000 0.000000 
5000.00 1568.15 100.132990 100.132990 0.000000 0.000000 0.000000 0.000000 0.000000 0.000000 0.000000 0.000000 
5000.00 1563.15 100.133134 100.133134 0.000000 0.000000 0.000000 0.000000 0.000000 0.000000 0.000000 0.000000 
5000.00 1558.15 100.133283 100.133283 0.000000 0.000000 0.000000 0.000000 0.000000 0.000000 0.000000 0.000000 
5000.00 1553.15 100.133438 100.133438 0.000000 0.000000 0.000000 0.000000 0.000000 0.000000 0.000000 0.000000 
5000.00 1548.15 100.133598 100.133598 0.000000 0.000000 0.000000 0.000000 0.000000 0.000000 0.000000 0.000000 
5000.00 1543.15 100.133763 100.133763 0.000000 0.000000 0.000000 0.000000 0.000000 0.000000 0.000000 0.000000 
5000.00 1538.15 100.133933 100.133933 0.000000 0.000000 0.000000 0.000000 0.000000 0.000000 0.000000 0.000000 
5000.00 1533.15 100.133609 97.425740 0.000000 2.707869 0.000000 0.000000 0.000000 0.000000 0.000000 0.000000 
5000.00 1528.15 100.133431 94.791133 0.000000 5.342298 0.000000 0.000000 0.000000 0.000000 0.000000 0.000000 
5000.00 1523.15 100.133399 92.278252 0.000000 7.855147 0.000000 0.000000 0.000000 0.000000 0.000000 0.000000 
5000.00 1518.15 100.133504 89.877162 0.000000 10.256342 0.000000 0.000000 0.000000 0.000000 0.000000 0.000000 
5000.00 1513.15 100.133737 87.578993 0.000000 12.554744 0.000000 0.000000 0.000000 0.000000 0.000000 0.000000 
5000.00 1508.15 100.133320 82.667453 0.000000 15.288524 0.000000 0.000000 2.177342 0.000000 0.000000 0.000000 
5000.00 1503.15 100.132380 76.762176 0.000000 18.052860 0.000000 0.000000 5.317343 0.000000 0.000000 0.000000 
5000.00 1498.15 100.131288 71.265862 0.000000 20.579628 0.000000 0.000000 8.285799 0.000000 0.000000 0.000000 
5000.00 1493.15 100.130080 66.151766 0.000000 22.897219 0.000000 0.000000 11.081095 0.000000 0.000000 0.000000 
5000.00 1488.15 100.128787 61.401534 0.000000 25.028804 0.000000 0.000000 13.698449 0.000000 0.000000 0.000000 
5000.00 1483.15 100.127435 56.998059 0.000000 26.994679 0.000000 0.000000 16.134697 0.000000 0.000000 0.000000 
5000.00 1478.15 100.126044 52.922246 0.000000 28.813178 0.000000 0.000000 18.390620 0.000000 0.000000 0.000000 
5000.00 1473.15 100.124623 49.151657 0.000000 30.501025 0.000000 0.000000 20.471942 0.000000 0.000000 0.000000 
5000.00 1468.15 100.123179 45.664903 0.000000 32.072234 0.000000 0.000000 22.386041 0.000000 0.000000 0.000000 
5000.00 1463.15 100.121711 42.441989 0.000000 33.538256 0.000000 0.000000 24.141466 0.000000 0.000000 0.000000 
5000.00 1458.15 100.120219 39.464738 0.000000 34.908139 0.000000 0.000000 25.747342 0.000000 0.000000 0.000000 
5000.00 1453.15 100.118735 36.668156 0.000000 34.688641 1.516837 0.000000 27.245102 0.000000 0.000000 0.000000 
5000.00 1448.15 100.117235 34.093439 0.000000 34.433076 2.987549 0.000000 28.603170 0.000000 0.000000 0.000000 
5000.00 1443.15 100.115710 31.728832 0.000000 34.215146 4.341441 0.000000 29.830291 0.000000 0.000000 0.000000 
5000.00 1438.15 100.114157 29.562246 0.000000 34.029050 5.586860 0.000000 30.936000 0.000000 0.000000 0.000000 
5000.00 1433.15 100.112573 27.582994 0.000000 33.869292 6.731170 0.000000 31.929117 0.000000 0.000000 0.000000 
5000.00 1428.15 100.110960 25.780925 0.000000 33.730943 7.781032 0.000000 32.818059 0.000000 0.000000 0.000000 
5000.00 1423.15 100.109321 24.145777 0.000000 33.609779 8.742696 0.000000 33.611069 0.000000 0.000000 0.000000 
5000.00 1418.15 100.107660 22.666783 0.000000 33.502329 9.622240 0.000000 34.316308 0.000000 0.000000 0.000000 
5000.00 1413.15 100.105985 21.332575 0.000000 33.405850 10.425705 0.000000 34.941855 0.000000 0.000000 0.000000 
5000.00 1408.15 100.104304 20.131313 0.000000 33.318251 11.159129 0.000000 35.495611 0.000000 0.000000 0.000000 
5000.00 1403.15 100.102623 19.050961 0.000000 33.237988 11.828499 0.000000 35.985176 0.000000 0.000000 0.000000 
5000.00 1398.15 100.100906 18.050923 0.000000 33.166866 12.449102 0.000000 36.418866 0.000000 0.000000 0.015148 
5000.00 1393.15 100.099213 17.154789 0.000000 33.100617 13.014914 0.000000 36.800825 0.000000 0.000000 0.028068 
5000.00 1388.15 100.097547 16.349262 0.000000 33.038936 13.532016 0.000000 37.137553 0.000000 0.000000 0.039781 
5000.00 1383.15 100.095911 15.623723 0.000000 32.981487 14.005481 0.000000 37.434774 0.000000 0.000000 0.050446 
5000.00 1378.15 100.093866 14.765888 0.000000 33.118142 14.183340 0.000000 37.827952 0.000000 0.130939 0.067604 
5000.00 1373.15 100.091584 13.911457 0.000000 33.323791 14.195180 0.000000 38.256751 0.000000 0.318101 0.086304 
5000.00 1368.15 100.089359 13.174777 0.000000 33.478241 14.212470 0.000000 38.641954 0.000000 0.478553 0.103364 
5000.00 1363.15 100.087204 12.534037 0.000000 33.592449 14.234988 0.000000 38.990017 0.000000 0.617638 0.118074 
5000.00 1358.15 100.085122 11.970781 0.000000 33.675153 14.262035 0.000000 39.306589 0.000000 0.739674 0.130890 
5000.00 1353.15 100.083112 11.471038 0.000000 33.732812 14.293017 0.000000 39.596213 0.000000 0.847856 0.142177 
5000.00 1348.15 100.081174 11.024081 0.000000 33.770299 14.327424 0.000000 39.862571 0.000000 0.944593 0.152207 
5000.00 1343.15 100.079303 10.621526 0.000000 33.791362 14.364815 0.000000 40.108672 0.000000 1.031741 0.161188 
5000.00 1338.15 100.077498 10.256724 0.000000 33.798934 14.404799 0.000000 40.337004 0.000000 1.110754 0.169283 
5000.00 1333.15 100.075754 9.924328 0.000000 33.795346 14.447028 0.000000 40.549639 0.000000 1.182794 0.176621 
5000.00 1328.15 100.074069 9.619985 0.000000 33.782470 14.491195 0.000000 40.748319 0.000000 1.248796 0.183304 
5000.00 1323.15 100.072440 9.340113 0.000000 33.761832 14.537025 0.000000 40.934524 0.000000 1.309529 0.189418 
5000.00 1318.15 100.070863 9.081738 0.000000 33.734682 14.584272 0.000000 41.109514 0.000000 1.365626 0.195030 
5000.00 1313.15 100.069335 8.842363 0.000000 33.702058 14.632721 0.000000 41.274375 0.000000 1.417621 0.200198 
5000.00 1308.15 100.068197 7.648886 0.000000 33.796435 14.627551 0.000000 41.742484 0.498418 1.532649 0.221774 
5000.00 1303.15 100.067613 5.527712 0.000000 33.994746 14.582097 0.000000 42.501852 1.494080 1.707457 0.259668 
5000.00 1298.15 100.067017 4.012715 0.000000 34.093415 14.580974 0.000000 43.059068 2.195894 1.837544 0.287405 
5000.00 1293.15 100.066416 2.879576 0.000000 34.132019 14.606812 0.000000 43.487475 2.712276 1.939449 0.308808 
5000.00 1288.15 100.065816 2.004307 0.000000 34.132261 14.650168 0.000000 43.827496 3.103290 2.022301 0.325993 
5000.00 1283.15 100.065217 1.312989 0.000000 34.107031 14.705457 0.000000 44.103146 3.404838 2.091529 0.340227 
5000.00 1278.15 100.064225 0.000000 0.252583 34.097848 14.545111 0.000000 44.588370 4.045193 2.164470 0.370652 
5000.00 1273.15 100.063631 0.000000 0.258164 34.014040 14.638813 0.000000 44.576210 4.045202 2.160550 0.370652 
5000.00 1268.15 100.063039 0.000000 0.263757 33.933060 14.729930 0.000000 44.563830 4.045271 2.156539 0.370652 
5000.00 1263.15 100.062447 0.000000 0.269362 33.854781 14.818595 0.000000 44.551223 4.045401 2.152432 0.370652 
5000.00 1258.15 100.061857 0.000000 0.274980 33.779083 14.904937 0.000000 44.538385 4.045595 2.148227 0.370652 
5000.00 1253.15 100.061268 0.000000 0.280610 33.705853 14.989073 0.000000 44.525308 4.045852 2.143920 0.370652 
5000.00 1248.15 100.060680 0.000000 0.286252 33.634989 15.071116 0.000000 44.511987 4.046176 2.139509 0.370652 
5000.00 1243.15 100.060094 0.000000 0.291907 33.566394 15.151171 0.000000 44.498416 4.046566 2.134989 0.370652 
5000.00 1238.15 100.059508 0.000000 0.297575 33.499976 15.229336 0.000000 44.484587 4.047026 2.130357 0.370652 
5000.00 1233.15 100.058924 0.000000 0.303256 33.435651 15.305705 0.000000 44.470494 4.047557 2.125609 0.370652 
5000.00 1228.15 100.058341 0.000000 0.308951 33.373341 15.380367 0.000000 44.456129 4.048160 2.120741 0.370652 
5000.00 1223.15 100.057760 0.000000 0.314659 33.312971 15.453406 0.000000 44.441485 4.048838 2.115749 0.370652 
5000.00 1218.15 100.057180 0.000000 0.320382 33.254472 15.524900 0.000000 44.426553 4.049592 2.110629 0.370652 
5000.00 1213.15 100.056601 0.000000 0.326120 33.197778 15.594926 0.000000 44.411326 4.050425 2.105374 0.370652 
5000.00 1208.15 100.056023 0.000000 0.331872 33.142830 15.663556 0.000000 44.395793 4.051339 2.099981 0.370652 
5000.00 1203.15 100.055447 0.000000 0.337641 33.089570 15.730859 0.000000 44.379947 4.052336 2.094444 0.370652 
5000.00 1198.15 100.054872 0.000000 0.343425 33.037945 15.796899 0.000000 44.363776 4.053418 2.088757 0.370652 
5000.00 1193.15 100.054299 0.000000 0.349226 32.987906 15.861741 0.000000 44.347272 4.054589 2.082914 0.370652 
5000.00 1188.15 100.053727 0.000000 0.355045 32.939405 15.925445 0.000000 44.330423 4.055850 2.076909 0.370652 
5000.00 1183.15 100.053157 0.000000 0.360881 32.892399 15.988069 0.000000 44.313217 4.057205 2.070734 0.370652 
5000.00 1178.15 100.052588 0.000000 0.366737 32.846848 16.049670 0.000000 44.295642 4.058657 2.064383 0.370652 
5000.00 1173.15 100.052020 0.000000 0.372612 32.802713 16.110302 0.000000 44.277687 4.060208 2.057847 0.370652 
5000.00 1168.15 100.051454 0.000000 0.378508 32.759960 16.170018 0.000000 44.259336 4.061863 2.051118 0.370652 
5000.00 1163.15 100.050890 0.000000 0.384425 32.718556 16.228870 0.000000 44.240576 4.063624 2.044187 0.370652 
5000.00 1158.15 100.050327 0.000000 0.390365 32.678470 16.286908 0.000000 44.221392 4.065496 2.037045 0.370652 
5000.00 1153.15 100.049766 0.000000 0.396330 32.639674 16.344182 0.000000 44.201766 4.067483 2.029680 0.370652 
5000.00 1148.15 100.048383 0.391063 0.462694 31.126532 16.869299 1.863927 43.516015 4.232561 1.586292 0.000000 
5000.00 1143.15 100.046621 0.390601 0.595888 29.183895 17.496298 4.283178 42.631792 4.453312 1.011657 0.000000 
5000.00 1138.15 100.044867 0.390158 0.721080 27.349438 18.092293 6.579251 41.787704 4.662846 0.462096 0.000000 
5000.00 1133.15 100.043249 0.389742 0.824877 25.822478 18.591962 8.499165 41.077476 4.837549 0.000000 0.000000 
5000.00 1128.15 100.042524 0.389398 0.826768 25.796973 18.604593 8.525105 41.064233 4.835454 0.000000 0.000000 
5000.00 1123.15 100.041806 0.389064 0.828640 25.772278 18.617354 8.550146 41.050894 4.833431 0.000000 0.000000 
5000.00 1118.15 100.041096 0.388740 0.830494 25.748367 18.630242 8.574322 41.037451 4.831480 0.000000 0.000000 
5000.00 1113.15 100.040394 0.388426 0.832330 25.725217 18.643252 8.597665 41.023900 4.829605 0.000000 0.000000 
5000.00 1108.15 100.039698 0.388120 0.834149 25.702805 18.656379 8.620206 41.010234 4.827805 0.000000 0.000000 
5000.00 1103.15 100.039011 0.387824 0.835952 25.681111 18.669619 8.641976 40.996446 4.826083 0.000000 0.000000 
5000.00 1098.15 100.038331 0.387536 0.837739 25.660116 18.682969 8.663001 40.982532 4.824439 0.000000 0.000000 
5000.00 1093.15 100.037658 0.387256 0.839510 25.639802 18.696423 8.683309 40.968483 4.822876 0.000000 0.000000 
5000.00 1088.15 100.036992 0.386984 0.841266 25.620152 18.709978 8.702924 40.954294 4.821395 0.000000 0.000000 
5000.00 1083.15 100.036334 0.386720 0.843007 25.601151 18.723630 8.721872 40.939957 4.819997 0.000000 0.000000 
5000.00 1078.15 100.035684 0.386463 0.844735 25.582785 18.737377 8.740175 40.925467 4.818683 0.000000 0.000000 
5000.00 1073.15 100.035040 0.386213 0.846448 25.565039 18.751213 8.757855 40.910816 4.817456 0.000000 0.000000 
5000.00 1068.15 100.034404 0.385969 0.848148 25.547903 18.765136 8.774933 40.895998 4.816317 0.000000 0.000000 
5000.00 1063.15 100.033776 0.385733 0.849835 25.531363 18.779143 8.791429 40.881006 4.815267 0.000000 0.000000 
5000.00 1058.15 100.033154 0.385503 0.851509 25.515409 18.793231 8.807363 40.865832 4.814307 0.000000 0.000000 
5000.00 1053.15 100.032540 0.385279 0.853171 25.500031 18.807396 8.822753 40.850471 4.813439 0.000000 0.000000 
5000.00 1048.15 100.031933 0.385061 0.854821 25.485219 18.821637 8.837616 40.834915 4.812665 0.000000 0.000000 
5000.00 1043.15 100.031333 0.384849 0.856459 25.470964 18.835949 8.851970 40.819158 4.811985 0.000000 0.000000 
5000.00 1038.15 100.030741 0.384643 0.858087 25.457256 18.850330 8.865831 40.803193 4.811401 0.000000 0.000000 
5000.00 1033.15 100.030155 0.384442 0.859703 25.444087 18.864779 8.879214 40.787016 4.810914 0.000000 0.000000 
5000.00 1028.15 100.029576 0.384246 0.861309 25.431449 18.879293 8.892135 40.770619 4.810525 0.000000 0.000000 
