Title: MORB_Gale2013-1

Solid Composition:
Pressure Temperature mass SiO2 TiO2 Al2O3 Fe2O3 FeO MnO MgO CaO Na2O K2O P2O5 
5000.00 1573.15 0.000000 ---
5000.00 1568.15 0.000000 ---
5000.00 1563.15 0.000000 ---
5000.00 1558.15 0.000000 ---
5000.00 1553.15 0.000000 ---
5000.00 1548.15 0.000000 ---
5000.00 1543.15 0.000000 ---
5000.00 1538.15 0.000000 ---
5000.00 1533.15 2.707869 51.6772 0.292633 4.37041 1.16644 6.36161 0 17.0919 18.7912 0.24862 0 0
5000.00 1528.15 5.342298 51.4832 0.31914 4.55533 1.21496 6.48355 0 16.839 18.8451 0.25973 0 0
5000.00 1523.15 7.855147 51.2899 0.346903 4.73946 1.2633 6.61106 0 16.5946 18.8838 0.271028 0 0
5000.00 1518.15 10.256342 51.0971 0.375942 4.92273 1.31144 6.74308 0 16.3572 18.91 0.28253 0 0
5000.00 1513.15 12.554744 50.9049 0.406261 5.10504 1.35933 6.8788 0 16.1256 18.9258 0.294248 0 0
5000.00 1508.15 17.465866 50.9052 0.376541 8.3542 1.21512 6.3141 0 14.0624 18.0276 0.741385 0.00345871 0
5000.00 1503.15 23.370203 51.0345 0.347694 10.9125 1.08771 5.91932 0 12.4194 17.1239 1.14792 0.00700004 0
5000.00 1498.15 28.865426 51.1732 0.335095 12.3299 1.0188 5.7926 0 11.4573 16.4642 1.41922 0.00976315 0
5000.00 1493.15 33.978314 51.3095 0.330338 13.2132 0.977767 5.79037 0 10.809 15.9332 1.62445 0.012222 0
5000.00 1488.15 38.727253 51.4381 0.330221 13.8008 0.952532 5.85518 0 10.3312 15.487 1.79043 0.0145537 0
5000.00 1483.15 43.129376 51.5566 0.333256 14.2062 0.937256 5.95921 0 9.95657 15.1042 1.92979 0.0168333 0
5000.00 1478.15 47.203798 51.6642 0.338629 14.4912 0.928643 6.08737 0 9.6496 14.7719 2.04943 0.0190934 0
5000.00 1473.15 50.972967 51.7608 0.345826 14.6925 0.924593 6.2308 0 9.38977 14.4807 2.15361 0.0213473 0
5000.00 1468.15 54.458276 51.8466 0.354498 14.8339 0.923675 6.38391 0 9.16469 14.2241 2.2451 0.0235962 0
5000.00 1463.15 57.679722 51.9221 0.364395 14.931 0.924843 6.54287 0 8.96647 13.9967 2.3258 0.0258341 0
5000.00 1458.15 60.655481 51.988 0.375316 14.9951 0.927287 6.70483 0 8.78989 13.7944 2.39712 0.0280508 0
5000.00 1453.15 63.450580 52.0391 0.390444 15.0396 0.931488 6.87551 0 8.63134 13.6024 2.45985 0.0302678 0
5000.00 1448.15 66.023795 52.0808 0.406975 15.0633 0.936079 7.04424 0 8.48811 13.4332 2.51482 0.0324305 0
5000.00 1443.15 68.386878 52.1139 0.424633 15.0715 0.940504 7.20914 0 8.35843 13.2845 2.56286 0.0345226 0
5000.00 1438.15 70.551911 52.1394 0.443312 15.0683 0.944358 7.36883 0 8.24101 13.1536 2.60465 0.0365295 0
5000.00 1433.15 72.529579 52.1579 0.462909 15.0572 0.947334 7.52204 0 8.13481 13.0386 2.64078 0.0384382 0
5000.00 1428.15 74.330035 52.1701 0.483325 15.0406 0.949211 7.66767 0 8.03896 12.9381 2.67183 0.0402376 0
5000.00 1423.15 75.963544 52.1768 0.504467 15.0206 0.949856 7.80488 0 7.95269 12.8504 2.6983 0.0419194 0
5000.00 1418.15 77.440877 52.1787 0.526249 14.9988 0.949213 7.93312 0 7.87523 12.7745 2.7207 0.0434794 0
5000.00 1413.15 78.773410 52.1762 0.548596 14.9764 0.94729 8.05211 0 7.80583 12.7091 2.73952 0.0449169 0
5000.00 1408.15 79.972991 52.1701 0.571445 14.9541 0.944151 8.16187 0 7.74376 12.6531 2.75521 0.0462346 0
5000.00 1403.15 81.051663 52.1608 0.594746 14.9326 0.939892 8.26265 0 7.68827 12.6054 2.76819 0.0474381 0
5000.00 1398.15 82.049983 52.1376 0.619415 14.9082 0.934593 8.35475 0 7.63735 12.573 2.77804 0.0485533 0.0084486
5000.00 1393.15 82.944424 52.1137 0.644437 14.886 0.928418 8.43862 0 7.59193 12.5458 2.78602 0.0495679 0.0154853
5000.00 1388.15 83.748285 52.0887 0.669824 14.8656 0.921488 8.51489 0 7.55128 12.5236 2.7924 0.0504931 0.0217369
5000.00 1383.15 84.472188 52.0629 0.695534 14.8469 0.913914 8.5842 0 7.51482 12.5056 2.79745 0.0513391 0.0273284
5000.00 1378.15 85.327978 51.9894 0.768863 14.8187 0.904328 8.6672 0.00188051 7.47106 12.4943 2.79565 0.0523954 0.0362562
5000.00 1373.15 86.180127 51.9058 0.8564 14.7899 0.891747 8.74698 0.00488596 7.42695 12.4865 2.79143 0.0535676 0.0458274
5000.00 1368.15 86.914582 51.84 0.928834 14.7668 0.877548 8.81252 0.00781992 7.38872 12.4802 2.78842 0.0546826 0.0544223
5000.00 1363.15 87.553167 51.7879 0.989663 14.7482 0.862399 8.86727 0.0106861 7.35531 12.4748 2.78629 0.0557408 0.0617139
5000.00 1358.15 88.114341 51.7463 1.04154 14.7329 0.846724 8.91367 0.0134942 7.32581 12.4701 2.78476 0.0567458 0.067977
5000.00 1353.15 88.612074 51.7126 1.08635 14.7201 0.830803 8.95352 0.0162513 7.29954 12.466 2.78366 0.0577019 0.0734239
5000.00 1348.15 89.057093 51.6851 1.12549 14.7094 0.814825 8.98811 0.0189626 7.27594 12.4625 2.78286 0.0586127 0.0782107
5000.00 1343.15 89.457778 51.6626 1.15999 14.7002 0.798919 9.01844 0.0216318 7.25461 12.4594 2.78228 0.0594816 0.0824547
5000.00 1338.15 89.820774 51.644 1.19064 14.6924 0.783169 9.04527 0.0242617 7.23521 12.4566 2.78187 0.060312 0.0862458
5000.00 1333.15 90.151427 51.6286 1.21807 14.6856 0.767636 9.0692 0.0268545 7.21747 12.4542 2.78157 0.0611064 0.0896542
5000.00 1328.15 90.454085 51.6159 1.24276 14.6796 0.752357 9.09068 0.0294116 7.20118 12.4521 2.78135 0.0618676 0.0927354
5000.00 1323.15 90.732326 51.6054 1.2651 14.6744 0.737359 9.1101 0.0319344 7.18614 12.4502 2.7812 0.0625977 0.0955343
5000.00 1318.15 90.989124 51.5968 1.28541 14.6698 0.722655 9.12776 0.0344239 7.17221 12.4485 2.78109 0.0632988 0.0980872
5000.00 1313.15 91.226972 51.5897 1.30395 14.6657 0.708255 9.14391 0.0368806 7.15926 12.4469 2.78101 0.0639727 0.100424
5000.00 1308.15 92.419312 51.8012 1.34433 14.6163 0.695451 9.08741 0.0440038 7.08072 12.3854 2.76681 0.0685873 0.109812
5000.00 1303.15 94.539900 52.2169 1.40135 14.5269 0.685722 8.95921 0.0591854 6.94237 12.2657 2.73794 0.0790274 0.125691
5000.00 1298.15 96.054301 52.4991 1.43958 14.4675 0.676879 8.87097 0.0750906 6.84697 12.1816 2.71667 0.0886299 0.136924
5000.00 1293.15 97.186840 52.7011 1.46656 14.4259 0.668634 8.80684 0.091687 6.77732 12.119 2.70012 0.0973696 0.145406
5000.00 1288.15 98.061509 52.8507 1.48627 14.3956 0.660834 8.75856 0.108909 6.72445 12.0706 2.68676 0.105226 0.152129
5000.00 1283.15 98.752228 52.9637 1.50101 14.3729 0.653389 8.72141 0.126669 6.68322 12.0321 2.6757 0.112186 0.15766
5000.00 1278.15 100.064225 53.1579 1.5265 14.3331 0.640617 8.64873 0.179096 6.60613 11.9586 2.65279 0.127071 0.169507
5000.00 1273.15 100.063631 53.1582 1.52651 14.3332 0.634699 8.65411 0.179097 6.60617 11.9586 2.65281 0.127071 0.169508
5000.00 1268.15 100.063039 53.1585 1.52652 14.3333 0.628793 8.65948 0.179098 6.60621 11.9587 2.65282 0.127072 0.169509
5000.00 1263.15 100.062447 53.1588 1.52653 14.3334 0.622897 8.66483 0.179099 6.60624 11.9588 2.65284 0.127073 0.16951
5000.00 1258.15 100.061857 53.1591 1.52654 14.3335 0.617014 8.67018 0.1791 6.60628 11.9589 2.65285 0.127074 0.169511
5000.00 1253.15 100.061268 53.1594 1.52655 14.3336 0.611142 8.67552 0.179102 6.60632 11.9589 2.65287 0.127074 0.169512
5000.00 1248.15 100.060680 53.1597 1.52656 14.3336 0.605282 8.68085 0.179103 6.60636 11.959 2.65288 0.127075 0.169513
5000.00 1243.15 100.060094 53.1601 1.52657 14.3337 0.599434 8.68616 0.179104 6.6064 11.9591 2.6529 0.127076 0.169514
5000.00 1238.15 100.059508 53.1604 1.52658 14.3338 0.593599 8.69147 0.179105 6.60644 11.9591 2.65292 0.127077 0.169515
5000.00 1233.15 100.058924 53.1607 1.52659 14.3339 0.587776 8.69676 0.179106 6.60648 11.9592 2.65293 0.127077 0.169516
5000.00 1228.15 100.058341 53.161 1.52659 14.334 0.581965 8.70204 0.179107 6.60652 11.9593 2.65295 0.127078 0.169517
5000.00 1223.15 100.057760 53.1613 1.5266 14.3341 0.576168 8.70731 0.179108 6.60655 11.9593 2.65296 0.127079 0.169518
5000.00 1218.15 100.057180 53.1616 1.52661 14.3341 0.570384 8.71257 0.179109 6.60659 11.9594 2.65298 0.12708 0.169519
5000.00 1213.15 100.056601 53.1619 1.52662 14.3342 0.564612 8.71782 0.17911 6.60663 11.9595 2.65299 0.12708 0.16952
5000.00 1208.15 100.056023 53.1622 1.52663 14.3343 0.558855 8.72305 0.179111 6.60667 11.9596 2.65301 0.127081 0.169521
5000.00 1203.15 100.055447 53.1625 1.52664 14.3344 0.553111 8.72828 0.179112 6.60671 11.9596 2.65302 0.127082 0.169522
5000.00 1198.15 100.054872 53.1628 1.52665 14.3345 0.547381 8.73348 0.179113 6.60674 11.9597 2.65304 0.127083 0.169523
5000.00 1193.15 100.054299 53.1631 1.52666 14.3346 0.541664 8.73868 0.179114 6.60678 11.9598 2.65305 0.127083 0.169524
5000.00 1188.15 100.053727 53.1634 1.52666 14.3346 0.535962 8.74386 0.179115 6.60682 11.9598 2.65307 0.127084 0.169525
5000.00 1183.15 100.053157 53.1637 1.52667 14.3347 0.530275 8.74903 0.179116 6.60686 11.9599 2.65308 0.127085 0.169526
5000.00 1178.15 100.052588 53.164 1.52668 14.3348 0.524602 8.75419 0.179117 6.6069 11.96 2.6531 0.127085 0.169527
5000.00 1173.15 100.052020 53.1643 1.52669 14.3349 0.518944 8.75933 0.179118 6.60693 11.96 2.65311 0.127086 0.169528
5000.00 1168.15 100.051454 53.1646 1.5267 14.335 0.513301 8.76446 0.179119 6.60697 11.9601 2.65313 0.127087 0.169529
5000.00 1163.15 100.050890 53.1649 1.52671 14.335 0.507672 8.76958 0.17912 6.60701 11.9602 2.65314 0.127088 0.16953
5000.00 1158.15 100.050327 53.1652 1.52672 14.3351 0.50206 8.77468 0.179121 6.60704 11.9602 2.65316 0.127088 0.169531
5000.00 1153.15 100.049766 53.1655 1.52672 14.3352 0.496463 8.77977 0.179122 6.60708 11.9603 2.65317 0.127089 0.169532
5000.00 1148.15 99.657320 53.368 1.53176 14.3916 0.484516 8.82677 0.171541 6.62897 11.8056 2.66362 0.127567 0
5000.00 1143.15 99.656020 53.3689 1.53182 14.3918 0.466877 8.84277 0.171748 6.62912 11.8058 2.66366 0.127569 0
5000.00 1138.15 99.654709 53.3697 1.53189 14.392 0.449319 8.85869 0.171947 6.62926 11.8059 2.66369 0.127572 0
5000.00 1133.15 99.653507 53.3705 1.53195 14.3922 0.433116 8.87339 0.172136 6.62939 11.8061 2.66372 0.127574 0
5000.00 1128.15 99.653126 53.3708 1.532 14.3922 0.425857 8.87996 0.172292 6.62945 11.8061 2.66373 0.127575 0
5000.00 1123.15 99.652742 53.3711 1.53205 14.3923 0.418673 8.88646 0.172445 6.62951 11.8062 2.66374 0.127576 0
5000.00 1118.15 99.652356 53.3714 1.53209 14.3923 0.411564 8.89289 0.172594 6.62957 11.8062 2.66376 0.127577 0
5000.00 1113.15 99.651968 53.3717 1.53214 14.3924 0.404529 8.89926 0.17274 6.62963 11.8063 2.66377 0.127578 0
5000.00 1108.15 99.651578 53.372 1.53218 14.3925 0.39757 8.90556 0.172882 6.62968 11.8063 2.66378 0.127578 0
5000.00 1103.15 99.651187 53.3723 1.53222 14.3925 0.390685 8.9118 0.173021 6.62974 11.8064 2.66379 0.127579 0
5000.00 1098.15 99.650795 53.3726 1.53226 14.3926 0.383875 8.91796 0.173157 6.62979 11.8064 2.6638 0.12758 0
5000.00 1093.15 99.650402 53.3729 1.5323 14.3926 0.377138 8.92406 0.17329 6.62985 11.8064 2.66381 0.127581 0
5000.00 1088.15 99.650008 53.3732 1.53234 14.3927 0.370476 8.93009 0.17342 6.6299 11.8065 2.66382 0.127582 0
5000.00 1083.15 99.649615 53.3735 1.53237 14.3927 0.363888 8.93606 0.173548 6.62995 11.8065 2.66383 0.127583 0
5000.00 1078.15 99.649221 53.3738 1.5324 14.3928 0.357373 8.94196 0.173672 6.63 11.8066 2.66384 0.127584 0
5000.00 1073.15 99.648828 53.3741 1.53243 14.3929 0.350932 8.94779 0.173794 6.63005 11.8066 2.66385 0.127585 0
5000.00 1068.15 99.648435 53.3743 1.53246 14.3929 0.344564 8.95356 0.173914 6.6301 11.8067 2.66386 0.127586 0
5000.00 1063.15 99.648043 53.3746 1.53249 14.393 0.338269 8.95926 0.174031 6.63015 11.8067 2.66387 0.127587 0
5000.00 1058.15 99.647652 53.3749 1.53252 14.393 0.332047 8.9649 0.174145 6.6302 11.8068 2.66388 0.127587 0
5000.00 1053.15 99.647261 53.3752 1.53255 14.3931 0.325897 8.97047 0.174258 6.63024 11.8068 2.66389 0.127588 0
5000.00 1048.15 99.646872 53.3754 1.53257 14.3931 0.319818 8.97598 0.174368 6.63029 11.8069 2.6639 0.127589 0
5000.00 1043.15 99.646484 53.3757 1.5326 14.3932 0.313812 8.98142 0.174475 6.63034 11.8069 2.66391 0.12759 0
5000.00 1038.15 99.646098 53.376 1.53262 14.3933 0.307877 8.9868 0.174581 6.63038 11.807 2.66392 0.127591 0
5000.00 1033.15 99.645713 53.3763 1.53264 14.3933 0.302013 8.99211 0.174685 6.63042 11.807 2.66393 0.127591 0
5000.00 1028.15 99.645330 53.3765 1.53267 14.3934 0.296219 8.99736 0.174786 6.63047 11.8071 2.66394 0.127592 0