Title: MORB_Gale2013-2

System Thermodynamic Data:
Pressure Temperature mass F phi S H V dVdP*10^6 dVdT*10^6 Cp logfO2(absolute) logfO2-QFM rhol rhos viscosity aH2O chisqr
5000.00 1573.15 100.150679 1.0000000000000000 1.000000 275.831313 -1181496.510452 36.371938 -180.853761 2524.281607 149.693507 -7.247 0.000 2.753515 0.000000 1.926 0 0.000
5000.00 1568.15 100.150837 1.0000000000000000 1.000000 275.355129 -1182247.243246 36.359448 -180.910141 2524.347048 149.694320 -7.296 0.000 2.754465 0.000000 1.946 0 0.000
5000.00 1563.15 100.151002 1.0000000000000000 1.000000 274.877430 -1182998.065484 36.346962 -180.966683 2524.414834 149.695164 -7.346 0.000 2.755416 0.000000 1.965 0 0.000
5000.00 1558.15 100.151172 1.0000000000000000 1.000000 274.398206 -1183748.978798 36.334480 -181.023392 2524.485001 149.696036 -7.396 0.000 2.756367 0.000000 1.985 0 0.000
5000.00 1553.15 100.151348 1.0000000000000000 1.000000 273.917448 -1184499.984853 36.322002 -181.080274 2524.557583 149.696939 -7.447 0.000 2.757319 0.000000 2.005 0 0.000
5000.00 1548.15 100.151530 1.0000000000000000 1.000000 273.435145 -1185251.085347 36.309528 -181.137333 2524.632616 149.697872 -7.498 0.000 2.758271 0.000000 2.025 0 0.000
5000.00 1543.15 100.151717 1.0000000000000000 1.000000 272.951287 -1186002.282016 36.297059 -181.194575 2524.710138 149.698836 -7.549 0.000 2.759224 0.000000 2.046 0 0.000
5000.00 1538.15 100.151912 1.0000000000000000 1.000000 272.465864 -1186753.576632 36.284593 -181.252005 2524.790185 149.699832 -7.600 0.000 2.760177 0.000000 2.066 0 0.000
5000.00 1533.15 100.152137 0.9953072698317722 0.995984 271.841825 -1187715.585142 36.249431 -180.812063 2520.059872 149.522973 -7.652 0.000 2.760985 3.228157 2.090 0 0.000
5000.00 1528.15 100.152631 0.9645883058372937 0.969599 270.459829 -1189839.813536 36.088556 -177.609464 2488.218104 148.360982 -7.704 0.000 2.760849 3.232607 2.132 0 0.000
5000.00 1523.15 100.153330 0.9351819026201597 0.944192 269.120858 -1191895.180751 35.934361 -174.539837 2457.009686 147.251184 -7.757 0.000 2.760521 3.237110 2.175 0 0.000
5000.00 1518.15 100.153611 0.8736598175748224 0.885795 267.047039 -1195053.245498 35.727988 -166.319313 2380.099538 145.234874 -7.810 0.000 2.764821 3.101096 2.191 0 0.000
5000.00 1513.15 100.153492 0.8041415531721752 0.818143 264.828304 -1198413.911423 35.516595 -156.571990 2290.819172 143.029852 -7.863 0.000 2.771648 3.037014 2.192 0 0.000
5000.00 1508.15 100.153199 0.7390587286983428 0.753969 262.752396 -1201544.605967 35.321274 -147.269788 2206.595980 140.990967 -7.917 0.000 2.779418 3.007335 2.186 0 0.000
5000.00 1503.15 100.152797 0.6779159803808968 0.692954 260.801311 -1204475.029729 35.139992 -138.367569 2126.915081 139.098846 -7.970 0.000 2.788258 2.989695 2.175 0 0.000
5000.00 1498.15 100.152357 0.6206330153929507 0.635168 258.966450 -1207220.615687 34.971735 -129.883310 2051.804876 137.346333 -8.025 0.000 2.798276 2.977900 2.156 0 0.000
5000.00 1493.15 100.151946 0.5672931989529284 0.580834 257.243148 -1209790.714724 34.815883 -121.860416 1981.494750 135.730910 -8.079 0.000 2.809557 2.969541 2.129 0 0.000
5000.00 1488.15 100.151617 0.5179208642141611 0.530103 255.626226 -1212195.129712 34.671744 -114.331579 1916.104371 134.248483 -8.134 0.000 2.822185 2.963452 2.094 0 0.000
5000.00 1483.15 100.151408 0.4723943785067249 0.482960 254.108389 -1214446.420504 34.538414 -107.303123 1855.522215 132.891249 -8.190 0.000 2.836272 2.958968 2.051 0 0.000
5000.00 1478.15 100.151390 0.4301095228850783 0.438879 252.672350 -1216572.421736 34.414340 -100.699984 1798.808459 130.319881 -8.245 0.000 2.852012 2.955648 1.999 0 0.000
5000.00 1473.15 100.151659 0.3905484649625164 0.397415 251.300693 -1218601.424017 34.298041 -94.462584 1745.092809 129.310441 -8.302 0.000 2.869586 2.953315 1.937 0 0.000
5000.00 1468.15 100.152136 0.3541662273031780 0.359090 250.002394 -1220519.423370 34.189568 -88.680585 1695.258530 128.385372 -8.358 0.000 2.889148 2.951825 1.865 0 0.000
5000.00 1463.15 100.152833 0.3206035962270445 0.323585 248.768232 -1222340.870767 34.087973 -83.308611 1648.762702 127.533271 -8.415 0.000 2.910996 2.951021 1.782 0 0.000
5000.00 1458.15 100.153771 0.2896189168787120 0.290698 247.591732 -1224076.226739 33.992564 -78.320485 1605.212657 126.745580 -8.472 0.000 2.935402 2.950828 1.688 0 0.000
5000.00 1453.15 100.154986 0.2611004102890295 0.260371 246.469468 -1225731.716647 33.902892 -73.713992 1564.374073 126.016440 -8.530 0.000 2.962453 2.951257 1.583 0 0.000
5000.00 1448.15 100.156542 0.2350700088311225 0.232698 245.401309 -1227309.176708 33.818707 -69.514569 1526.170588 125.342405 -8.588 0.000 2.991764 2.952416 1.470 0 0.000
5000.00 1443.15 100.158519 0.2116179962235758 0.207862 244.389270 -1228807.689637 33.739835 -65.764378 1490.613179 124.721191 -8.646 0.000 3.022191 2.954479 1.355 0 0.000
5000.00 1438.15 100.160984 0.1907357685621465 0.185930 243.433923 -1230228.157911 33.665954 -62.486713 1457.631747 124.149300 -8.705 0.000 3.052034 2.957580 1.245 0 0.000
5000.00 1433.15 100.163982 0.1712135184145307 0.165755 242.513002 -1231603.863746 33.592287 -59.579512 1425.754671 123.578943 -8.765 0.000 3.079953 2.962245 1.154 0 0.000
5000.00 1428.15 100.167468 0.1535073769264043 0.147721 241.634724 -1232922.632313 33.521731 -57.041417 1395.410601 123.032833 -8.824 0.000 3.105188 2.967847 1.077 0 0.000
5000.00 1423.15 100.171337 0.1374544473646358 0.131588 240.795814 -1234187.620456 33.454695 -54.816498 1366.771912 122.520250 -8.885 0.000 3.127716 2.974013 1.013 0 0.000
5000.00 1418.15 100.175455 0.1229242516454721 0.117154 239.994309 -1235399.658392 33.391469 -52.861430 1339.995960 122.042719 -8.945 0.000 3.147792 2.980423 0.959 0 0.000
5000.00 1413.15 100.178330 0.1028624598560236 0.097540 239.035928 -1236807.385068 33.327195 -50.433344 1303.244642 121.380495 -9.006 0.000 3.169935 2.988175 0.911 0 0.000
5000.00 1408.15 100.180175 0.0749877179697834 0.070716 237.860811 -1238497.948245 33.254402 -47.326033 1252.272777 120.464872 -9.067 0.000 3.194533 2.998690 0.870 0 0.000
5000.00 1403.15 100.182501 0.0461056906326647 0.043275 236.658569 -1240229.211018 33.177366 -44.243410 1199.071629 119.517450 -9.129 0.000 3.217155 3.010668 0.839 0 0.000
5000.00 1398.15 100.229455 0.0000000000000000 0.000000 235.404853 -1242880.273513 33.255967 -39.774776 1103.407605 118.254180 -9.192 0.000 0.000000 3.013879 0.856 0 0.000
5000.00 1393.15 100.228788 0.0000000000000000 0.000000 234.969216 -1243476.471983 33.248486 -39.770662 1101.807691 118.199191 -9.254 0.000 0.000000 3.014537 0.856 0 0.000
5000.00 1388.15 100.228120 0.0000000000000000 0.000000 234.532167 -1244072.443967 33.240967 -39.766482 1100.210882 118.143902 -9.318 0.000 0.000000 3.015199 0.856 0 0.000
5000.00 1383.15 100.227450 0.0000000000000000 0.000000 234.093693 -1244668.189576 33.233406 -39.762235 1098.617338 118.088311 -9.381 0.000 0.000000 3.015865 0.856 0 0.000
5000.00 1378.15 100.226779 0.0000000000000000 0.000000 233.653780 -1245263.708819 33.225803 -39.757918 1097.027225 118.032415 -9.445 0.000 0.000000 3.016534 0.856 0 0.000
5000.00 1373.15 100.226106 0.0000000000000000 0.000000 233.212417 -1245859.001579 33.218155 -39.753532 1095.440719 117.976211 -9.510 0.000 0.000000 3.017209 0.856 0 0.000
5000.00 1368.15 100.225431 0.0000000000000000 0.000000 232.756530 -1246471.994122 33.210461 -39.749073 1093.858003 118.059721 -9.575 0.000 0.000000 3.017887 0.856 0 0.000
5000.00 1363.15 100.224753 0.0000000000000000 0.000000 232.311712 -1247067.529427 33.202719 -39.744542 1092.279271 118.001451 -9.640 0.000 0.000000 3.018571 0.856 0 0.000
5000.00 1358.15 100.224072 0.0000000000000000 0.000000 231.865402 -1247662.829644 33.194926 -39.739937 1090.704721 117.942875 -9.706 0.000 0.000000 3.019259 0.856 0 0.000
5000.00 1353.15 100.223388 0.0000000000000000 0.000000 231.417586 -1248257.893852 33.187080 -39.735255 1089.134566 117.883987 -9.773 0.000 0.000000 3.019952 0.856 0 0.000
5000.00 1348.15 100.222701 0.0000000000000000 0.000000 230.968248 -1248852.720797 33.179178 -39.730497 1087.569024 117.824785 -9.840 0.000 0.000000 3.020650 0.856 0 0.000
5000.00 1343.15 100.222009 0.0000000000000000 0.000000 230.517372 -1249447.308828 33.171219 -39.725662 1086.008324 117.765266 -9.907 0.000 0.000000 3.021354 0.856 0 0.000
5000.00 1338.15 100.221313 0.0000000000000000 0.000000 230.064942 -1250041.655824 33.163200 -39.720747 1084.452703 117.705425 -9.975 0.000 0.000000 3.022064 0.856 0 0.000
5000.00 1333.15 100.220611 0.0000000000000000 0.000000 229.610939 -1250635.759103 33.155118 -39.715752 1082.902408 117.645259 -10.044 0.000 0.000000 3.022780 0.856 0 0.000
5000.00 1328.15 100.219904 0.0000000000000000 0.000000 229.155346 -1251229.615326 33.146971 -39.710677 1081.357694 117.584764 -10.113 0.000 0.000000 3.023501 0.856 0 0.000
5000.00 1323.15 100.219190 0.0000000000000000 0.000000 228.698145 -1251823.220374 33.138755 -39.705520 1079.818824 117.523935 -10.183 0.000 0.000000 3.024229 0.856 0 0.000
5000.00 1318.15 100.218468 0.0000000000000000 0.000000 228.239316 -1252416.569219 33.130469 -39.700281 1078.286067 117.462769 -10.253 0.000 0.000000 3.024964 0.856 0 0.000
5000.00 1313.15 100.217739 0.0000000000000000 0.000000 227.778840 -1253009.655762 33.122109 -39.694960 1076.759698 117.401260 -10.323 0.000 0.000000 3.025705 0.856 0 0.000
5000.00 1308.15 100.216999 0.0000000000000000 0.000000 227.316589 -1253602.612387 33.113668 -39.731020 1085.935953 117.700403 -10.394 0.000 0.000000 3.026454 0.856 0 0.000
5000.00 1303.15 100.216250 0.0000000000000000 0.000000 226.851373 -1254196.958842 33.105100 -39.725630 1084.463065 117.639506 -10.466 0.000 0.000000 3.027215 0.856 0 0.000
5000.00 1298.15 100.215488 0.0000000000000000 0.000000 226.384437 -1254791.022604 33.096450 -39.720170 1082.998816 117.578300 -10.538 0.000 0.000000 3.027983 0.856 0 0.000
5000.00 1293.15 100.214714 0.0000000000000000 0.000000 225.915760 -1255384.791479 33.087717 -39.714642 1081.543646 117.516784 -10.611 0.000 0.000000 3.028759 0.856 0 0.000
5000.00 1288.15 100.213924 0.0000000000000000 0.000000 225.445318 -1255978.251060 33.078898 -39.709048 1080.097993 117.454960 -10.684 0.000 0.000000 3.029542 0.856 0 0.000
5000.00 1283.15 100.212846 0.0000000000000000 0.000000 224.966034 -1256575.713464 33.067956 -39.701501 1078.834189 117.391833 -10.758 0.000 0.000000 3.030512 0.856 0 0.000
5000.00 1278.15 100.211248 0.0000000000000000 0.000000 224.473356 -1257178.922708 33.053704 -39.690927 1077.851546 117.326770 -10.833 0.000 0.000000 3.031771 0.856 0 0.000
5000.00 1273.15 100.209566 0.0000000000000000 0.000000 223.979287 -1257780.031267 33.039661 -39.680602 1076.852033 117.261470 -10.908 0.000 0.000000 3.033008 0.856 0 0.000
5000.00 1268.15 100.207802 0.0000000000000000 0.000000 223.483824 -1258379.032413 33.025827 -39.670523 1075.835477 117.195928 -10.984 0.000 0.000000 3.034225 0.856 0 0.000
5000.00 1263.15 100.205955 0.0000000000000000 0.000000 222.986967 -1258975.923093 33.012203 -39.660683 1074.801781 117.130141 -11.060 0.000 0.000000 3.035422 0.856 0 0.000
5000.00 1258.15 100.204027 0.0000000000000000 0.000000 222.488712 -1259570.704118 32.998788 -39.651077 1073.750925 117.064107 -11.137 0.000 0.000000 3.036597 0.856 0 0.000
5000.00 1253.15 100.202017 0.0000000000000000 0.000000 221.989056 -1260163.380319 32.985581 -39.641700 1072.682967 116.997824 -11.214 0.000 0.000000 3.037752 0.856 0 0.000
5000.00 1248.15 100.199928 0.0000000000000000 0.000000 221.487996 -1260753.960666 32.972581 -39.632545 1071.598050 116.931292 -11.293 0.000 0.000000 3.038886 0.856 0 0.000

Title: MORB_Gale2013-2

Liquid Composition:
Pressure Temperature mass SiO2 TiO2 Al2O3 Fe2O3 FeO MnO MgO CaO Na2O K2O P2O5 
5000.00 1573.15 100.150679 49.2056 1.57246 15.8926 1.50169 9.39098 0.181952 7.17709 11.8158 2.94608 0.141814 0.17384
5000.00 1568.15 100.150837 49.2055 1.57246 15.8926 1.50326 9.38955 0.181951 7.17708 11.8158 2.94607 0.141813 0.173839
5000.00 1563.15 100.151002 49.2055 1.57246 15.8926 1.5049 9.38806 0.181951 7.17707 11.8158 2.94607 0.141813 0.173839
5000.00 1558.15 100.151172 49.2054 1.57245 15.8926 1.50659 9.38651 0.181951 7.17706 11.8158 2.94606 0.141813 0.173839
5000.00 1553.15 100.151348 49.2053 1.57245 15.8925 1.50834 9.38492 0.181951 7.17705 11.8158 2.94606 0.141813 0.173838
5000.00 1548.15 100.151530 49.2052 1.57245 15.8925 1.51015 9.38327 0.18195 7.17703 11.8157 2.94605 0.141812 0.173838
5000.00 1543.15 100.151717 49.2051 1.57244 15.8925 1.51202 9.38157 0.18195 7.17702 11.8157 2.94605 0.141812 0.173838
5000.00 1538.15 100.151912 49.205 1.57244 15.8924 1.51396 9.37981 0.181949 7.177 11.8157 2.94604 0.141812 0.173837
5000.00 1533.15 99.682150 49.1975 1.57792 15.941 1.51664 9.39542 0.182807 7.13406 11.779 2.95857 0.14248 0.174657
5000.00 1528.15 96.606057 49.1552 1.61376 16.2617 1.52258 9.50548 0.188628 6.85075 11.5316 3.04312 0.147017 0.180218
5000.00 1523.15 93.661582 49.1267 1.64777 16.5732 1.52722 9.60614 0.194558 6.57606 11.2824 3.12841 0.151639 0.185884
5000.00 1518.15 87.500186 49.0492 1.74045 16.5262 1.57249 10.0068 0.208258 6.40467 10.8978 3.23368 0.161426 0.198973
5000.00 1513.15 80.537584 48.9126 1.86334 16.3304 1.63548 10.5392 0.226262 6.26688 10.4984 3.33743 0.17379 0.216174
5000.00 1508.15 74.019096 48.7279 1.99665 16.1155 1.70134 11.0925 0.246188 6.12419 10.1431 3.43045 0.186983 0.235212
5000.00 1503.15 67.895182 48.4898 2.14205 15.8791 1.77058 11.6701 0.268393 5.97828 9.83226 3.51194 0.201054 0.256427
5000.00 1498.15 62.157859 48.1943 2.30026 15.621 1.84331 12.2741 0.293166 5.83296 9.56416 3.58068 0.215952 0.280096
5000.00 1493.15 56.815518 47.8384 2.47113 15.3428 1.91928 12.9063 0.320733 5.69323 9.33494 3.63524 0.23152 0.306433
5000.00 1488.15 51.870612 47.42 2.65408 15.0467 1.99811 13.5687 0.351309 5.564 9.13976 3.67423 0.247528 0.335646
5000.00 1483.15 47.310962 46.9363 2.84865 14.7343 2.07953 14.2646 0.385166 5.44932 8.97418 3.69635 0.263699 0.367994
5000.00 1478.15 43.076066 46.3825 3.05467 14.3993 2.16456 15.0019 0.423033 5.34757 8.84073 3.70172 0.279858 0.404172
5000.00 1473.15 39.114077 45.756 3.26982 14.036 2.2542 15.7893 0.465883 5.25687 8.74014 3.69098 0.29575 0.445112
5000.00 1468.15 35.470504 45.0529 3.49297 13.6552 2.34631 16.6305 0.513739 5.1894 8.65739 3.66019 0.310532 0.490835
5000.00 1463.15 32.109359 44.2667 3.72364 13.2519 2.44128 17.536 0.567516 5.14645 8.59246 3.6083 0.323544 0.542214
5000.00 1458.15 29.006427 43.3932 3.96012 12.8214 2.53919 18.515 0.628226 5.12925 8.54471 3.53477 0.333931 0.600217
5000.00 1453.15 26.150508 42.4365 4.19799 12.3619 2.63941 19.5705 0.696835 5.13778 8.51184 3.4408 0.340723 0.665767
5000.00 1448.15 23.543799 41.4186 4.4279 11.8787 2.73997 20.6896 0.773987 5.1686 8.48859 3.33154 0.343122 0.739479
5000.00 1443.15 21.195345 40.3859 4.63413 11.3888 2.8374 21.8347 0.859745 5.21287 8.46638 3.21767 0.341017 0.821414
5000.00 1438.15 19.104282 39.3981 4.79784 10.9171 2.9279 22.9512 0.953848 5.25803 8.43628 3.11306 0.335259 0.911322
5000.00 1433.15 17.149428 38.5704 4.90316 10.517 3.00558 24.0508 1.06258 5.27738 8.30452 3.04499 0.327997 0.935661
5000.00 1428.15 15.376445 37.871 4.93858 10.1729 3.07272 25.0777 1.1851 5.27798 8.13129 3.00795 0.319476 0.945333
5000.00 1423.15 13.768996 37.2831 4.90404 9.87812 3.13121 26.0248 1.32345 5.26377 7.93148 2.99947 0.310021 0.950589
5000.00 1418.15 12.313993 36.7897 4.8064 9.62742 3.18246 26.896 1.47983 5.23903 7.71069 3.01638 0.299807 0.952309
5000.00 1413.15 10.304589 36.3252 4.76346 9.27736 3.24166 27.9193 1.5526 5.16184 7.52474 2.99713 0.28784 0.948884
5000.00 1408.15 7.512283 35.9009 4.74889 8.81167 3.31435 29.1866 1.49987 5.01975 7.35014 2.96145 0.273167 0.933236
5000.00 1403.15 4.618983 35.5749 4.61333 8.36796 3.3908 30.5278 1.40162 4.86171 7.10817 2.99517 0.255789 0.90281
5000.00 1398.15 0.000000 ---
5000.00 1393.15 0.000000 ---
5000.00 1388.15 0.000000 ---
5000.00 1383.15 0.000000 ---
5000.00 1378.15 0.000000 ---
5000.00 1373.15 0.000000 ---
5000.00 1368.15 0.000000 ---
5000.00 1363.15 0.000000 ---
5000.00 1358.15 0.000000 ---
5000.00 1353.15 0.000000 ---
5000.00 1348.15 0.000000 ---
5000.00 1343.15 0.000000 ---
5000.00 1338.15 0.000000 ---
5000.00 1333.15 0.000000 ---
5000.00 1328.15 0.000000 ---
5000.00 1323.15 0.000000 ---
5000.00 1318.15 0.000000 ---
5000.00 1313.15 0.000000 ---
5000.00 1308.15 0.000000 ---
5000.00 1303.15 0.000000 ---
5000.00 1298.15 0.000000 ---
5000.00 1293.15 0.000000 ---
5000.00 1288.15 0.000000 ---
5000.00 1283.15 0.000000 ---
5000.00 1278.15 0.000000 ---
5000.00 1273.15 0.000000 ---
5000.00 1268.15 0.000000 ---
5000.00 1263.15 0.000000 ---
5000.00 1258.15 0.000000 ---
5000.00 1253.15 0.000000 ---
5000.00 1248.15 0.000000 ---
Title: MORB_Gale2013-2

liquid_0 thermodynamic data and composition:
Pressure Temperature mass S H V Cp viscosity SiO2 TiO2 Al2O3 Fe2O3 FeO MnO MgO CaO Na2O K2O P2O5 Mg#
5000.00 1573.15 100.150679 275.831313 -1181496.510452 36.371938 149.693507 1.926 49.2056 1.57246 15.8926 1.50169 9.39098 0.181952 7.17709 11.8158 2.94608 0.141814 0.17384 57.7
5000.00 1568.15 100.150837 275.355129 -1182247.243246 36.359448 149.694320 1.946 49.2055 1.57246 15.8926 1.50326 9.38955 0.181951 7.17708 11.8158 2.94607 0.141813 0.173839 57.7
5000.00 1563.15 100.151002 274.877430 -1182998.065484 36.346962 149.695164 1.965 49.2055 1.57246 15.8926 1.5049 9.38806 0.181951 7.17707 11.8158 2.94607 0.141813 0.173839 57.7
5000.00 1558.15 100.151172 274.398206 -1183748.978798 36.334480 149.696036 1.985 49.2054 1.57245 15.8926 1.50659 9.38651 0.181951 7.17706 11.8158 2.94606 0.141813 0.173839 57.7
5000.00 1553.15 100.151348 273.917448 -1184499.984853 36.322002 149.696939 2.005 49.2053 1.57245 15.8925 1.50834 9.38492 0.181951 7.17705 11.8158 2.94606 0.141813 0.173838 57.7
5000.00 1548.15 100.151530 273.435145 -1185251.085347 36.309528 149.697872 2.025 49.2052 1.57245 15.8925 1.51015 9.38327 0.18195 7.17703 11.8157 2.94605 0.141812 0.173838 57.7
5000.00 1543.15 100.151717 272.951287 -1186002.282016 36.297059 149.698836 2.046 49.2051 1.57244 15.8925 1.51202 9.38157 0.18195 7.17702 11.8157 2.94605 0.141812 0.173838 57.7
5000.00 1538.15 100.151912 272.465864 -1186753.576632 36.284593 149.699832 2.066 49.205 1.57244 15.8924 1.51396 9.37981 0.181949 7.177 11.8157 2.94604 0.141812 0.173837 57.7
5000.00 1533.15 99.682150 270.711621 -1181779.525330 36.103841 148.960250 2.090 49.1975 1.57792 15.941 1.51664 9.39542 0.182807 7.13406 11.779 2.95857 0.14248 0.174657 57.5
5000.00 1528.15 96.606057 261.946150 -1145096.604081 34.991431 144.120092 2.132 49.1552 1.61376 16.2617 1.52258 9.50548 0.188628 6.85075 11.5316 3.04312 0.147017 0.180218 56.2
5000.00 1523.15 93.661582 253.564434 -1110091.911622 33.928946 139.498501 2.175 49.1267 1.64777 16.5732 1.52722 9.60614 0.194558 6.57606 11.2824 3.12841 0.151639 0.185884 55.0
5000.00 1518.15 87.500186 236.489702 -1033343.016323 31.647680 130.014440 2.191 49.0492 1.74045 16.5262 1.57249 10.0068 0.208258 6.40467 10.8978 3.23368 0.161426 0.198973 53.3
5000.00 1513.15 80.537584 217.281695 -946158.842653 29.057649 119.348905 2.192 48.9126 1.86334 16.3304 1.63548 10.5392 0.226262 6.26688 10.4984 3.33743 0.17379 0.216174 51.5
5000.00 1508.15 74.019096 199.316474 -864725.929253 26.631154 109.391007 2.186 48.7279 1.99665 16.1155 1.70134 11.0925 0.246188 6.12419 10.1431 3.43045 0.186983 0.235212 49.6
5000.00 1503.15 67.895182 182.458886 -788423.419107 24.350392 100.063608 2.175 48.4898 2.14205 15.8791 1.77058 11.6701 0.268393 5.97828 9.83226 3.51194 0.201054 0.256427 47.7
5000.00 1498.15 62.157859 166.685973 -717146.347121 22.212910 91.352714 2.156 48.1943 2.30026 15.621 1.84331 12.2741 0.293166 5.83296 9.56416 3.58068 0.215952 0.280096 45.9
5000.00 1493.15 56.815518 152.018293 -650986.634206 20.222237 83.268494 2.129 47.8384 2.47113 15.3428 1.91928 12.9063 0.320733 5.69323 9.33494 3.63524 0.23152 0.306433 44.0
5000.00 1488.15 51.870612 138.459613 -589955.150310 18.379595 75.811353 2.094 47.42 2.65408 15.0467 1.99811 13.5687 0.351309 5.564 9.13976 3.67423 0.247528 0.335646 42.2
5000.00 1483.15 47.310962 125.973734 -533876.491063 16.680685 68.959115 2.051 46.9363 2.84865 14.7343 2.07953 14.2646 0.385166 5.44932 8.97418 3.69635 0.263699 0.367994 40.5
5000.00 1478.15 43.076066 114.396701 -481986.525628 15.103747 61.298453 1.999 46.3825 3.05467 14.3993 2.16456 15.0019 0.423033 5.34757 8.84073 3.70172 0.279858 0.404172 38.9
5000.00 1473.15 39.114077 103.587817 -433647.616152 13.630562 55.543238 1.937 45.756 3.26982 14.036 2.2542 15.7893 0.465883 5.25687 8.74014 3.69098 0.29575 0.445112 37.2
5000.00 1468.15 35.470504 93.662024 -389385.294027 12.277148 50.270954 1.865 45.0529 3.49297 13.6552 2.34631 16.6305 0.513739 5.1894 8.65739 3.66019 0.310532 0.490835 35.7
5000.00 1463.15 32.109359 84.519802 -348738.113504 11.030367 45.425225 1.782 44.2667 3.72364 13.2519 2.44128 17.536 0.567516 5.14645 8.59246 3.6083 0.323544 0.542214 34.3
5000.00 1458.15 29.006427 76.093821 -311396.923550 9.881587 40.967159 1.688 43.3932 3.96012 12.8214 2.53919 18.515 0.628226 5.12925 8.54471 3.53477 0.333931 0.600217 33.1
5000.00 1453.15 26.150508 68.352444 -277224.244731 8.827314 36.876790 1.583 42.4365 4.19799 12.3619 2.63941 19.5705 0.696835 5.13778 8.51184 3.4408 0.340723 0.665767 31.9
5000.00 1448.15 23.543799 61.301132 -246264.852692 7.869537 33.153389 1.470 41.4186 4.4279 11.8787 2.73997 20.6896 0.773987 5.1686 8.48859 3.33154 0.343122 0.739479 30.8
5000.00 1443.15 21.195345 54.965005 -218665.032600 7.013239 29.806202 1.355 40.3859 4.63413 11.3888 2.8374 21.8347 0.859745 5.21287 8.46638 3.21767 0.341017 0.821414 29.9
5000.00 1438.15 19.104282 49.343012 -194448.844336 6.259524 26.831120 1.245 39.3981 4.79784 10.9171 2.9279 22.9512 0.953848 5.25803 8.43628 3.11306 0.335259 0.911322 29.0
5000.00 1433.15 17.149428 44.127925 -172283.664637 5.568080 24.038165 1.154 38.5704 4.90316 10.517 3.00558 24.0508 1.06258 5.27738 8.30452 3.04499 0.327997 0.935661 28.1
5000.00 1428.15 15.376445 39.427160 -152600.916603 4.951856 21.506647 1.077 37.871 4.93858 10.1729 3.07272 25.0777 1.1851 5.27798 8.13129 3.00795 0.319476 0.945333 27.3
5000.00 1423.15 13.768996 35.190155 -135116.804625 4.402252 19.215792 1.013 37.2831 4.90404 9.87812 3.13121 26.0248 1.32345 5.26377 7.93148 2.99947 0.310021 0.950589 26.5
5000.00 1418.15 12.313993 31.375775 -119585.231283 3.911946 17.146967 0.959 36.7897 4.8064 9.62742 3.18246 26.896 1.47983 5.23903 7.71069 3.01638 0.299807 0.952309 25.8
5000.00 1413.15 10.304589 26.162774 -98900.789574 3.250726 14.305689 0.911 36.3252 4.76346 9.27736 3.24166 27.9193 1.5526 5.16184 7.52474 2.99713 0.28784 0.948884 24.8
5000.00 1408.15 7.512283 18.996166 -71111.807526 2.351606 10.386666 0.870 35.9009 4.74889 8.81167 3.31435 29.1866 1.49987 5.01975 7.35014 2.96145 0.273167 0.933236 23.5
5000.00 1403.15 4.618983 11.636452 -43109.712629 1.435736 6.358225 0.839 35.5749 4.61333 8.36796 3.3908 30.5278 1.40162 4.86171 7.10817 2.99517 0.255789 0.90281 22.1

feldspar_0 thermodynamic data and composition:
Pressure Temperature mass S H V Cp formula SiO2 TiO2 Al2O3 Fe2O3 FeO MnO MgO CaO Na2O K2O P2O5
5000.00 1518.15 2.664297 6.644819 -36117.641544 0.998821 3.296667 K0.00Na0.29Ca0.70Al1.70Si2.30O8 50.4146 0 31.7787 0 0 0 0 14.4542 3.32324 0.0292409 0
5000.00 1513.15 6.194192 15.441719 -83982.718453 2.324706 7.662874 K0.00Na0.31Ca0.69Al1.69Si2.31O8 50.8325 0 31.4964 0 0 0 0 14.1238 3.51414 0.0332669 0
5000.00 1508.15 9.577289 23.864007 -129873.008331 3.598249 11.845707 K0.00Na0.33Ca0.67Al1.67Si2.33O8 51.2408 0 31.2203 0 0 0 0 13.8007 3.70034 0.0378435 0
5000.00 1503.15 12.823003 31.934266 -173916.244303 4.822662 15.856797 K0.00Na0.34Ca0.66Al1.66Si2.34O8 51.6369 0 30.9523 0 0 0 0 13.4872 3.88052 0.0430554 0
5000.00 1498.15 15.916868 39.615587 -215916.413931 5.992168 19.678226 K0.00Na0.36Ca0.64Al1.64Si2.36O8 52.0187 0 30.6938 0 0 0 0 13.1848 4.05366 0.0489793 0
5000.00 1493.15 18.835136 46.848182 -255551.285492 7.097475 23.280615 K0.00Na0.37Ca0.63Al1.63Si2.37O8 52.3852 0 30.4455 0 0 0 0 12.8945 4.21921 0.0556834 0
5000.00 1488.15 21.559343 53.585808 -292569.887597 8.131281 26.641160 K0.00Na0.38Ca0.61Al1.61Si2.39O8 52.736 0 30.2074 0 0 0 0 12.6162 4.37708 0.063234 0
5000.00 1483.15 24.082888 59.812104 -326881.736746 9.090770 29.751758 K0.00Na0.40Ca0.60Al1.60Si2.40O8 53.0719 0 29.9793 0 0 0 0 12.3496 4.52747 0.0717057 0
5000.00 1478.15 26.432747 65.594101 -358852.090735 9.985797 32.645764 K0.00Na0.41Ca0.59Al1.59Si2.41O8 53.3921 0 29.7615 0 0 0 0 12.0952 4.66997 0.0812456 0
5000.00 1473.15 28.626169 70.974794 -388714.019965 10.822609 35.344507 K0.01Na0.42Ca0.57Al1.57Si2.43O8 53.6968 0 29.5538 0 0 0 0 11.8528 4.80456 0.0920389 0
5000.00 1468.15 30.625125 75.860989 -415949.068981 11.586708 37.801186 K0.01Na0.43Ca0.56Al1.56Si2.44O8 53.9899 0 29.3537 0 0 0 0 11.6192 4.93305 0.104097 0
5000.00 1463.15 32.447134 80.296760 -440793.617963 12.284483 40.037515 K0.01Na0.44Ca0.55Al1.55Si2.45O8 54.2713 0 29.1611 0 0 0 0 11.3948 5.05526 0.117543 0
5000.00 1458.15 34.101193 84.304901 -463368.725232 12.919103 42.064673 K0.01Na0.45Ca0.54Al1.54Si2.46O8 54.5398 0 28.9769 0 0 0 0 11.1801 5.17071 0.132446 0
5000.00 1453.15 35.584784 87.879473 -483639.602297 13.489336 43.879616 K0.01Na0.46Ca0.53Al1.53Si2.47O8 54.7934 0 28.8024 0 0 0 0 10.977 5.2784 0.148734 0
5000.00 1448.15 36.881189 90.979256 -501379.479979 13.988504 45.461816 K0.01Na0.47Ca0.52Al1.52Si2.48O8 55.0283 0 28.6403 0 0 0 0 10.7884 5.37688 0.166055 0
5000.00 1443.15 37.964349 93.540118 -516235.245328 14.406346 46.779316 K0.01Na0.48Ca0.51Al1.51Si2.49O8 55.2405 0 28.4934 0 0 0 0 10.6178 5.4646 0.183718 0
5000.00 1438.15 38.817431 95.521543 -527978.583990 14.736177 47.811680 K0.01Na0.48Ca0.50Al1.50Si2.50O8 55.4277 0 28.3635 0 0 0 0 10.4669 5.54108 0.200885 0
5000.00 1433.15 39.439130 96.923179 -536588.365600 14.977525 48.563866 K0.01Na0.49Ca0.50Al1.50Si2.50O8 55.5947 0 28.2473 0 0 0 0 10.332 5.60854 0.217494 0
5000.00 1428.15 39.869091 97.845262 -542601.512189 15.145446 49.073569 K0.01Na0.49Ca0.49Al1.49Si2.51O8 55.7446 0 28.1428 0 0 0 0 10.2109 5.66874 0.23302 0
5000.00 1423.15 40.150525 98.396518 -546602.828250 15.256453 49.399800 K0.01Na0.50Ca0.49Al1.49Si2.51O8 55.8816 0 28.0472 0 0 0 0 10.1 5.72365 0.24742 0
5000.00 1418.15 40.319367 98.667084 -549078.931962 15.324270 49.587054 K0.01Na0.50Ca0.48Al1.48Si2.52O8 56.0087 0 27.9587 0 0 0 0 9.99735 5.77459 0.260691 0
5000.00 1413.15 40.779800 99.655125 -555515.710857 15.504214 50.133241 K0.02Na0.51Ca0.48Al1.48Si2.52O8 56.1635 0 27.8511 0 0 0 0 9.87241 5.83747 0.275545 0
5000.00 1408.15 41.522072 101.336638 -565778.238832 15.793218 51.026256 K0.02Na0.52Ca0.47Al1.47Si2.53O8 56.357 0 27.7169 0 0 0 0 9.71662 5.91688 0.29263 0
5000.00 1403.15 42.160217 102.760699 -574625.737107 16.043200 51.791040 K0.02Na0.52Ca0.46Al1.46Si2.54O8 56.5585 0 27.5775 0 0 0 0 9.55461 6.00054 0.308851 0
5000.00 1398.15 45.917529 111.658026 -626204.354547 17.459820 56.371945 K0.02Na0.51Ca0.47Al1.47Si2.53O8 56.341 0 27.7239 0 0 0 0 9.72609 5.89968 0.309309 0
5000.00 1393.15 45.895658 111.403890 -626186.173669 17.449336 56.318736 K0.02Na0.51Ca0.47Al1.47Si2.53O8 56.3442 0 27.7218 0 0 0 0 9.7236 5.90104 0.309457 0
5000.00 1388.15 45.873116 111.147722 -626158.379999 17.438608 56.264577 K0.02Na0.51Ca0.47Al1.47Si2.53O8 56.3474 0 27.7195 0 0 0 0 9.72101 5.90245 0.309609 0
5000.00 1383.15 45.849879 110.889468 -626120.620118 17.427626 56.209441 K0.02Na0.51Ca0.47Al1.47Si2.53O8 56.3508 0 27.7172 0 0 0 0 9.71832 5.90391 0.309766 0
5000.00 1378.15 45.825920 110.629073 -626072.526184 17.416381 56.153294 K0.02Na0.51Ca0.47Al1.47Si2.53O8 56.3543 0 27.7148 0 0 0 0 9.71553 5.90543 0.309928 0
5000.00 1373.15 45.801213 110.366481 -626013.715514 17.404863 56.096104 K0.02Na0.51Ca0.47Al1.47Si2.53O8 56.3579 0 27.7124 0 0 0 0 9.71264 5.90701 0.310095 0
5000.00 1368.15 45.775730 110.101634 -625943.790223 17.393063 56.037838 K0.02Na0.51Ca0.47Al1.47Si2.53O8 56.3616 0 27.7098 0 0 0 0 9.70964 5.90865 0.310267 0
5000.00 1363.15 45.749442 109.834471 -625862.336936 17.380969 55.978460 K0.02Na0.51Ca0.47Al1.47Si2.53O8 56.3656 0 27.7071 0 0 0 0 9.70652 5.91036 0.310446 0
5000.00 1358.15 45.722319 109.564929 -625768.926612 17.368571 55.917934 K0.02Na0.52Ca0.47Al1.47Si2.53O8 56.3696 0 27.7043 0 0 0 0 9.70328 5.91213 0.31063 0
5000.00 1353.15 45.694330 109.292946 -625663.114494 17.355857 55.856223 K0.02Na0.52Ca0.47Al1.47Si2.53O8 56.3738 0 27.7015 0 0 0 0 9.69992 5.91397 0.31082 0
5000.00 1348.15 45.665443 109.018453 -625544.440238 17.342815 55.793287 K0.02Na0.52Ca0.47Al1.47Si2.53O8 56.3782 0 27.6984 0 0 0 0 9.69641 5.91588 0.311017 0
5000.00 1343.15 45.635624 108.741384 -625412.428273 17.329434 55.729088 K0.02Na0.52Ca0.47Al1.47Si2.53O8 56.3828 0 27.6953 0 0 0 0 9.69277 5.91788 0.31122 0
5000.00 1338.15 45.604839 108.461669 -625266.588428 17.315701 55.663583 K0.02Na0.52Ca0.47Al1.47Si2.53O8 56.3876 0 27.6921 0 0 0 0 9.68898 5.91995 0.31143 0
5000.00 1333.15 45.573054 108.179237 -625106.416924 17.301602 55.596731 K0.02Na0.52Ca0.47Al1.47Si2.53O8 56.3925 0 27.6887 0 0 0 0 9.68503 5.92212 0.311647 0
5000.00 1328.15 45.540232 107.894015 -624931.397799 17.287126 55.528488 K0.02Na0.52Ca0.47Al1.47Si2.53O8 56.3977 0 27.6852 0 0 0 0 9.68093 5.92437 0.311872 0
5000.00 1323.15 45.506336 107.605930 -624741.004865 17.272258 55.458812 K0.02Na0.52Ca0.47Al1.47Si2.53O8 56.403 0 27.6815 0 0 0 0 9.67665 5.92671 0.312104 0
5000.00 1318.15 45.471330 107.314909 -624534.704337 17.256986 55.387658 K0.02Na0.52Ca0.47Al1.47Si2.53O8 56.4086 0 27.6777 0 0 0 0 9.6722 5.92916 0.312345 0
5000.00 1313.15 45.435177 107.020880 -624311.958245 17.241294 55.314981 K0.02Na0.52Ca0.47Al1.47Si2.53O8 56.4144 0 27.6737 0 0 0 0 9.66756 5.9317 0.312593 0
5000.00 1308.15 45.397838 106.723662 -624072.369317 17.225167 55.601736 K0.02Na0.52Ca0.47Al1.47Si2.53O8 56.4205 0 27.6696 0 0 0 0 9.66272 5.93436 0.31285 0
5000.00 1303.15 45.359288 106.422040 -623817.081745 17.208549 55.527207 K0.02Na0.52Ca0.46Al1.46Si2.54O8 56.4268 0 27.6652 0 0 0 0 9.65768 5.93713 0.313116 0
5000.00 1298.15 45.319500 106.117236 -623544.031193 17.191480 55.451097 K0.02Na0.52Ca0.46Al1.46Si2.54O8 56.4334 0 27.6607 0 0 0 0 9.65243 5.94001 0.313391 0
5000.00 1293.15 45.278440 105.809188 -623252.729795 17.173948 55.373373 K0.02Na0.52Ca0.46Al1.46Si2.54O8 56.4403 0 27.6561 0 0 0 0 9.64696 5.94302 0.313675 0
5000.00 1288.15 45.236078 105.497839 -622942.721399 17.155941 55.294005 K0.02Na0.52Ca0.46Al1.46Si2.54O8 56.4474 0 27.6512 0 0 0 0 9.64126 5.94616 0.313969 0
5000.00 1283.15 45.162900 105.116553 -622203.968299 17.126637 55.177452 K0.02Na0.52Ca0.46Al1.46Si2.54O8 56.4626 0 27.6409 0 0 0 0 9.62924 5.95285 0.314478 0
5000.00 1278.15 45.041970 104.627593 -620800.485430 17.079831 55.003401 K0.02Na0.52Ca0.46Al1.46Si2.54O8 56.4902 0 27.6221 0 0 0 0 9.6073 5.96512 0.315322 0
5000.00 1273.15 44.924419 104.146633 -619442.400908 17.034276 54.833475 K0.02Na0.52Ca0.46Al1.46Si2.54O8 56.517 0 27.6038 0 0 0 0 9.58597 5.97705 0.316147 0
5000.00 1268.15 44.810255 103.673643 -618129.882208 16.989974 54.667684 K0.02Na0.52Ca0.46Al1.46Si2.54O8 56.5431 0 27.5861 0 0 0 0 9.56524 5.98864 0.316952 0
5000.00 1263.15 44.699479 103.208576 -616862.992282 16.946924 54.506029 K0.02Na0.52Ca0.46Al1.46Si2.54O8 56.5684 0 27.5689 0 0 0 0 9.54514 5.99988 0.317738 0
5000.00 1258.15 44.592081 102.751366 -615641.686701 16.905123 54.348499 K0.02Na0.52Ca0.46Al1.46Si2.54O8 56.5929 0 27.5522 0 0 0 0 9.52566 6.01077 0.318503 0
5000.00 1253.15 44.488048 102.301931 -614465.812077 16.864566 54.195079 K0.02Na0.52Ca0.46Al1.46Si2.54O8 56.6166 0 27.536 0 0 0 0 9.50681 6.0213 0.319248 0
5000.00 1248.15 44.387355 101.860171 -613335.105793 16.825242 54.045741 K0.02Na0.53Ca0.46Al1.46Si2.54O8 56.6395 0 27.5205 0 0 0 0 9.4886 6.03147 0.319972 0

olivine_0 thermodynamic data and composition:
Pressure Temperature mass S H V Cp formula SiO2 TiO2 Al2O3 Fe2O3 FeO MnO MgO CaO Na2O K2O P2O5
5000.00 1413.15 0.549164 1.255038 -5380.382673 0.151999 0.616665 (Ca0.01Mg0.55Fe''0.40Mn0.05Co0.00Ni0.00)2SiO4 35.5138 0 0 0 34.1161 4.04922 25.9125 0.408454 0 0 0
5000.00 1408.15 1.725735 3.924792 -16653.035491 0.474592 1.925277 (Ca0.01Mg0.53Fe''0.42Mn0.05Co0.00Ni0.00)2SiO4 35.2552 0 0 0 35.5122 4.03026 24.7914 0.410835 0 0 0
5000.00 1403.15 2.998683 6.786204 -28502.247551 0.819438 3.324290 (Ca0.01Mg0.51Fe''0.44Mn0.05Co0.00Ni0.00)2SiO4 35.0039 0 0 0 36.9618 3.91789 23.7034 0.413006 0 0 0
5000.00 1398.15 2.483676 5.618402 -23618.062316 0.678403 2.740918 (Ca0.01Mg0.50Fe''0.41Mn0.09Co0.00Ni0.00)2SiO4 34.901 0 0 0 34.1388 7.33694 23.1966 0.426698 0 0 0
5000.00 1393.15 2.498671 5.641905 -23765.613865 0.682226 2.755990 (Ca0.01Mg0.50Fe''0.41Mn0.09Co0.00Ni0.00)2SiO4 34.8969 0 0 0 34.2095 7.29291 23.1829 0.417789 0 0 0
5000.00 1388.15 2.513884 5.665729 -23914.995540 0.686103 2.771263 (Ca0.01Mg0.50Fe''0.41Mn0.09Co0.00Ni0.00)2SiO4 34.8927 0 0 0 34.2814 7.24878 23.1682 0.409018 0 0 0
5000.00 1383.15 2.529328 5.689900 -24066.317443 0.690036 2.786750 (Ca0.01Mg0.50Fe''0.41Mn0.09Co0.00Ni0.00)2SiO4 34.8882 0 0 0 34.3544 7.20452 23.1526 0.400384 0 0 0
5000.00 1378.15 2.545017 5.714444 -24219.700112 0.694031 2.802466 (Ca0.01Mg0.50Fe''0.41Mn0.09Co0.00Ni0.00)2SiO4 34.8835 0 0 0 34.4285 7.16011 23.136 0.391887 0 0 0
5000.00 1373.15 2.560965 5.739391 -24375.275518 0.698089 2.818426 (Ca0.01Mg0.50Fe''0.41Mn0.09Co0.00Ni0.00)2SiO4 34.8786 0 0 0 34.504 7.11552 23.1184 0.383524 0 0 0
5000.00 1368.15 2.577190 5.764775 -24533.188174 0.702217 2.834647 (Ca0.01Mg0.50Fe''0.41Mn0.09Co0.00Ni0.00)2SiO4 34.8734 0 0 0 34.5807 7.07072 23.0998 0.375295 0 0 0
5000.00 1363.15 2.593710 5.790629 -24693.596342 0.706417 2.851147 (Ca0.01Mg0.50Fe''0.42Mn0.09Co0.00Ni0.00)2SiO4 34.8681 0 0 0 34.6588 7.02569 23.0802 0.367198 0 0 0
5000.00 1358.15 2.610543 5.816993 -24856.673358 0.710697 2.867949 (Ca0.01Mg0.50Fe''0.42Mn0.08Co0.00Ni0.00)2SiO4 34.8625 0 0 0 34.7383 6.98038 23.0596 0.359233 0 0 0
5000.00 1353.15 2.627713 5.843910 -25022.609089 0.715060 2.885072 (Ca0.01Mg0.50Fe''0.42Mn0.08Co0.00Ni0.00)2SiO4 34.8566 0 0 0 34.8193 6.93477 23.0379 0.351399 0 0 0
5000.00 1348.15 2.645243 5.871426 -25191.611523 0.719514 2.902542 (Ca0.01Mg0.50Fe''0.42Mn0.08Co0.00Ni0.00)2SiO4 34.8506 0 0 0 34.9018 6.88882 23.0151 0.343693 0 0 0
5000.00 1343.15 2.663157 5.899592 -25363.908496 0.724064 2.920386 (Ca0.01Mg0.50Fe''0.42Mn0.08Co0.00Ni0.00)2SiO4 34.8443 0 0 0 34.9859 6.84248 22.9912 0.336115 0 0 0
5000.00 1338.15 2.681486 5.928462 -25539.749582 0.728719 2.938633 (Ca0.01Mg0.50Fe''0.42Mn0.08Co0.00Ni0.00)2SiO4 34.8377 0 0 0 35.0717 6.79571 22.9662 0.328664 0 0 0
5000.00 1333.15 2.700258 5.958098 -25719.408132 0.733487 2.957314 (Ca0.00Mg0.50Fe''0.42Mn0.08Co0.00Ni0.00)2SiO4 34.8309 0 0 0 35.1593 6.74846 22.94 0.321339 0 0 0
5000.00 1328.15 2.719508 5.988566 -25903.183481 0.738375 2.976465 (Ca0.00Mg0.50Fe''0.42Mn0.08Co0.00Ni0.00)2SiO4 34.8238 0 0 0 35.2487 6.70069 22.9127 0.314139 0 0 0
5000.00 1323.15 2.739272 6.019938 -26091.403304 0.743393 2.996123 (Ca0.00Mg0.49Fe''0.42Mn0.08Co0.00Ni0.00)2SiO4 34.8164 0 0 0 35.34 6.65235 22.8841 0.307062 0 0 0
5000.00 1318.15 2.759591 6.052293 -26284.426140 0.748553 3.016330 (Ca0.00Mg0.49Fe''0.43Mn0.08Co0.00Ni0.00)2SiO4 34.8088 0 0 0 35.4334 6.60337 22.8544 0.300107 0 0 0
5000.00 1313.15 2.780508 6.085717 -26482.644032 0.753865 3.037132 (Ca0.00Mg0.49Fe''0.43Mn0.08Co0.00Ni0.00)2SiO4 34.8009 0 0 0 35.5288 6.55369 22.8234 0.293273 0 0 0
5000.00 1308.15 2.802071 6.120305 -26686.485444 0.759342 3.058578 (Ca0.00Mg0.49Fe''0.43Mn0.08Co0.00Ni0.00)2SiO4 34.7927 0 0 0 35.6264 6.50326 22.7911 0.28656 0 0 0
5000.00 1303.15 2.824334 6.156163 -26896.445985 0.764998 3.080725 (Ca0.00Mg0.49Fe''0.43Mn0.08Co0.00Ni0.00)2SiO4 34.7842 0 0 0 35.7264 6.45199 22.7575 0.279966 0 0 0
5000.00 1298.15 2.847357 6.193409 -27113.057128 0.770849 3.103635 (Ca0.00Mg0.49Fe''0.43Mn0.08Co0.00Ni0.00)2SiO4 34.7754 0 0 0 35.8287 6.39983 22.7226 0.27349 0 0 0
5000.00 1293.15 2.871199 6.232161 -27336.874532 0.776910 3.127372 (Ca0.00Mg0.49Fe''0.43Mn0.08Co0.00Ni0.00)2SiO4 34.7663 0 0 0 35.9335 6.34668 22.6864 0.267131 0 0 0
5000.00 1288.15 2.895929 6.272552 -27568.501175 0.783199 3.152005 (Ca0.00Mg0.49Fe''0.43Mn0.08Co0.00Ni0.00)2SiO4 34.7569 0 0 0 36.0409 6.29248 22.6488 0.260888 0 0 0
5000.00 1283.15 2.934769 6.342803 -27927.591344 0.793223 3.191739 (Ca0.00Mg0.49Fe''0.44Mn0.08Co0.00Ni0.00)2SiO4 34.7445 0 0 0 36.193 6.20921 22.5984 0.254951 0 0 0
5000.00 1278.15 2.997294 6.463126 -28500.871097 0.809516 3.256826 (Ca0.00Mg0.49Fe''0.44Mn0.07Co0.00Ni0.00)2SiO4 34.7273 0 0 0 36.4157 6.07968 22.5279 0.249427 0 0 0
5000.00 1273.15 3.061624 6.586668 -29090.336501 0.826271 3.323731 (Ca0.00Mg0.49Fe''0.44Mn0.07Co0.00Ni0.00)2SiO4 34.71 0 0 0 36.6371 5.95194 22.457 0.24398 0 0 0
5000.00 1268.15 3.127772 6.713425 -29696.052675 0.843491 3.392459 (Ca0.00Mg0.48Fe''0.44Mn0.07Co0.00Ni0.00)2SiO4 34.6926 0 0 0 36.8571 5.82606 22.3857 0.238611 0 0 0
5000.00 1263.15 3.195745 6.843384 -30318.042331 0.861176 3.463013 (Ca0.00Mg0.48Fe''0.45Mn0.07Co0.00Ni0.00)2SiO4 34.6751 0 0 0 37.0755 5.70214 22.3139 0.233319 0 0 0
5000.00 1258.15 3.265548 6.976524 -30956.283058 0.879326 3.535387 (Ca0.00Mg0.48Fe''0.45Mn0.07Co0.00Ni0.00)2SiO4 34.6576 0 0 0 37.2925 5.58026 22.2416 0.228105 0 0 0
5000.00 1253.15 3.337178 7.112809 -31610.704753 0.897939 3.609573 (Ca0.00Mg0.48Fe''0.45Mn0.07Co0.00Ni0.00)2SiO4 34.6399 0 0 0 37.5079 5.46048 22.1687 0.222969 0 0 0
5000.00 1248.15 3.410629 7.252196 -32281.187204 0.917013 3.685556 (Ca0.00Mg0.48Fe''0.46Mn0.07Co0.00Ni0.00)2SiO4 34.6221 0 0 0 37.7218 5.34288 22.0953 0.21791 0 0 0

clinopyroxene_0 thermodynamic data and composition:
Pressure Temperature mass S H V Cp structure formula SiO2 TiO2 Al2O3 Fe2O3 FeO MnO MgO CaO Na2O K2O P2O5
5000.00 1533.15 0.469987 1.130204 -5936.059812 0.145590 0.562723 cpx Na0.02Ca0.77Fe''0.17Mg0.89Fe'''0.04Ti0.01Al0.24Si1.86O6 50.7824 0.409551 5.59227 1.42245 5.63315 0 16.283 19.589 0.288172 0 0
5000.00 1528.15 3.546574 8.513679 -44743.209455 1.097125 4.240890 cpx Na0.02Ca0.77Fe''0.18Mg0.88Fe'''0.04Ti0.01Al0.25Si1.85O6 50.5533 0.446546 5.83038 1.48139 5.77253 0 16.0626 19.5522 0.301092 0 0
5000.00 1523.15 6.491748 15.556424 -81803.269129 2.005415 7.752683 cpx Na0.02Ca0.77Fe''0.18Mg0.87Fe'''0.04Ti0.01Al0.26Si1.85O6 50.3237 0.48531 6.0674 1.54038 5.91605 0 15.8458 19.507 0.314291 0 0
5000.00 1518.15 9.989129 23.912517 -125592.587631 3.081487 11.923767 cpx Na0.02Ca0.75Fe''0.19Mg0.87Fe'''0.04Ti0.01Al0.26Si1.84O6 50.2389 0.51992 6.10113 1.57461 6.23497 0 15.8553 19.1498 0.325375 0 0
5000.00 1513.15 13.421716 32.104890 -168272.350317 4.134239 16.018073 cpx Na0.02Ca0.73Fe''0.20Mg0.87Fe'''0.04Ti0.02Al0.26Si1.84O6 50.2029 0.552407 6.06144 1.60076 6.64455 0 15.9497 18.6534 0.334957 0 0
5000.00 1508.15 16.556814 39.571915 -206945.668383 5.091871 19.754253 cpx Na0.02Ca0.71Fe''0.22Mg0.88Fe'''0.05Ti0.02Al0.26Si1.84O6 50.1565 0.58542 6.02775 1.62947 7.07824 0 16.0347 18.144 0.343892 0 0
5000.00 1503.15 19.434613 46.408159 -242135.366319 5.966938 23.178440 cpx Na0.03Ca0.70Fe''0.23Mg0.88Fe'''0.05Ti0.02Al0.26Si1.84O6 50.0967 0.619918 6.00178 1.66174 7.52627 0 16.0998 17.6414 0.352372 0 0
5000.00 1498.15 22.077629 52.664890 -274157.854635 6.766657 26.315393 cpx Na0.03Ca0.68Fe''0.25Mg0.89Fe'''0.05Ti0.02Al0.26Si1.84O6 50.0212 0.656933 5.98528 1.69826 7.97513 0 16.1352 17.1673 0.360684 0 0
5000.00 1493.15 24.501292 58.376673 -303252.795027 7.496171 29.181802 cpx Na0.03Ca0.66Fe''0.26Mg0.89Fe'''0.05Ti0.02Al0.26Si1.84O6 49.9293 0.6973 5.97949 1.73928 8.41164 0 16.1349 16.7389 0.369139 0 0
5000.00 1488.15 26.721662 63.580805 -329670.091806 8.160868 31.795970 cpx Na0.03Ca0.65Fe''0.27Mg0.89Fe'''0.05Ti0.02Al0.26Si1.84O6 49.8217 0.741511 5.98487 1.78464 8.82636 0 16.0987 16.3643 0.377981 0 0
5000.00 1483.15 28.757558 68.322551 -353688.192695 8.766959 34.180377 cpx Na0.03Ca0.63Fe''0.28Mg0.88Fe'''0.05Ti0.02Al0.26Si1.84O6 49.7 0.789733 6.00118 1.8339 9.21446 0 16.0298 16.0435 0.38736 0 0
5000.00 1478.15 30.053078 71.265038 -368682.220696 9.146271 35.664417 cpx Na0.03Ca0.63Fe''0.29Mg0.87Fe'''0.05Ti0.02Al0.26Si1.83O6 49.5392 0.853196 6.04725 1.89595 9.49664 0 15.8612 15.9065 0.40002 0 0
5000.00 1473.15 30.080616 71.149398 -368454.314498 9.140345 35.615680 cpx Na0.03Ca0.64Fe''0.30Mg0.86Fe'''0.06Ti0.03Al0.27Si1.83O6 49.3097 0.947642 6.14433 1.9814 9.5902 0 15.5297 16.078 0.41904 0 0
5000.00 1468.15 30.135227 71.097177 -368597.242555 9.142657 35.599255 cpx Na0.03Ca0.65Fe''0.30Mg0.84Fe'''0.06Ti0.03Al0.27Si1.82O6 49.0686 1.05099 6.25119 2.07052 9.66511 0 15.1992 16.2557 0.438707 0 0
5000.00 1463.15 30.218058 71.110727 -369122.607713 9.153480 35.616367 cpx Na0.03Ca0.65Fe''0.30Mg0.82Fe'''0.06Ti0.03Al0.28Si1.81O6 48.8148 1.16389 6.36864 2.16355 9.72162 0 14.8702 16.4383 0.459006 0 0
5000.00 1458.15 30.329254 71.189973 -370030.123102 9.172777 35.667020 cpx Na0.03Ca0.66Fe''0.30Mg0.81Fe'''0.06Ti0.04Al0.29Si1.81O6 48.547 1.28706 6.4979 2.26081 9.75985 0 14.5429 16.6246 0.479906 0 0
5000.00 1453.15 30.468721 71.334191 -371316.450515 9.200420 35.750860 cpx Na0.04Ca0.67Fe''0.30Mg0.79Fe'''0.07Ti0.04Al0.29Si1.80O6 48.2629 1.42136 6.64074 2.36279 9.77984 0 14.2171 16.8139 0.501343 0 0
5000.00 1448.15 30.636169 71.542032 -372974.584894 9.236187 35.867149 cpx Na0.04Ca0.68Fe''0.31Mg0.77Fe'''0.07Ti0.04Al0.30Si1.79O6 47.9598 1.56794 6.79954 2.47012 9.7818 0 13.8917 17.006 0.523202 0 0
5000.00 1443.15 30.830219 71.809407 -374981.571764 9.279495 36.013718 cpx Na0.04Ca0.69Fe''0.31Mg0.76Fe'''0.07Ti0.05Al0.31Si1.78O6 47.6341 1.72816 6.97656 2.58345 9.76673 0 13.5651 17.2007 0.545293 0 0
5000.00 1438.15 31.047418 72.127380 -377286.504841 9.329149 36.186018 cpx Na0.04Ca0.70Fe''0.30Mg0.74Fe'''0.08Ti0.05Al0.32Si1.77O6 47.2841 1.9028 7.17215 2.70294 9.73705 0 13.2363 17.3973 0.567352 0 0
5000.00 1433.15 31.297263 72.513951 -379971.422987 9.387118 36.391411 cpx Na0.04Ca0.71Fe''0.30Mg0.72Fe'''0.08Ti0.06Al0.33Si1.76O6 46.8891 2.10396 7.39522 2.83406 9.69328 0 12.8907 17.604 0.589711 0 0
5000.00 1428.15 31.563426 72.933591 -382849.429131 9.449143 36.613947 cpx Na0.04Ca0.72Fe''0.30Mg0.70Fe'''0.08Ti0.07Al0.34Si1.75O6 46.4714 2.31974 7.63197 2.97054 9.64199 0 12.5439 17.8088 0.611617 0 0
5000.00 1423.15 31.841393 73.377571 -385871.146912 9.514316 36.850354 cpx Na0.05Ca0.73Fe''0.30Mg0.68Fe'''0.09Ti0.07Al0.35Si1.73O6 46.0465 2.54114 7.87321 3.10855 9.58815 0 12.2054 18.0042 0.632748 0 0
5000.00 1418.15 32.128968 73.842917 -389019.424850 9.582488 37.100161 cpx Na0.05Ca0.73Fe''0.30Mg0.67Fe'''0.09Ti0.08Al0.36Si1.72O6 45.6306 2.7582 8.11066 3.24444 9.53555 0 11.8839 18.1838 0.65294 0 0
5000.00 1413.15 32.542864 74.569202 -393287.254874 9.682477 37.470685 cpx Na0.05Ca0.74Fe''0.30Mg0.65Fe'''0.10Ti0.09Al0.37Si1.70O6 45.1365 3.02439 8.34034 3.40413 9.55704 0 11.486 18.3806 0.671098 0 0
5000.00 1408.15 33.113039 75.610013 -398904.745540 9.820108 37.984789 cpx Na0.05Ca0.76Fe''0.31Mg0.62Fe'''0.10Ti0.10Al0.38Si1.69O6 44.5043 3.37677 8.58464 3.60442 9.65562 0 10.9757 18.611 0.687653 0 0
5000.00 1403.15 33.761550 76.817624 -405338.884092 9.978710 38.583102 cpx Na0.05Ca0.77Fe''0.31Mg0.59Fe'''0.11Ti0.11Al0.40Si1.67O6 43.8518 3.73893 8.83603 3.81741 9.76533 0 10.4636 18.8226 0.704352 0 0
5000.00 1398.15 37.295686 85.214763 -450990.189728 11.166934 43.146657 cpx Na0.04Ca0.71Fe''0.34Mg0.71Fe'''0.07Ti0.04Al0.29Si1.79O6 47.6782 1.59033 6.5803 2.64401 10.7697 0 12.624 17.5286 0.584814 0 0
5000.00 1393.15 37.086352 84.566194 -448901.469805 11.102515 42.879958 cpx Na0.04Ca0.71Fe''0.34Mg0.71Fe'''0.07Ti0.05Al0.29Si1.79O6 47.6493 1.61476 6.61197 2.63349 10.7044 0 12.5772 17.6199 0.588973 0 0
5000.00 1388.15 36.887465 83.943011 -446931.470124 11.041200 42.625603 cpx Na0.04Ca0.71Fe''0.33Mg0.70Fe'''0.07Ti0.05Al0.29Si1.79O6 47.6197 1.63971 6.64408 2.62296 10.6399 0 12.5307 17.7098 0.593132 0 0
5000.00 1383.15 36.698261 83.343321 -445071.420717 10.982757 42.382679 cpx Na0.04Ca0.72Fe''0.33Mg0.70Fe'''0.07Ti0.05Al0.30Si1.79O6 47.5894 1.6652 6.67668 2.61243 10.5762 0 12.4845 17.7982 0.597293 0 0
5000.00 1378.15 36.518057 82.765432 -443313.484232 10.926982 42.150369 cpx Na0.04Ca0.72Fe''0.33Mg0.70Fe'''0.07Ti0.05Al0.30Si1.79O6 47.5583 1.69127 6.70978 2.60191 10.5132 0 12.4387 17.8854 0.60146 0 0
5000.00 1373.15 36.346242 82.207825 -441650.636594 10.873689 41.927940 cpx Na0.04Ca0.72Fe''0.33Mg0.69Fe'''0.07Ti0.05Al0.30Si1.79O6 47.5264 1.71795 6.74342 2.59141 10.4509 0 12.3932 17.9712 0.605633 0 0
5000.00 1368.15 36.182266 81.669132 -440076.566120 10.822711 41.714731 cpx Na0.04Ca0.73Fe''0.33Mg0.69Fe'''0.07Ti0.05Al0.30Si1.79O6 47.4935 1.74527 6.77763 2.58094 10.3892 0 12.3478 18.0558 0.609816 0 0
5000.00 1363.15 36.025634 81.148118 -438585.587869 10.773900 41.510148 cpx Na0.04Ca0.73Fe''0.32Mg0.69Fe'''0.07Ti0.05Al0.30Si1.78O6 47.4597 1.77325 6.81244 2.57052 10.3281 0 12.3027 18.1392 0.614011 0 0
5000.00 1358.15 35.875899 80.643667 -437172.570587 10.727119 41.313652 cpx Na0.05Ca0.73Fe''0.32Mg0.69Fe'''0.07Ti0.05Al0.30Si1.78O6 47.425 1.80195 6.84788 2.56016 10.2676 0 12.2576 18.2216 0.618219 0 0
5000.00 1353.15 35.732658 80.154768 -435832.874186 10.682246 41.124758 cpx Na0.05Ca0.74Fe''0.32Mg0.68Fe'''0.07Ti0.05Al0.31Si1.78O6 47.3891 1.83138 6.88399 2.54986 10.2077 0 12.2127 18.3028 0.622442 0 0
5000.00 1348.15 35.595544 79.680500 -434562.296010 10.639170 40.943023 cpx Na0.05Ca0.74Fe''0.32Mg0.68Fe'''0.07Ti0.05Al0.31Si1.78O6 47.3522 1.86159 6.92078 2.53964 10.1483 0 12.1678 18.383 0.626682 0 0
5000.00 1343.15 35.464227 79.220030 -433357.024538 10.597788 40.768045 cpx Na0.05Ca0.74Fe''0.32Mg0.68Fe'''0.07Ti0.05Al0.31Si1.78O6 47.3141 1.89261 6.95831 2.52951 10.0893 0 12.1229 18.4623 0.630941 0 0
5000.00 1338.15 35.338407 78.772597 -432213.599359 10.558009 40.599459 cpx Na0.05Ca0.75Fe''0.32Mg0.68Fe'''0.07Ti0.05Al0.31Si1.78O6 47.2748 1.92449 6.9966 2.51948 10.0309 0 12.078 18.5406 0.635219 0 0
5000.00 1333.15 35.217811 78.337506 -431128.876472 10.519750 40.436934 cpx Na0.05Ca0.75Fe''0.31Mg0.67Fe'''0.07Ti0.06Al0.31Si1.78O6 47.2341 1.95726 7.03569 2.50956 9.97287 0 12.033 18.618 0.639518 0 0
5000.00 1328.15 35.102191 77.914125 -430099.998146 10.482934 40.280165 cpx Na0.05Ca0.75Fe''0.31Mg0.67Fe'''0.07Ti0.06Al0.31Si1.77O6 47.1921 1.99096 7.07561 2.49976 9.91529 0 11.9879 18.6945 0.64384 0 0
5000.00 1323.15 34.991322 77.501877 -429124.366674 10.447491 40.128877 cpx Na0.05Ca0.76Fe''0.31Mg0.67Fe'''0.07Ti0.06Al0.32Si1.77O6 47.1487 2.02563 7.1164 2.49009 9.85813 0 11.9426 18.7702 0.648185 0 0
5000.00 1318.15 34.885001 77.100233 -428199.621458 10.413357 39.982819 cpx Na0.05Ca0.76Fe''0.31Mg0.67Fe'''0.07Ti0.06Al0.32Si1.77O6 47.1038 2.06131 7.1581 2.48056 9.80138 0 11.8972 18.845 0.652555 0 0
5000.00 1313.15 34.783043 76.708713 -427323.618975 10.380476 39.841762 cpx Na0.05Ca0.76Fe''0.31Mg0.66Fe'''0.07Ti0.06Al0.32Si1.77O6 47.0574 2.09806 7.20073 2.47119 9.74501 0 11.8515 18.9191 0.656949 0 0
5000.00 1308.15 34.685280 76.326876 -426494.414733 10.348794 39.705496 cpx Na0.05Ca0.77Fe''0.30Mg0.66Fe'''0.07Ti0.06Al0.32Si1.77O6 47.0093 2.1359 7.24435 2.46199 9.68903 0 11.8056 18.9924 0.66137 0 0
5000.00 1303.15 34.591555 75.954304 -425710.158326 10.318262 39.573825 cpx Na0.05Ca0.77Fe''0.30Mg0.66Fe'''0.07Ti0.06Al0.32Si1.77O6 46.9596 2.17489 7.28898 2.45295 9.63342 0 11.7594 19.065 0.665813 0 0
5000.00 1298.15 34.501724 75.590616 -424969.187505 10.288834 39.446569 cpx Na0.05Ca0.77Fe''0.30Mg0.66Fe'''0.07Ti0.06Al0.33Si1.76O6 46.9081 2.21505 7.33465 2.4441 9.57818 0 11.7128 19.1369 0.670279 0 0
5000.00 1293.15 34.415664 75.235478 -424270.063176 10.260471 39.323572 cpx Na0.05Ca0.77Fe''0.30Mg0.65Fe'''0.07Ti0.06Al0.33Si1.76O6 46.8547 2.25644 7.3814 2.43544 9.52331 0 11.6659 19.208 0.674766 0 0
5000.00 1288.15 34.333265 74.888589 -423611.493115 10.233138 39.204695 cpx Na0.05Ca0.78Fe''0.30Mg0.65Fe'''0.07Ti0.07Al0.33Si1.76O6 46.7995 2.29909 7.42927 2.42698 9.46881 0 11.6185 19.2785 0.679273 0 0
5000.00 1283.15 34.085012 74.185605 -420838.880115 10.157080 38.898705 cpx Na0.05Ca0.78Fe''0.30Mg0.65Fe'''0.07Ti0.07Al0.33Si1.76O6 46.7815 2.31088 7.4567 2.4182 9.44179 0 11.5799 19.3268 0.684229 0 0
5000.00 1278.15 33.572318 72.917859 -414695.726904 10.003518 38.295091 cpx Na0.05Ca0.78Fe''0.30Mg0.65Fe'''0.07Ti0.06Al0.33Si1.76O6 46.8283 2.26935 7.44865 2.40837 9.45965 0 11.5569 19.3388 0.689942 0 0
5000.00 1273.15 33.087277 71.714194 -408893.804442 9.858244 37.723610 cpx Na0.05Ca0.78Fe''0.30Mg0.65Fe'''0.07Ti0.06Al0.33Si1.76O6 46.8748 2.22839 7.44128 2.39817 9.47626 0 11.5342 19.3512 0.695699 0 0
5000.00 1268.15 32.628597 70.571461 -403417.444335 9.720873 37.182747 cpx Na0.05Ca0.78Fe''0.30Mg0.65Fe'''0.07Ti0.06Al0.33Si1.77O6 46.9209 2.18799 7.43456 2.3876 9.49159 0 11.512 19.3639 0.701499 0 0
5000.00 1263.15 32.195045 69.486654 -398251.670414 9.591034 36.671052 cpx Na0.05Ca0.78Fe''0.30Mg0.64Fe'''0.07Ti0.06Al0.33Si1.77O6 46.9667 2.14814 7.42849 2.37664 9.50565 0 11.4902 19.3769 0.707341 0 0
5000.00 1258.15 31.785437 68.456899 -393382.133852 9.468374 36.187139 cpx Na0.05Ca0.78Fe''0.30Mg0.64Fe'''0.07Ti0.06Al0.33Si1.77O6 47.0122 2.10883 7.42303 2.3653 9.51843 0 11.4688 19.3902 0.713222 0 0
5000.00 1253.15 31.398640 67.479443 -388795.059589 9.352552 35.729678 cpx Na0.05Ca0.78Fe''0.30Mg0.64Fe'''0.07Ti0.06Al0.33Si1.77O6 47.0574 2.07006 7.41819 2.35358 9.52993 0 11.4479 19.4038 0.719141 0 0
5000.00 1248.15 31.033561 66.551646 -384477.202933 9.243243 35.297390 cpx Na0.05Ca0.78Fe''0.30Mg0.64Fe'''0.07Ti0.06Al0.33Si1.77O6 47.1023 2.0318 7.41393 2.34146 9.54014 0 11.4275 19.4177 0.725098 0 0

clinopyroxene_2 thermodynamic data and composition:
Pressure Temperature mass S H V Cp structure formula SiO2 TiO2 Al2O3 Fe2O3 FeO MnO MgO CaO Na2O K2O P2O5
5000.00 1283.15 0.202532 0.429816 -2507.698875 0.057924 0.225555 cpx Na0.04Ca0.90Fe''0.22Mg0.43Fe'''0.08Ti0.34Al0.69Si1.30O6 33.6797 11.6394 15.3027 2.68926 6.76348 0 7.48162 21.8821 0.561748 0 0
5000.00 1278.15 0.727854 1.541010 -9016.345511 0.208059 0.810089 cpx Na0.04Ca0.90Fe''0.22Mg0.43Fe'''0.08Ti0.34Al0.70Si1.29O6 33.5841 11.7044 15.3762 2.67002 6.76651 0 7.43277 21.9042 0.561695 0 0
5000.00 1273.15 1.227541 2.592785 -15213.556184 0.350719 1.365384 cpx Na0.04Ca0.91Fe''0.22Mg0.42Fe'''0.08Ti0.34Al0.70Si1.29O6 33.4896 11.7689 15.4494 2.65023 6.7693 0 7.38487 21.9262 0.56157 0 0
5000.00 1268.15 1.702692 3.587826 -21112.627192 0.486231 1.892719 cpx Na0.04Ca0.91Fe''0.22Mg0.42Fe'''0.08Ti0.34Al0.71Si1.29O6 33.3961 11.8329 15.5221 2.62989 6.77185 0 7.33792 21.9479 0.561371 0 0
5000.00 1263.15 2.154353 4.528689 -26726.233143 0.614907 2.393313 cpx Na0.04Ca0.91Fe''0.22Mg0.42Fe'''0.08Ti0.34Al0.71Si1.28O6 33.3036 11.8964 15.5944 2.60902 6.77414 0 7.2919 21.9694 0.561099 0 0
5000.00 1258.15 2.583526 5.417816 -32066.496270 0.737045 2.868330 cpx Na0.04Ca0.91Fe''0.22Mg0.42Fe'''0.08Ti0.35Al0.71Si1.28O6 33.2121 11.9594 15.6664 2.58763 6.77618 0 7.24679 21.9907 0.560753 0 0
5000.00 1253.15 2.991171 6.257546 -37145.044294 0.852930 3.318885 cpx Na0.04Ca0.91Fe''0.22Mg0.41Fe'''0.07Ti0.35Al0.72Si1.28O6 33.1217 12.022 15.738 2.56574 6.77797 0 7.20259 22.0118 0.560332 0 0
5000.00 1248.15 3.378212 7.050120 -41973.057866 0.962837 3.746049 cpx Na0.04Ca0.91Fe''0.22Mg0.41Fe'''0.07Ti0.35Al0.72Si1.27O6 33.0322 12.084 15.8091 2.54335 6.77951 0 7.15927 22.0327 0.559837 0 0

clinopyroxene_1 thermodynamic data and composition:
Pressure Temperature mass S H V Cp structure formula SiO2 TiO2 Al2O3 Fe2O3 FeO MnO MgO CaO Na2O K2O P2O5
5000.00 1478.15 0.589497 1.416510 -7051.584678 0.178525 0.711247 cpx Na0.02Ca0.32Fe''0.43Mg1.09Fe'''0.04Ti0.01Al0.22Si1.87O6 50.707 0.439081 5.0515 1.50058 13.9957 0 19.9486 8.1295 0.227992 0 0
5000.00 1473.15 2.330797 5.588684 -27785.473402 0.704525 2.807015 cpx Na0.02Ca0.31Fe''0.44Mg1.09Fe'''0.04Ti0.01Al0.22Si1.86O6 50.572 0.464033 5.07005 1.54469 14.4026 0 19.749 7.96525 0.232364 0 0
5000.00 1468.15 3.921280 9.382205 -46587.817808 1.183055 4.713978 cpx Na0.02Ca0.31Fe''0.46Mg1.08Fe'''0.04Ti0.01Al0.22Si1.86O6 50.4386 0.488111 5.09075 1.58859 14.804 0 19.5574 7.7962 0.23645 0 0
5000.00 1463.15 5.378283 12.840943 -63686.531588 1.619643 6.454164 cpx Na0.02Ca0.30Fe''0.47Mg1.07Fe'''0.05Ti0.01Al0.22Si1.86O6 50.3067 0.511093 5.1141 1.63242 15.1983 0 19.373 7.62415 0.240292 0 0
5000.00 1458.15 6.716897 16.003037 -79280.454855 2.019098 8.046727 cpx Na0.02Ca0.30Fe''0.48Mg1.06Fe'''0.05Ti0.01Al0.22Si1.86O6 50.1763 0.532763 5.14091 1.67636 15.5837 0 19.1954 7.4507 0.24393 0 0
5000.00 1453.15 7.950974 18.903360 -93551.419104 2.385822 9.509175 cpx Na0.02Ca0.29Fe''0.50Mg1.05Fe'''0.05Ti0.02Al0.23Si1.86O6 50.0467 0.55294 5.1724 1.72075 15.9587 0 19.0239 7.2772 0.247392 0 0
5000.00 1448.15 9.095385 21.578889 -106690.259143 2.724479 10.860050 cpx Na0.02Ca0.28Fe''0.51Mg1.04Fe'''0.05Ti0.02Al0.23Si1.85O6 49.9168 0.571483 5.21021 1.76602 16.3225 0 18.8574 7.10483 0.250691 0 0
5000.00 1443.15 10.168606 24.074739 -118925.839946 3.040756 12.121955 cpx Na0.02Ca0.28Fe''0.52Mg1.04Fe'''0.05Ti0.02Al0.23Si1.85O6 49.7854 0.588227 5.2558 1.81266 16.6756 0 18.6937 6.93479 0.253818 0 0
5000.00 1438.15 11.191853 26.441989 -130514.224744 3.341104 13.320481 cpx Na0.02Ca0.27Fe''0.53Mg1.03Fe'''0.05Ti0.02Al0.23Si1.85O6 49.6518 0.602831 5.30933 1.86087 17.0196 0 18.5301 6.76875 0.256768 0 0
5000.00 1433.15 12.248351 28.876919 -142409.401866 3.650182 14.553912 cpx Na0.02Ca0.26Fe''0.54Mg1.02Fe'''0.05Ti0.02Al0.24Si1.85O6 49.5096 0.616285 5.37221 1.91297 17.3685 0 18.3571 6.60375 0.259583 0 0
5000.00 1428.15 13.295695 31.279280 -154130.832992 3.955518 15.772137 cpx Na0.02Ca0.26Fe''0.55Mg1.01Fe'''0.06Ti0.02Al0.24Si1.84O6 49.3674 0.626248 5.43907 1.96642 17.7121 0 18.1792 6.44726 0.262354 0 0
5000.00 1423.15 14.315988 33.607251 -165483.838156 4.251954 16.954311 cpx Na0.02Ca0.25Fe''0.56Mg1.00Fe'''0.06Ti0.02Al0.24Si1.84O6 49.2291 0.631879 5.50722 2.02009 18.0445 0 17.9992 6.30281 0.265214 0 0
5000.00 1418.15 15.288931 35.813983 -176251.644100 4.533678 18.077083 cpx Na0.02Ca0.25Fe''0.58Mg1.00Fe'''0.06Ti0.02Al0.25Si1.84O6 49.0976 0.633073 5.57545 2.07308 18.3595 0 17.8208 6.17214 0.268286 0 0
5000.00 1413.15 15.835128 36.998860 -181755.780037 4.685289 18.677756 cpx Na0.02Ca0.24Fe''0.59Mg0.98Fe'''0.06Ti0.02Al0.25Si1.84O6 48.9387 0.629944 5.61285 2.13511 18.8337 0 17.5296 6.05001 0.270118 0 0
5000.00 1408.15 16.079795 37.455941 -183368.138410 4.743358 18.901548 cpx Na0.02Ca0.24Fe''0.61Mg0.96Fe'''0.06Ti0.02Al0.25Si1.84O6 48.7387 0.621465 5.61793 2.21298 19.5122 0 17.0935 5.93247 0.270727 0 0
5000.00 1403.15 16.353740 37.974661 -185236.515812 4.809226 19.154933 cpx Na0.02Ca0.24Fe''0.64Mg0.94Fe'''0.07Ti0.02Al0.25Si1.83O6 48.5315 0.60793 5.62647 2.29996 20.2031 0 16.6316 5.82715 0.272308 0 0
5000.00 1398.15 9.590475 22.253633 -110228.749587 2.840331 11.293023 cpx Na0.02Ca0.26Fe''0.60Mg0.98Fe'''0.05Ti0.01Al0.21Si1.86O6 49.639 0.444534 4.81343 1.77276 19.1348 0 17.5565 6.39477 0.244228 0 0
5000.00 1393.15 9.821902 22.749676 -112891.370333 2.907855 11.561029 cpx Na0.02Ca0.25Fe''0.60Mg0.98Fe'''0.05Ti0.01Al0.21Si1.87O6 49.6532 0.438237 4.80318 1.75064 19.2237 0 17.5813 6.30776 0.242008 0 0
5000.00 1388.15 10.044061 23.222136 -115447.606457 2.972586 11.817815 cpx Na0.02Ca0.25Fe''0.61Mg0.99Fe'''0.05Ti0.01Al0.21Si1.87O6 49.6669 0.432025 4.79317 1.7288 19.312 0 17.6049 6.22235 0.239839 0 0
5000.00 1383.15 10.257756 23.672972 -117906.654312 3.034764 12.064334 cpx Na0.02Ca0.25Fe''0.61Mg0.99Fe'''0.05Ti0.01Al0.21Si1.87O6 49.6803 0.425894 4.7834 1.70722 19.3998 0 17.6272 6.13848 0.237718 0 0
5000.00 1378.15 10.463714 24.103951 -120276.790898 3.094607 12.301445 cpx Na0.02Ca0.24Fe''0.61Mg0.99Fe'''0.05Ti0.01Al0.21Si1.87O6 49.6931 0.419837 4.77386 1.68591 19.4871 0 17.6484 6.05609 0.235646 0 0
5000.00 1373.15 10.662589 24.516665 -122565.493069 3.152309 12.529924 cpx Na0.02Ca0.24Fe''0.62Mg0.99Fe'''0.05Ti0.01Al0.21Si1.87O6 49.7055 0.413849 4.76457 1.66486 19.574 0 17.6684 5.97511 0.233619 0 0
5000.00 1368.15 10.854977 24.912558 -124779.538120 3.208048 12.750476 cpx Na0.02Ca0.24Fe''0.62Mg0.99Fe'''0.05Ti0.01Al0.21Si1.87O6 49.7175 0.407925 4.75551 1.64406 19.6606 0 17.6873 5.89551 0.231637 0 0
5000.00 1363.15 11.041419 25.292943 -126925.088950 3.261986 12.963740 cpx Na0.02Ca0.23Fe''0.62Mg0.99Fe'''0.05Ti0.01Al0.21Si1.87O6 49.729 0.402059 4.74668 1.62352 19.7469 0 17.705 5.81722 0.229699 0 0
5000.00 1358.15 11.222411 25.659016 -129007.766375 3.314271 13.170300 cpx Na0.02Ca0.23Fe''0.62Mg0.99Fe'''0.05Ti0.01Al0.21Si1.87O6 49.7401 0.396247 4.73808 1.60324 19.8329 0 17.7215 5.74021 0.227804 0 0
5000.00 1353.15 11.398405 26.011870 -131032.710631 3.365036 13.370691 cpx Na0.02Ca0.23Fe''0.63Mg0.99Fe'''0.04Ti0.01Al0.21Si1.87O6 49.7507 0.390485 4.72971 1.5832 19.9187 0 17.7368 5.66443 0.225951 0 0
5000.00 1348.15 11.569817 26.352506 -133004.633699 3.414406 13.565401 cpx Na0.02Ca0.23Fe''0.63Mg0.99Fe'''0.04Ti0.01Al0.21Si1.87O6 49.7608 0.384766 4.72158 1.56341 20.0044 0 17.751 5.58985 0.224139 0 0
5000.00 1343.15 11.737031 26.681842 -134927.863771 3.462494 13.754883 cpx Na0.02Ca0.22Fe''0.63Mg1.00Fe'''0.04Ti0.01Al0.21Si1.87O6 49.7706 0.379088 4.71367 1.54387 20.09 0 17.764 5.51643 0.222368 0 0
5000.00 1338.15 11.900397 27.000724 -136806.382905 3.509406 13.939549 cpx Na0.02Ca0.22Fe''0.63Mg1.00Fe'''0.04Ti0.01Al0.21Si1.87O6 49.7798 0.373446 4.706 1.52458 20.1755 0 17.7759 5.44414 0.220636 0 0
5000.00 1333.15 12.060243 27.309928 -138643.858697 3.555236 14.119782 cpx Na0.02Ca0.22Fe''0.64Mg1.00Fe'''0.04Ti0.01Al0.21Si1.87O6 49.7886 0.367835 4.69856 1.50554 20.261 0 17.7866 5.37296 0.218944 0 0
5000.00 1328.15 12.216869 27.610170 -140443.670641 3.600075 14.295933 cpx Na0.02Ca0.21Fe''0.64Mg1.00Fe'''0.04Ti0.01Al0.21Si1.87O6 49.797 0.362252 4.69136 1.48673 20.3465 0 17.796 5.30284 0.217291 0 0
5000.00 1323.15 12.370553 27.902108 -142208.931652 3.644004 14.468327 cpx Na0.02Ca0.21Fe''0.64Mg1.00Fe'''0.04Ti0.01Al0.21Si1.87O6 49.8048 0.356691 4.6844 1.46818 20.4321 0 17.8043 5.23378 0.215676 0 0
5000.00 1318.15 12.521550 28.186346 -143942.505173 3.687099 14.637262 cpx Na0.02Ca0.21Fe''0.65Mg1.00Fe'''0.04Ti0.01Al0.21Si1.87O6 49.8122 0.35115 4.67769 1.44987 20.5179 0 17.8114 5.16575 0.2141 0 0
5000.00 1313.15 12.670096 28.463441 -145647.018094 3.729429 14.803011 cpx Na0.02Ca0.21Fe''0.65Mg1.00Fe'''0.04Ti0.01Al0.21Si1.87O6 49.8191 0.345624 4.67121 1.43181 20.6038 0 17.8172 5.09872 0.212562 0 0
5000.00 1308.15 12.816408 28.733898 -147324.869145 3.771058 14.965826 cpx Na0.02Ca0.20Fe''0.65Mg1.00Fe'''0.04Ti0.01Al0.21Si1.87O6 49.8255 0.340109 4.66499 1.41399 20.6899 0 17.8218 5.03269 0.211062 0 0
5000.00 1303.15 12.960672 28.998156 -148978.126067 3.812041 15.125922 cpx Na0.02Ca0.20Fe''0.65Mg1.00Fe'''0.04Ti0.01Al0.21Si1.88O6 49.8314 0.3346 4.65902 1.39641 20.7762 0 17.8251 4.96763 0.209599 0 0
5000.00 1298.15 13.103059 29.256611 -150608.659129 3.852427 15.283495 cpx Na0.02Ca0.20Fe''0.66Mg1.00Fe'''0.04Ti0.01Al0.21Si1.88O6 49.8368 0.329094 4.6533 1.37909 20.8629 0 17.8271 4.90353 0.208173 0 0
5000.00 1293.15 13.243727 29.509632 -152218.194340 3.892263 15.438727 cpx Na0.02Ca0.20Fe''0.66Mg1.00Fe'''0.04Ti0.01Al0.21Si1.88O6 49.8417 0.323587 4.64783 1.36201 20.9498 0 17.8278 4.84039 0.206784 0 0
5000.00 1288.15 13.382814 29.757537 -153808.227542 3.931589 15.591773 cpx Na0.01Ca0.19Fe''0.66Mg1.00Fe'''0.04Ti0.01Al0.21Si1.88O6 49.8461 0.318075 4.64263 1.34517 21.0372 0 17.8272 4.77819 0.205431 0 0
5000.00 1283.15 13.534524 30.030738 -155518.317642 3.974331 15.757776 cpx Na0.01Ca0.19Fe''0.67Mg1.00Fe'''0.04Ti0.01Al0.21Si1.88O6 49.845 0.311009 4.63915 1.33146 21.1375 0 17.8094 4.72199 0.204519 0 0
5000.00 1278.15 13.702719 30.336885 -157377.329300 4.021458 15.940295 cpx Na0.01Ca0.19Fe''0.67Mg1.00Fe'''0.04Ti0.01Al0.21Si1.88O6 49.8355 0.301495 4.63822 1.32248 21.2584 0 17.7649 4.67472 0.204283 0 0
5000.00 1273.15 13.861144 30.619645 -159123.798365 4.065677 16.111146 cpx Na0.01Ca0.19Fe''0.67Mg1.00Fe'''0.04Ti0.01Al0.21Si1.88O6 49.826 0.292209 4.63734 1.31327 21.3785 0 17.7211 4.6276 0.204024 0 0
5000.00 1268.15 14.009976 30.879544 -160759.962706 4.107046 16.270564 cpx Na0.01Ca0.19Fe''0.68Mg0.99Fe'''0.04Ti0.01Al0.21Si1.88O6 49.8166 0.283145 4.6365 1.3038 21.4978 0 17.6778 4.58064 0.203744 0 0
5000.00 1263.15 14.149402 31.117127 -162288.175213 4.145624 16.418792 cpx Na0.01Ca0.18Fe''0.68Mg0.99Fe'''0.04Ti0.01Al0.21Si1.88O6 49.8073 0.274302 4.63569 1.29409 21.6162 0 17.6351 4.53385 0.20344 0 0
5000.00 1258.15 14.279619 31.332961 -163710.905220 4.181476 16.556091 cpx Na0.01Ca0.18Fe''0.69Mg0.99Fe'''0.04Ti0.01Al0.21Si1.88O6 49.7982 0.265674 4.63491 1.28414 21.7338 0 17.593 4.48723 0.203114 0 0
5000.00 1253.15 14.400837 31.527635 -165030.738014 4.214666 16.682728 cpx Na0.01Ca0.18Fe''0.69Mg0.99Fe'''0.04Ti0.01Al0.21Si1.88O6 49.7891 0.257258 4.63414 1.27394 21.8505 0 17.5515 4.44077 0.202764 0 0
5000.00 1248.15 14.513275 31.701758 -166250.372419 4.245266 16.798985 cpx Na0.01Ca0.18Fe''0.69Mg0.99Fe'''0.04Ti0.01Al0.21Si1.88O6 49.7802 0.249051 4.63338 1.26351 21.9663 0 17.5106 4.39449 0.20239 0 0

spinel_0 thermodynamic data and composition:
Pressure Temperature mass S H V Cp formula SiO2 TiO2 Al2O3 Fe2O3 FeO MnO MgO CaO Na2O K2O P2O5
5000.00 1398.15 4.561636 9.763442 -27344.862438 0.990743 4.299609 Fe''1.29Mg0.25Fe'''0.66Al0.25Cr0.00Ti0.55O4 0 20.5863 5.93333 24.8619 43.7998 0 4.81867 0 0 0 0
5000.00 1393.15 4.545752 9.712403 -27235.779695 0.986819 4.281618 Fe''1.29Mg0.25Fe'''0.66Al0.25Cr0.00Ti0.54O4 0 20.5231 5.93085 24.9675 43.7956 0 4.78297 0 0 0 0
5000.00 1388.15 4.529140 9.659867 -27121.918348 0.982735 4.262952 Fe''1.29Mg0.25Fe'''0.67Al0.25Cr0.00Ti0.54O4 0 20.4584 5.92845 25.0758 43.7904 0 4.74697 0 0 0 0
5000.00 1383.15 4.511772 9.605779 -27003.095445 0.978487 4.243584 Fe''1.29Mg0.25Fe'''0.67Al0.25Cr0.00Ti0.54O4 0 20.392 5.92612 25.187 43.7842 0 4.71065 0 0 0 0
5000.00 1378.15 4.493618 9.550081 -26879.118655 0.974068 4.223487 Fe''1.29Mg0.25Fe'''0.67Al0.25Cr0.00Ti0.54O4 0 20.3239 5.92389 25.3013 43.7768 0 4.67401 0 0 0 0
5000.00 1373.15 4.474643 9.492713 -26749.785798 0.969470 4.202633 Fe''1.29Mg0.24Fe'''0.68Al0.25Cr0.00Ti0.54O4 0 20.254 5.92177 25.4189 43.7683 0 4.63704 0 0 0 0
5000.00 1368.15 4.454814 9.433612 -26614.884367 0.964687 4.180992 Fe''1.29Mg0.24Fe'''0.68Al0.25Cr0.00Ti0.54O4 0 20.1821 5.91978 25.5399 43.7586 0 4.59972 0 0 0 0
5000.00 1363.15 4.434094 9.372708 -26474.191060 0.959711 4.158531 Fe''1.29Mg0.24Fe'''0.68Al0.25Cr0.00Ti0.53O4 0 20.1081 5.91794 25.6645 43.7475 0 4.56204 0 0 0 0
5000.00 1358.15 4.412446 9.309933 -26327.471328 0.954533 4.135218 Fe''1.29Mg0.24Fe'''0.69Al0.25Cr0.00Ti0.53O4 0 20.0319 5.91628 25.7929 43.7349 0 4.52399 0 0 0 0
5000.00 1353.15 4.389829 9.245210 -26174.478950 0.949145 4.111017 Fe''1.29Mg0.24Fe'''0.69Al0.25Cr0.00Ti0.53O4 0 19.9534 5.91481 25.9254 43.7208 0 4.48556 0 0 0 0
5000.00 1348.15 4.366200 9.178462 -26014.955659 0.943538 4.085891 Fe''1.29Mg0.23Fe'''0.69Al0.25Cr0.00Ti0.53O4 0 19.8724 5.91356 26.0622 43.705 0 4.44674 0 0 0 0
5000.00 1343.15 4.341516 9.109607 -25848.630822 0.937703 4.059800 Fe''1.29Mg0.23Fe'''0.70Al0.25Cr0.00Ti0.53O4 0 19.7888 5.91256 26.2036 43.6875 0 4.40751 0 0 0 0
5000.00 1338.15 4.315730 9.038558 -25675.221227 0.931630 4.032705 Fe''1.29Mg0.23Fe'''0.70Al0.25Cr0.00Ti0.53O4 0 19.7025 5.91183 26.3498 43.6681 0 4.36786 0 0 0 0
5000.00 1333.15 4.288792 8.965225 -25494.430978 0.925308 4.004563 Fe''1.29Mg0.23Fe'''0.71Al0.25Cr0.00Ti0.52O4 0 19.6131 5.91142 26.5011 43.6467 0 4.32777 0 0 0 0
5000.00 1328.15 4.260651 8.889514 -25305.951560 0.918726 3.975328 Fe''1.29Mg0.23Fe'''0.71Al0.25Cr0.00Ti0.52O4 0 19.5206 5.91134 26.6578 43.623 0 4.28722 0 0 0 0
5000.00 1323.15 4.231253 8.811326 -25109.462112 0.911874 3.944954 Fe''1.29Mg0.22Fe'''0.72Al0.25Cr0.00Ti0.52O4 0 19.4248 5.91165 26.8202 43.5971 0 4.24621 0 0 0 0
5000.00 1318.15 4.200543 8.730559 -24904.629968 0.904738 3.913391 Fe''1.29Mg0.22Fe'''0.72Al0.25Cr0.00Ti0.52O4 0 19.3254 5.91237 26.9888 43.5687 0 4.20472 0 0 0 0
5000.00 1313.15 4.168461 8.647108 -24691.111541 0.897309 3.880591 Fe''1.29Mg0.22Fe'''0.73Al0.25Cr0.00Ti0.51O4 0 19.2222 5.91356 27.1639 43.5376 0 4.16272 0 0 0 0
5000.00 1308.15 4.134949 8.560863 -24468.553747 0.889571 3.846499 Fe''1.29Mg0.22Fe'''0.73Al0.25Cr0.00Ti0.51O4 0 19.115 5.91524 27.3458 43.5037 0 4.1202 0 0 0 0
5000.00 1303.15 4.099947 8.471721 -24236.619156 0.881514 3.811068 Fe''1.29Mg0.22Fe'''0.74Al0.25Cr0.00Ti0.51O4 0 19.0036 5.91748 27.535 43.4667 0 4.07716 0 0 0 0
5000.00 1298.15 4.063395 8.379576 -23994.960043 0.873125 3.774244 Fe''1.29Mg0.21Fe'''0.74Al0.25Cr0.00Ti0.50O4 0 18.8876 5.92033 27.732 43.4265 0 4.03356 0 0 0 0
5000.00 1293.15 4.025230 8.284312 -23743.209463 0.864390 3.735972 Fe''1.29Mg0.21Fe'''0.75Al0.25Cr0.00Ti0.50O4 0 18.7668 5.92383 27.9372 43.3827 0 3.9894 0 0 0 0
5000.00 1288.15 3.985385 8.185815 -23481.002526 0.855296 3.696198 Fe''1.29Mg0.21Fe'''0.75Al0.25Cr0.00Ti0.50O4 0 18.6409 5.92806 28.1511 43.3352 0 3.94467 0 0 0 0
5000.00 1283.15 3.912657 8.019538 -23010.374154 0.839025 3.625794 Fe''1.29Mg0.21Fe'''0.76Al0.25Cr0.00Ti0.49O4 0 18.4402 5.94658 28.4859 43.2398 0 3.88748 0 0 0 0
5000.00 1278.15 3.788641 7.747909 -22216.711049 0.811586 3.507725 Fe''1.28Mg0.20Fe'''0.78Al0.25Cr0.00Ti0.49O4 0 18.1187 5.98859 29.0157 43.0659 0 3.81108 0 0 0 0
5000.00 1273.15 3.667108 7.482397 -21442.118382 0.784737 3.392238 Fe''1.28Mg0.20Fe'''0.79Al0.25Cr0.00Ti0.48O4 0 17.7946 6.03129 29.5507 42.8874 0 3.73605 0 0 0 0
5000.00 1268.15 3.548056 7.222973 -20686.491016 0.758477 3.279320 Fe''1.27Mg0.19Fe'''0.81Al0.26Cr0.00Ti0.47O4 0 17.468 6.07465 30.0903 42.7047 0 3.66242 0 0 0 0
5000.00 1263.15 3.431478 6.969597 -19949.688865 0.732803 3.168950 Fe''1.27Mg0.19Fe'''0.82Al0.26Cr0.00Ti0.46O4 0 17.1393 6.11863 30.6339 42.5179 0 3.5902 0 0 0 0
5000.00 1258.15 3.317363 6.722222 -19231.536797 0.707709 3.061102 Fe''1.26Mg0.19Fe'''0.84Al0.26Cr0.00Ti0.45O4 0 16.809 6.16322 31.1808 42.3275 0 3.51942 0 0 0 0
5000.00 1253.15 3.205691 6.480786 -18531.825152 0.683192 2.955750 Fe''1.26Mg0.18Fe'''0.85Al0.26Cr0.00Ti0.44O4 0 16.4775 6.20837 31.7303 42.1338 0 3.45008 0 0 0 0
5000.00 1248.15 3.096442 6.245220 -17850.310897 0.659245 2.852857 Fe''1.25Mg0.18Fe'''0.87Al0.26Cr0.00Ti0.43O4 0 16.145 6.25407 32.2816 41.9372 0 3.38222 0 0 0 0

whitlockite thermodynamic data and composition:
Pressure Temperature mass S H V Cp formula
5000.00 1433.15 0.029809 0.071028 -351.008656 0.009381 0.031589 Ca3(PO4)2
5000.00 1428.15 0.062810 0.149431 -739.941397 0.019767 0.066534 Ca3(PO4)2
5000.00 1423.15 0.094435 0.224318 -1113.002512 0.029720 0.099993 Ca3(PO4)2
5000.00 1418.15 0.124196 0.294550 -1464.426197 0.039087 0.131454 Ca3(PO4)2
5000.00 1413.15 0.166784 0.394929 -1967.467054 0.052490 0.176458 Ca3(PO4)2
5000.00 1408.15 0.227252 0.537261 -2681.982446 0.071520 0.240336 Ca3(PO4)2
5000.00 1403.15 0.289328 0.682929 -3416.113827 0.091057 0.305860 Ca3(PO4)2
5000.00 1398.15 0.380453 0.896587 -4494.054897 0.119735 0.402027 Ca3(PO4)2
5000.00 1393.15 0.380453 0.895147 -4496.064616 0.119735 0.401860 Ca3(PO4)2
5000.00 1388.15 0.380453 0.893702 -4498.073499 0.119735 0.401693 Ca3(PO4)2
5000.00 1383.15 0.380453 0.892253 -4500.081541 0.119735 0.401524 Ca3(PO4)2
5000.00 1378.15 0.380453 0.890800 -4502.088739 0.119735 0.401355 Ca3(PO4)2
5000.00 1373.15 0.380453 0.889341 -4504.095086 0.119735 0.401184 Ca3(PO4)2
5000.00 1368.15 0.380453 0.874821 -4524.027118 0.119735 0.541038 Ca3(PO4)2
5000.00 1363.15 0.380453 0.872843 -4526.728271 0.119735 0.539425 Ca3(PO4)2
5000.00 1358.15 0.380453 0.870863 -4529.421384 0.119735 0.537822 Ca3(PO4)2
5000.00 1353.15 0.380453 0.868883 -4532.106502 0.119735 0.536227 Ca3(PO4)2
5000.00 1348.15 0.380453 0.866900 -4534.783668 0.119735 0.534641 Ca3(PO4)2
5000.00 1343.15 0.380453 0.864917 -4537.452927 0.119735 0.533064 Ca3(PO4)2
5000.00 1338.15 0.380453 0.862932 -4540.114323 0.119735 0.531496 Ca3(PO4)2
5000.00 1333.15 0.380453 0.860945 -4542.767899 0.119735 0.529936 Ca3(PO4)2
5000.00 1328.15 0.380453 0.858957 -4545.413699 0.119735 0.528385 Ca3(PO4)2
5000.00 1323.15 0.380453 0.856967 -4548.051766 0.119735 0.526843 Ca3(PO4)2
5000.00 1318.15 0.380453 0.854975 -4550.682144 0.119735 0.525309 Ca3(PO4)2
5000.00 1313.15 0.380453 0.852981 -4553.304874 0.119735 0.523784 Ca3(PO4)2
5000.00 1308.15 0.380453 0.850986 -4555.920000 0.119735 0.522268 Ca3(PO4)2
5000.00 1303.15 0.380453 0.848989 -4558.527564 0.119735 0.520759 Ca3(PO4)2
5000.00 1298.15 0.380453 0.846990 -4561.127607 0.119735 0.519260 Ca3(PO4)2
5000.00 1293.15 0.380453 0.844989 -4563.720173 0.119735 0.517768 Ca3(PO4)2
5000.00 1288.15 0.380453 0.842986 -4566.305302 0.119735 0.516285 Ca3(PO4)2
5000.00 1283.15 0.380453 0.840981 -4568.883036 0.119735 0.514810 Ca3(PO4)2
5000.00 1278.15 0.380453 0.838974 -4571.453417 0.119735 0.513343 Ca3(PO4)2
5000.00 1273.15 0.380453 0.836965 -4574.016485 0.119735 0.511885 Ca3(PO4)2
5000.00 1268.15 0.380453 0.834953 -4576.572281 0.119735 0.510435 Ca3(PO4)2
5000.00 1263.15 0.380453 0.832940 -4579.120846 0.119735 0.508992 Ca3(PO4)2
5000.00 1258.15 0.380453 0.830924 -4581.662219 0.119735 0.507558 Ca3(PO4)2
5000.00 1253.15 0.380453 0.828905 -4584.196442 0.119735 0.506132 Ca3(PO4)2
5000.00 1248.15 0.380453 0.826885 -4586.723553 0.119735 0.504714 Ca3(PO4)2

Title: MORB_Gale2013-2

Phase Masses:
Pressure Temperature mass liquid_0 olivine_0 clinopyroxene_0 clinopyroxene_1 clinopyroxene_2 feldspar_0 spinel_0 whitlockite 
5000.00 1573.15 100.150679 100.150679 0.000000 0.000000 0.000000 0.000000 0.000000 0.000000 0.000000 
5000.00 1568.15 100.150837 100.150837 0.000000 0.000000 0.000000 0.000000 0.000000 0.000000 0.000000 
5000.00 1563.15 100.151002 100.151002 0.000000 0.000000 0.000000 0.000000 0.000000 0.000000 0.000000 
5000.00 1558.15 100.151172 100.151172 0.000000 0.000000 0.000000 0.000000 0.000000 0.000000 0.000000 
5000.00 1553.15 100.151348 100.151348 0.000000 0.000000 0.000000 0.000000 0.000000 0.000000 0.000000 
5000.00 1548.15 100.151530 100.151530 0.000000 0.000000 0.000000 0.000000 0.000000 0.000000 0.000000 
5000.00 1543.15 100.151717 100.151717 0.000000 0.000000 0.000000 0.000000 0.000000 0.000000 0.000000 
5000.00 1538.15 100.151912 100.151912 0.000000 0.000000 0.000000 0.000000 0.000000 0.000000 0.000000 
5000.00 1533.15 100.152137 99.682150 0.000000 0.469987 0.000000 0.000000 0.000000 0.000000 0.000000 
5000.00 1528.15 100.152631 96.606057 0.000000 3.546574 0.000000 0.000000 0.000000 0.000000 0.000000 
5000.00 1523.15 100.153330 93.661582 0.000000 6.491748 0.000000 0.000000 0.000000 0.000000 0.000000 
5000.00 1518.15 100.153611 87.500186 0.000000 9.989129 0.000000 0.000000 2.664297 0.000000 0.000000 
5000.00 1513.15 100.153492 80.537584 0.000000 13.421716 0.000000 0.000000 6.194192 0.000000 0.000000 
5000.00 1508.15 100.153199 74.019096 0.000000 16.556814 0.000000 0.000000 9.577289 0.000000 0.000000 
5000.00 1503.15 100.152797 67.895182 0.000000 19.434613 0.000000 0.000000 12.823003 0.000000 0.000000 
5000.00 1498.15 100.152357 62.157859 0.000000 22.077629 0.000000 0.000000 15.916868 0.000000 0.000000 
5000.00 1493.15 100.151946 56.815518 0.000000 24.501292 0.000000 0.000000 18.835136 0.000000 0.000000 
5000.00 1488.15 100.151617 51.870612 0.000000 26.721662 0.000000 0.000000 21.559343 0.000000 0.000000 
5000.00 1483.15 100.151408 47.310962 0.000000 28.757558 0.000000 0.000000 24.082888 0.000000 0.000000 
5000.00 1478.15 100.151390 43.076066 0.000000 30.053078 0.589497 0.000000 26.432747 0.000000 0.000000 
5000.00 1473.15 100.151659 39.114077 0.000000 30.080616 2.330797 0.000000 28.626169 0.000000 0.000000 
5000.00 1468.15 100.152136 35.470504 0.000000 30.135227 3.921280 0.000000 30.625125 0.000000 0.000000 
5000.00 1463.15 100.152833 32.109359 0.000000 30.218058 5.378283 0.000000 32.447134 0.000000 0.000000 
5000.00 1458.15 100.153771 29.006427 0.000000 30.329254 6.716897 0.000000 34.101193 0.000000 0.000000 
5000.00 1453.15 100.154986 26.150508 0.000000 30.468721 7.950974 0.000000 35.584784 0.000000 0.000000 
5000.00 1448.15 100.156542 23.543799 0.000000 30.636169 9.095385 0.000000 36.881189 0.000000 0.000000 
5000.00 1443.15 100.158519 21.195345 0.000000 30.830219 10.168606 0.000000 37.964349 0.000000 0.000000 
5000.00 1438.15 100.160984 19.104282 0.000000 31.047418 11.191853 0.000000 38.817431 0.000000 0.000000 
5000.00 1433.15 100.163982 17.149428 0.000000 31.297263 12.248351 0.000000 39.439130 0.000000 0.029809 
5000.00 1428.15 100.167468 15.376445 0.000000 31.563426 13.295695 0.000000 39.869091 0.000000 0.062810 
5000.00 1423.15 100.171337 13.768996 0.000000 31.841393 14.315988 0.000000 40.150525 0.000000 0.094435 
5000.00 1418.15 100.175455 12.313993 0.000000 32.128968 15.288931 0.000000 40.319367 0.000000 0.124196 
5000.00 1413.15 100.178330 10.304589 0.549164 32.542864 15.835128 0.000000 40.779800 0.000000 0.166784 
5000.00 1408.15 100.180175 7.512283 1.725735 33.113039 16.079795 0.000000 41.522072 0.000000 0.227252 
5000.00 1403.15 100.182501 4.618983 2.998683 33.761550 16.353740 0.000000 42.160217 0.000000 0.289328 
5000.00 1398.15 100.229455 0.000000 2.483676 37.295686 9.590475 0.000000 45.917529 4.561636 0.380453 
5000.00 1393.15 100.228788 0.000000 2.498671 37.086352 9.821902 0.000000 45.895658 4.545752 0.380453 
5000.00 1388.15 100.228120 0.000000 2.513884 36.887465 10.044061 0.000000 45.873116 4.529140 0.380453 
5000.00 1383.15 100.227450 0.000000 2.529328 36.698261 10.257756 0.000000 45.849879 4.511772 0.380453 
5000.00 1378.15 100.226779 0.000000 2.545017 36.518057 10.463714 0.000000 45.825920 4.493618 0.380453 
5000.00 1373.15 100.226106 0.000000 2.560965 36.346242 10.662589 0.000000 45.801213 4.474643 0.380453 
5000.00 1368.15 100.225431 0.000000 2.577190 36.182266 10.854977 0.000000 45.775730 4.454814 0.380453 
5000.00 1363.15 100.224753 0.000000 2.593710 36.025634 11.041419 0.000000 45.749442 4.434094 0.380453 
5000.00 1358.15 100.224072 0.000000 2.610543 35.875899 11.222411 0.000000 45.722319 4.412446 0.380453 
5000.00 1353.15 100.223388 0.000000 2.627713 35.732658 11.398405 0.000000 45.694330 4.389829 0.380453 
5000.00 1348.15 100.222701 0.000000 2.645243 35.595544 11.569817 0.000000 45.665443 4.366200 0.380453 
5000.00 1343.15 100.222009 0.000000 2.663157 35.464227 11.737031 0.000000 45.635624 4.341516 0.380453 
5000.00 1338.15 100.221313 0.000000 2.681486 35.338407 11.900397 0.000000 45.604839 4.315730 0.380453 
5000.00 1333.15 100.220611 0.000000 2.700258 35.217811 12.060243 0.000000 45.573054 4.288792 0.380453 
5000.00 1328.15 100.219904 0.000000 2.719508 35.102191 12.216869 0.000000 45.540232 4.260651 0.380453 
5000.00 1323.15 100.219190 0.000000 2.739272 34.991322 12.370553 0.000000 45.506336 4.231253 0.380453 
5000.00 1318.15 100.218468 0.000000 2.759591 34.885001 12.521550 0.000000 45.471330 4.200543 0.380453 
5000.00 1313.15 100.217739 0.000000 2.780508 34.783043 12.670096 0.000000 45.435177 4.168461 0.380453 
5000.00 1308.15 100.216999 0.000000 2.802071 34.685280 12.816408 0.000000 45.397838 4.134949 0.380453 
5000.00 1303.15 100.216250 0.000000 2.824334 34.591555 12.960672 0.000000 45.359288 4.099947 0.380453 
5000.00 1298.15 100.215488 0.000000 2.847357 34.501724 13.103059 0.000000 45.319500 4.063395 0.380453 
5000.00 1293.15 100.214714 0.000000 2.871199 34.415664 13.243727 0.000000 45.278440 4.025230 0.380453 
5000.00 1288.15 100.213924 0.000000 2.895929 34.333265 13.382814 0.000000 45.236078 3.985385 0.380453 
5000.00 1283.15 100.212846 0.000000 2.934769 34.085012 13.534524 0.202532 45.162900 3.912657 0.380453 
5000.00 1278.15 100.211248 0.000000 2.997294 33.572318 13.702719 0.727854 45.041970 3.788641 0.380453 
5000.00 1273.15 100.209566 0.000000 3.061624 33.087277 13.861144 1.227541 44.924419 3.667108 0.380453 
5000.00 1268.15 100.207802 0.000000 3.127772 32.628597 14.009976 1.702692 44.810255 3.548056 0.380453 
5000.00 1263.15 100.205955 0.000000 3.195745 32.195045 14.149402 2.154353 44.699479 3.431478 0.380453 
5000.00 1258.15 100.204027 0.000000 3.265548 31.785437 14.279619 2.583526 44.592081 3.317363 0.380453 
5000.00 1253.15 100.202017 0.000000 3.337178 31.398640 14.400837 2.991171 44.488048 3.205691 0.380453 
5000.00 1248.15 100.199928 0.000000 3.410629 31.033561 14.513275 3.378212 44.387355 3.096442 0.380453 

Title: MORB_Gale2013-2

Phase Volumes:
Pressure Temperature mass V liquid_0 olivine_0 clinopyroxene_0 clinopyroxene_1 clinopyroxene_2 feldspar_0 spinel_0 whitlockite 
5000.00 1573.15 100.150679 36.371938 36.371938 0.000000 0.000000 0.000000 0.000000 0.000000 0.000000 0.000000 
5000.00 1568.15 100.150837 36.359448 36.359448 0.000000 0.000000 0.000000 0.000000 0.000000 0.000000 0.000000 
5000.00 1563.15 100.151002 36.346962 36.346962 0.000000 0.000000 0.000000 0.000000 0.000000 0.000000 0.000000 
5000.00 1558.15 100.151172 36.334480 36.334480 0.000000 0.000000 0.000000 0.000000 0.000000 0.000000 0.000000 
5000.00 1553.15 100.151348 36.322002 36.322002 0.000000 0.000000 0.000000 0.000000 0.000000 0.000000 0.000000 
5000.00 1548.15 100.151530 36.309528 36.309528 0.000000 0.000000 0.000000 0.000000 0.000000 0.000000 0.000000 
5000.00 1543.15 100.151717 36.297059 36.297059 0.000000 0.000000 0.000000 0.000000 0.000000 0.000000 0.000000 
5000.00 1538.15 100.151912 36.284593 36.284593 0.000000 0.000000 0.000000 0.000000 0.000000 0.000000 0.000000 
5000.00 1533.15 100.152137 36.249431 36.103841 0.000000 0.145590 0.000000 0.000000 0.000000 0.000000 0.000000 
5000.00 1528.15 100.152631 36.088556 34.991431 0.000000 1.097125 0.000000 0.000000 0.000000 0.000000 0.000000 
5000.00 1523.15 100.153330 35.934361 33.928946 0.000000 2.005415 0.000000 0.000000 0.000000 0.000000 0.000000 
5000.00 1518.15 100.153611 35.727988 31.647680 0.000000 3.081487 0.000000 0.000000 0.998821 0.000000 0.000000 
5000.00 1513.15 100.153492 35.516595 29.057649 0.000000 4.134239 0.000000 0.000000 2.324706 0.000000 0.000000 
5000.00 1508.15 100.153199 35.321274 26.631154 0.000000 5.091871 0.000000 0.000000 3.598249 0.000000 0.000000 
5000.00 1503.15 100.152797 35.139992 24.350392 0.000000 5.966938 0.000000 0.000000 4.822662 0.000000 0.000000 
5000.00 1498.15 100.152357 34.971735 22.212910 0.000000 6.766657 0.000000 0.000000 5.992168 0.000000 0.000000 
5000.00 1493.15 100.151946 34.815883 20.222237 0.000000 7.496171 0.000000 0.000000 7.097475 0.000000 0.000000 
5000.00 1488.15 100.151617 34.671744 18.379595 0.000000 8.160868 0.000000 0.000000 8.131281 0.000000 0.000000 
5000.00 1483.15 100.151408 34.538414 16.680685 0.000000 8.766959 0.000000 0.000000 9.090770 0.000000 0.000000 
5000.00 1478.15 100.151390 34.414340 15.103747 0.000000 9.146271 0.178525 0.000000 9.985797 0.000000 0.000000 
5000.00 1473.15 100.151659 34.298041 13.630562 0.000000 9.140345 0.704525 0.000000 10.822609 0.000000 0.000000 
5000.00 1468.15 100.152136 34.189568 12.277148 0.000000 9.142657 1.183055 0.000000 11.586708 0.000000 0.000000 
5000.00 1463.15 100.152833 34.087973 11.030367 0.000000 9.153480 1.619643 0.000000 12.284483 0.000000 0.000000 
5000.00 1458.15 100.153771 33.992564 9.881587 0.000000 9.172777 2.019098 0.000000 12.919103 0.000000 0.000000 
5000.00 1453.15 100.154986 33.902892 8.827314 0.000000 9.200420 2.385822 0.000000 13.489336 0.000000 0.000000 
5000.00 1448.15 100.156542 33.818707 7.869537 0.000000 9.236187 2.724479 0.000000 13.988504 0.000000 0.000000 
5000.00 1443.15 100.158519 33.739835 7.013239 0.000000 9.279495 3.040756 0.000000 14.406346 0.000000 0.000000 
5000.00 1438.15 100.160984 33.665954 6.259524 0.000000 9.329149 3.341104 0.000000 14.736177 0.000000 0.000000 
5000.00 1433.15 100.163982 33.592287 5.568080 0.000000 9.387118 3.650182 0.000000 14.977525 0.000000 0.009381 
5000.00 1428.15 100.167468 33.521731 4.951856 0.000000 9.449143 3.955518 0.000000 15.145446 0.000000 0.019767 
5000.00 1423.15 100.171337 33.454695 4.402252 0.000000 9.514316 4.251954 0.000000 15.256453 0.000000 0.029720 
5000.00 1418.15 100.175455 33.391469 3.911946 0.000000 9.582488 4.533678 0.000000 15.324270 0.000000 0.039087 
5000.00 1413.15 100.178330 33.327195 3.250726 0.151999 9.682477 4.685289 0.000000 15.504214 0.000000 0.052490 
5000.00 1408.15 100.180175 33.254402 2.351606 0.474592 9.820108 4.743358 0.000000 15.793218 0.000000 0.071520 
5000.00 1403.15 100.182501 33.177366 1.435736 0.819438 9.978710 4.809226 0.000000 16.043200 0.000000 0.091057 
5000.00 1398.15 100.229455 33.255967 0.000000 0.678403 11.166934 2.840331 0.000000 17.459820 0.990743 0.119735 
5000.00 1393.15 100.228788 33.248486 0.000000 0.682226 11.102515 2.907855 0.000000 17.449336 0.986819 0.119735 
5000.00 1388.15 100.228120 33.240967 0.000000 0.686103 11.041200 2.972586 0.000000 17.438608 0.982735 0.119735 
5000.00 1383.15 100.227450 33.233406 0.000000 0.690036 10.982757 3.034764 0.000000 17.427626 0.978487 0.119735 
5000.00 1378.15 100.226779 33.225803 0.000000 0.694031 10.926982 3.094607 0.000000 17.416381 0.974068 0.119735 
5000.00 1373.15 100.226106 33.218155 0.000000 0.698089 10.873689 3.152309 0.000000 17.404863 0.969470 0.119735 
5000.00 1368.15 100.225431 33.210461 0.000000 0.702217 10.822711 3.208048 0.000000 17.393063 0.964687 0.119735 
5000.00 1363.15 100.224753 33.202719 0.000000 0.706417 10.773900 3.261986 0.000000 17.380969 0.959711 0.119735 
5000.00 1358.15 100.224072 33.194926 0.000000 0.710697 10.727119 3.314271 0.000000 17.368571 0.954533 0.119735 
5000.00 1353.15 100.223388 33.187080 0.000000 0.715060 10.682246 3.365036 0.000000 17.355857 0.949145 0.119735 
5000.00 1348.15 100.222701 33.179178 0.000000 0.719514 10.639170 3.414406 0.000000 17.342815 0.943538 0.119735 
5000.00 1343.15 100.222009 33.171219 0.000000 0.724064 10.597788 3.462494 0.000000 17.329434 0.937703 0.119735 
5000.00 1338.15 100.221313 33.163200 0.000000 0.728719 10.558009 3.509406 0.000000 17.315701 0.931630 0.119735 
5000.00 1333.15 100.220611 33.155118 0.000000 0.733487 10.519750 3.555236 0.000000 17.301602 0.925308 0.119735 
5000.00 1328.15 100.219904 33.146971 0.000000 0.738375 10.482934 3.600075 0.000000 17.287126 0.918726 0.119735 
5000.00 1323.15 100.219190 33.138755 0.000000 0.743393 10.447491 3.644004 0.000000 17.272258 0.911874 0.119735 
5000.00 1318.15 100.218468 33.130469 0.000000 0.748553 10.413357 3.687099 0.000000 17.256986 0.904738 0.119735 
5000.00 1313.15 100.217739 33.122109 0.000000 0.753865 10.380476 3.729429 0.000000 17.241294 0.897309 0.119735 
5000.00 1308.15 100.216999 33.113668 0.000000 0.759342 10.348794 3.771058 0.000000 17.225167 0.889571 0.119735 
5000.00 1303.15 100.216250 33.105100 0.000000 0.764998 10.318262 3.812041 0.000000 17.208549 0.881514 0.119735 
5000.00 1298.15 100.215488 33.096450 0.000000 0.770849 10.288834 3.852427 0.000000 17.191480 0.873125 0.119735 
5000.00 1293.15 100.214714 33.087717 0.000000 0.776910 10.260471 3.892263 0.000000 17.173948 0.864390 0.119735 
5000.00 1288.15 100.213924 33.078898 0.000000 0.783199 10.233138 3.931589 0.000000 17.155941 0.855296 0.119735 
5000.00 1283.15 100.212846 33.067956 0.000000 0.793223 10.157080 3.974331 0.057924 17.126637 0.839025 0.119735 
5000.00 1278.15 100.211248 33.053704 0.000000 0.809516 10.003518 4.021458 0.208059 17.079831 0.811586 0.119735 
5000.00 1273.15 100.209566 33.039661 0.000000 0.826271 9.858244 4.065677 0.350719 17.034276 0.784737 0.119735 
5000.00 1268.15 100.207802 33.025827 0.000000 0.843491 9.720873 4.107046 0.486231 16.989974 0.758477 0.119735 
5000.00 1263.15 100.205955 33.012203 0.000000 0.861176 9.591034 4.145624 0.614907 16.946924 0.732803 0.119735 
5000.00 1258.15 100.204027 32.998788 0.000000 0.879326 9.468374 4.181476 0.737045 16.905123 0.707709 0.119735 
5000.00 1253.15 100.202017 32.985581 0.000000 0.897939 9.352552 4.214666 0.852930 16.864566 0.683192 0.119735 
5000.00 1248.15 100.199928 32.972581 0.000000 0.917013 9.243243 4.245266 0.962837 16.825242 0.659245 0.119735 

Title: MORB_Gale2013-2

Solid Composition:
Pressure Temperature mass SiO2 TiO2 Al2O3 Fe2O3 FeO MnO MgO CaO Na2O K2O P2O5 
5000.00 1573.15 0.000000 ---
5000.00 1568.15 0.000000 ---
5000.00 1563.15 0.000000 ---
5000.00 1558.15 0.000000 ---
5000.00 1553.15 0.000000 ---
5000.00 1548.15 0.000000 ---
5000.00 1543.15 0.000000 ---
5000.00 1538.15 0.000000 ---
5000.00 1533.15 0.469987 50.7824 0.409551 5.59227 1.42245 5.63315 0 16.283 19.589 0.288172 0 0
5000.00 1528.15 3.546574 50.5533 0.446546 5.83038 1.48139 5.77253 0 16.0626 19.5522 0.301092 0 0
5000.00 1523.15 6.491748 50.3237 0.48531 6.0674 1.54038 5.91605 0 15.8458 19.507 0.314291 0 0
5000.00 1518.15 12.653426 50.2759 0.410446 11.5078 1.24307 4.92214 0 12.5168 18.1611 0.956603 0.00615694 0
5000.00 1513.15 19.615907 50.4017 0.377971 14.0931 1.09528 4.54638 0 10.9132 17.223 1.33886 0.0105048 0
5000.00 1508.15 26.134103 50.5538 0.370883 15.26 1.03232 4.4843 0 10.1585 16.5523 1.57392 0.0138684 0
5000.00 1503.15 32.257615 50.7089 0.373489 15.9201 1.00116 4.53444 0 9.69986 15.99 1.75488 0.0171153 0
5000.00 1498.15 37.994498 50.858 0.381727 16.3363 0.986814 4.63415 0 9.37574 15.499 1.90777 0.0205187 0
5000.00 1493.15 43.336428 50.9967 0.394235 16.613 0.983345 4.75572 0 9.12228 15.068 2.04248 0.0242014 0
5000.00 1488.15 48.281005 51.1231 0.410397 16.8012 0.987727 4.88505 0 8.90998 14.6906 2.16374 0.0282365 0
5000.00 1483.15 52.840446 51.2368 0.429799 16.9296 0.998071 5.01482 0 8.72396 14.36 2.27428 0.032681 0
5000.00 1478.15 57.075323 51.3357 0.453787 17.0195 1.01381 5.14502 0 8.55779 14.0611 2.37575 0.0376265 0
5000.00 1473.15 61.037582 51.4154 0.484738 17.0822 1.03546 5.27623 0 8.40749 13.7866 2.46869 0.0431656 0
5000.00 1468.15 64.681632 51.4818 0.519248 17.1193 1.06096 5.40046 0 8.26696 13.5476 2.5544 0.0492872 0
5000.00 1463.15 68.043475 51.5347 0.557282 17.1383 1.08986 5.51866 0 8.13512 13.3365 2.63349 0.0560512 0
5000.00 1458.15 71.147344 51.5732 0.598957 17.1441 1.12202 5.63173 0 8.01168 13.1489 2.70595 0.0634819 0
5000.00 1453.15 74.004478 51.5947 0.644602 17.1394 1.15767 5.74109 0 7.8973 12.9827 2.77109 0.071518 0
5000.00 1448.15 76.612743 51.5949 0.694839 17.1249 1.19742 5.84937 0 7.79377 12.8374 2.8274 0.0799386 0
5000.00 1443.15 78.963174 51.5681 0.750489 17.1 1.24211 5.96073 0 7.70362 12.7137 2.87289 0.088329 0
5000.00 1438.15 81.056702 51.5109 0.81207 17.0633 1.29226 6.07958 0 7.62849 12.6109 2.90635 0.0962023 0
5000.00 1433.15 83.014554 51.3948 0.884142 17.0006 1.35071 6.21709 0 7.56839 12.5393 2.92517 0.103328 0.016432
5000.00 1428.15 84.791023 51.2514 0.961721 16.9267 1.41413 6.36658 0 7.52007 12.4817 2.93428 0.109567 0.0338985
5000.00 1423.15 86.402341 51.0938 1.04117 16.8473 1.48029 6.52326 0 7.48028 12.432 2.93687 0.114974 0.0500159
5000.00 1418.15 87.861462 50.9319 1.11877 16.7662 1.54716 6.68171 0 7.44669 12.3878 2.9354 0.11963 0.0646862
5000.00 1413.15 89.873740 50.6673 1.20611 16.6462 1.60881 6.98739 0.0247423 7.40595 12.3042 2.93932 0.125027 0.0849224
5000.00 1408.15 92.667892 50.2685 1.31446 16.4616 1.67196 7.49736 0.0750546 7.3497 12.1741 2.9439 0.13112 0.112222
5000.00 1403.15 95.563517 49.8481 1.42496 16.251 1.74224 8.06716 0.122939 7.28662 12.0394 2.94273 0.136257 0.138547
5000.00 1398.15 100.229455 49.167 1.57123 15.8801 2.28498 8.67772 0.181809 7.17145 11.8065 2.94376 0.141702 0.173703
5000.00 1393.15 100.228788 49.1673 1.57124 15.8803 2.27836 8.68375 0.18181 7.1715 11.8066 2.94378 0.141703 0.173704
5000.00 1388.15 100.228120 49.1676 1.57125 15.8804 2.27172 8.6898 0.181811 7.17155 11.8067 2.9438 0.141704 0.173705
5000.00 1383.15 100.227450 49.1679 1.57126 15.8805 2.26507 8.69586 0.181812 7.1716 11.8068 2.94382 0.141705 0.173706
5000.00 1378.15 100.226779 49.1683 1.57127 15.8806 2.2584 8.70193 0.181814 7.17164 11.8069 2.94384 0.141706 0.173708
5000.00 1373.15 100.226106 49.1686 1.57128 15.8807 2.25171 8.70802 0.181815 7.17169 11.8069 2.94386 0.141707 0.173709
5000.00 1368.15 100.225431 49.1689 1.57129 15.8808 2.245 8.71413 0.181816 7.17174 11.807 2.94388 0.141708 0.17371
5000.00 1363.15 100.224753 49.1693 1.5713 15.8809 2.23826 8.72026 0.181817 7.17179 11.8071 2.9439 0.141709 0.173711
5000.00 1358.15 100.224072 49.1696 1.57131 15.881 2.2315 8.72642 0.181818 7.17184 11.8072 2.94392 0.14171 0.173712
5000.00 1353.15 100.223388 49.1699 1.57132 15.8811 2.22471 8.73261 0.18182 7.17189 11.8073 2.94394 0.141711 0.173713
5000.00 1348.15 100.222701 49.1703 1.57133 15.8812 2.21787 8.73883 0.181821 7.17194 11.8073 2.94396 0.141712 0.173715
5000.00 1343.15 100.222009 49.1706 1.57134 15.8813 2.211 8.74509 0.181822 7.17199 11.8074 2.94398 0.141713 0.173716
5000.00 1338.15 100.221313 49.1709 1.57135 15.8814 2.20408 8.75139 0.181823 7.17204 11.8075 2.944 0.141714 0.173717
5000.00 1333.15 100.220611 49.1713 1.57136 15.8815 2.19711 8.75774 0.181825 7.17209 11.8076 2.94402 0.141715 0.173718
5000.00 1328.15 100.219904 49.1716 1.57138 15.8817 2.19008 8.76414 0.181826 7.17214 11.8077 2.94404 0.141716 0.173719
5000.00 1323.15 100.219190 49.172 1.57139 15.8818 2.18298 8.7706 0.181827 7.17219 11.8078 2.94407 0.141717 0.173721
5000.00 1318.15 100.218468 49.1723 1.5714 15.8819 2.17581 8.77713 0.181829 7.17224 11.8078 2.94409 0.141718 0.173722
5000.00 1313.15 100.217739 49.1727 1.57141 15.882 2.16856 8.78373 0.18183 7.17229 11.8079 2.94411 0.141719 0.173723
5000.00 1308.15 100.216999 49.1731 1.57142 15.8821 2.16121 8.79042 0.181831 7.17234 11.808 2.94413 0.14172 0.173725
5000.00 1303.15 100.216250 49.1734 1.57143 15.8822 2.15376 8.79721 0.181833 7.1724 11.8081 2.94415 0.141721 0.173726
5000.00 1298.15 100.215488 49.1738 1.57144 15.8824 2.1462 8.8041 0.181834 7.17245 11.8082 2.94417 0.141722 0.173727
5000.00 1293.15 100.214714 49.1742 1.57146 15.8825 2.1385 8.81111 0.181835 7.17251 11.8083 2.9442 0.141723 0.173728
5000.00 1288.15 100.213924 49.1746 1.57147 15.8826 2.13065 8.81825 0.181837 7.17256 11.8084 2.94422 0.141724 0.17373
5000.00 1283.15 100.212846 49.1751 1.57149 15.8828 2.11994 8.82801 0.181839 7.17264 11.8085 2.94425 0.141726 0.173732
5000.00 1278.15 100.211248 49.1759 1.57151 15.883 2.10405 8.84248 0.181842 7.17276 11.8087 2.9443 0.141728 0.173734
5000.00 1273.15 100.209566 49.1767 1.57154 15.8833 2.08734 8.85769 0.181845 7.17288 11.8089 2.94435 0.14173 0.173737
5000.00 1268.15 100.207802 49.1776 1.57156 15.8836 2.0698 8.87366 0.181848 7.173 11.8091 2.9444 0.141733 0.17374
5000.00 1263.15 100.205955 49.1785 1.57159 15.8839 2.05145 8.89038 0.181851 7.17313 11.8093 2.94445 0.141735 0.173744
5000.00 1258.15 100.204027 49.1794 1.57162 15.8842 2.03228 8.90783 0.181855 7.17327 11.8095 2.94451 0.141738 0.173747
5000.00 1253.15 100.202017 49.1804 1.57166 15.8845 2.0123 8.92602 0.181858 7.17342 11.8098 2.94457 0.141741 0.17375
5000.00 1248.15 100.199928 49.1814 1.57169 15.8848 1.99153 8.94493 0.181862 7.17357 11.81 2.94463 0.141744 0.173754
Title: MORB_Gale2013-2

Bulk Composition:
Pressure Temperature mass SiO2 TiO2 Al2O3 Fe2O3 FeO MnO MgO CaO Na2O K2O P2O5 
5000.00 1573.15 100.150679 49.2056 1.57246 15.8926 1.50169 9.39098 0.181952 7.17709 11.8158 2.94608 0.141814 0.17384
5000.00 1568.15 100.150837 49.2055 1.57246 15.8926 1.50326 9.38955 0.181951 7.17708 11.8158 2.94607 0.141813 0.173839
5000.00 1563.15 100.151002 49.2055 1.57246 15.8926 1.5049 9.38806 0.181951 7.17707 11.8158 2.94607 0.141813 0.173839
5000.00 1558.15 100.151172 49.2054 1.57245 15.8926 1.50659 9.38651 0.181951 7.17706 11.8158 2.94606 0.141813 0.173839
5000.00 1553.15 100.151348 49.2053 1.57245 15.8925 1.50834 9.38492 0.181951 7.17705 11.8158 2.94606 0.141813 0.173838
5000.00 1548.15 100.151530 49.2052 1.57245 15.8925 1.51015 9.38327 0.18195 7.17703 11.8157 2.94605 0.141812 0.173838
5000.00 1543.15 100.151717 49.2051 1.57244 15.8925 1.51202 9.38157 0.18195 7.17702 11.8157 2.94605 0.141812 0.173838
5000.00 1538.15 100.151912 49.205 1.57244 15.8924 1.51396 9.37981 0.181949 7.177 11.8157 2.94604 0.141812 0.173837
5000.00 1533.15 100.152137 49.2049 1.57244 15.8924 1.5162 9.37777 0.181949 7.17699 11.8157 2.94604 0.141811 0.173837
5000.00 1528.15 100.152631 49.2047 1.57243 15.8923 1.52112 9.37329 0.181948 7.17695 11.8156 2.94602 0.141811 0.173836
5000.00 1523.15 100.153330 49.2043 1.57242 15.8922 1.52807 9.36696 0.181947 7.1769 11.8155 2.946 0.14181 0.173835
5000.00 1518.15 100.153611 49.2042 1.57242 15.8922 1.53087 9.36441 0.181946 7.17688 11.8155 2.94599 0.141809 0.173834
5000.00 1513.15 100.153492 49.2042 1.57242 15.8922 1.52968 9.36549 0.181947 7.17689 11.8155 2.946 0.14181 0.173835
5000.00 1508.15 100.153199 49.2044 1.57242 15.8922 1.52676 9.36815 0.181947 7.17691 11.8155 2.94601 0.14181 0.173835
5000.00 1503.15 100.152797 49.2046 1.57243 15.8923 1.52277 9.37179 0.181948 7.17694 11.8156 2.94602 0.141811 0.173836
5000.00 1498.15 100.152357 49.2048 1.57243 15.8924 1.51839 9.37578 0.181949 7.17697 11.8156 2.94603 0.141811 0.173837
5000.00 1493.15 100.151946 49.205 1.57244 15.8924 1.51429 9.3795 0.181949 7.177 11.8157 2.94604 0.141812 0.173837
5000.00 1488.15 100.151617 49.2052 1.57245 15.8925 1.51103 9.38248 0.18195 7.17703 11.8157 2.94605 0.141812 0.173838
5000.00 1483.15 100.151408 49.2053 1.57245 15.8925 1.50895 9.38437 0.18195 7.17704 11.8157 2.94606 0.141812 0.173838
5000.00 1478.15 100.151390 49.2053 1.57245 15.8925 1.50876 9.38454 0.18195 7.17704 11.8157 2.94606 0.141813 0.173838
5000.00 1473.15 100.151659 49.2051 1.57245 15.8925 1.51144 9.3821 0.18195 7.17702 11.8157 2.94605 0.141812 0.173838
5000.00 1468.15 100.152136 49.2049 1.57244 15.8924 1.51619 9.37777 0.181949 7.17699 11.8157 2.94604 0.141811 0.173837
5000.00 1463.15 100.152833 49.2046 1.57243 15.8923 1.52313 9.37146 0.181948 7.17694 11.8156 2.94602 0.14181 0.173836
5000.00 1458.15 100.153771 49.2041 1.57241 15.8921 1.53246 9.36296 0.181946 7.17687 11.8155 2.94599 0.141809 0.173834
5000.00 1453.15 100.154986 49.2035 1.57239 15.892 1.54455 9.35195 0.181944 7.17678 11.8153 2.94595 0.141807 0.173832
5000.00 1448.15 100.156542 49.2027 1.57237 15.8917 1.56003 9.33786 0.181941 7.17667 11.8151 2.94591 0.141805 0.173829
5000.00 1443.15 100.158519 49.2018 1.57234 15.8914 1.5797 9.31994 0.181937 7.17653 11.8149 2.94585 0.141802 0.173826
5000.00 1438.15 100.160984 49.2006 1.5723 15.891 1.60423 9.29761 0.181933 7.17635 11.8146 2.94578 0.141799 0.173822
5000.00 1433.15 100.163982 49.1991 1.57225 15.8905 1.63405 9.27045 0.181928 7.17614 11.8143 2.94569 0.141795 0.173816
5000.00 1428.15 100.167468 49.1974 1.5722 15.89 1.66874 9.23887 0.181921 7.17589 11.8138 2.94559 0.14179 0.17381
5000.00 1423.15 100.171337 49.1955 1.57214 15.8894 1.70721 9.20383 0.181914 7.17561 11.8134 2.94547 0.141784 0.173804
5000.00 1418.15 100.175455 49.1935 1.57207 15.8887 1.74818 9.16653 0.181907 7.17532 11.8129 2.94535 0.141778 0.173797
5000.00 1413.15 100.178330 49.192 1.57203 15.8883 1.77677 9.14049 0.181901 7.17511 11.8126 2.94527 0.141774 0.173792
5000.00 1408.15 100.180175 49.1911 1.572 15.888 1.79512 9.12378 0.181898 7.17498 11.8124 2.94521 0.141772 0.173788
5000.00 1403.15 100.182501 49.19 1.57196 15.8876 1.81825 9.10272 0.181894 7.17481 11.8121 2.94514 0.141768 0.173784
5000.00 1398.15 100.229455 49.167 1.57123 15.8801 2.28498 8.67772 0.181809 7.17145 11.8065 2.94376 0.141702 0.173703
5000.00 1393.15 100.228788 49.1673 1.57124 15.8803 2.27836 8.68375 0.18181 7.1715 11.8066 2.94378 0.141703 0.173704
5000.00 1388.15 100.228120 49.1676 1.57125 15.8804 2.27172 8.6898 0.181811 7.17155 11.8067 2.9438 0.141704 0.173705
5000.00 1383.15 100.227450 49.1679 1.57126 15.8805 2.26507 8.69586 0.181812 7.1716 11.8068 2.94382 0.141705 0.173706
5000.00 1378.15 100.226779 49.1683 1.57127 15.8806 2.2584 8.70193 0.181814 7.17164 11.8069 2.94384 0.141706 0.173708
5000.00 1373.15 100.226106 49.1686 1.57128 15.8807 2.25171 8.70802 0.181815 7.17169 11.8069 2.94386 0.141707 0.173709
5000.00 1368.15 100.225431 49.1689 1.57129 15.8808 2.245 8.71413 0.181816 7.17174 11.807 2.94388 0.141708 0.17371
5000.00 1363.15 100.224753 49.1693 1.5713 15.8809 2.23826 8.72026 0.181817 7.17179 11.8071 2.9439 0.141709 0.173711
5000.00 1358.15 100.224072 49.1696 1.57131 15.881 2.2315 8.72642 0.181818 7.17184 11.8072 2.94392 0.14171 0.173712
5000.00 1353.15 100.223388 49.1699 1.57132 15.8811 2.22471 8.73261 0.18182 7.17189 11.8073 2.94394 0.141711 0.173713
5000.00 1348.15 100.222701 49.1703 1.57133 15.8812 2.21787 8.73883 0.181821 7.17194 11.8073 2.94396 0.141712 0.173715
5000.00 1343.15 100.222009 49.1706 1.57134 15.8813 2.211 8.74509 0.181822 7.17199 11.8074 2.94398 0.141713 0.173716
5000.00 1338.15 100.221313 49.1709 1.57135 15.8814 2.20408 8.75139 0.181823 7.17204 11.8075 2.944 0.141714 0.173717
5000.00 1333.15 100.220611 49.1713 1.57136 15.8815 2.19711 8.75774 0.181825 7.17209 11.8076 2.94402 0.141715 0.173718
5000.00 1328.15 100.219904 49.1716 1.57138 15.8817 2.19008 8.76414 0.181826 7.17214 11.8077 2.94404 0.141716 0.173719
5000.00 1323.15 100.219190 49.172 1.57139 15.8818 2.18298 8.7706 0.181827 7.17219 11.8078 2.94407 0.141717 0.173721
5000.00 1318.15 100.218468 49.1723 1.5714 15.8819 2.17581 8.77713 0.181829 7.17224 11.8078 2.94409 0.141718 0.173722
5000.00 1313.15 100.217739 49.1727 1.57141 15.882 2.16856 8.78373 0.18183 7.17229 11.8079 2.94411 0.141719 0.173723
5000.00 1308.15 100.216999 49.1731 1.57142 15.8821 2.16121 8.79042 0.181831 7.17234 11.808 2.94413 0.14172 0.173725
5000.00 1303.15 100.216250 49.1734 1.57143 15.8822 2.15376 8.79721 0.181833 7.1724 11.8081 2.94415 0.141721 0.173726
5000.00 1298.15 100.215488 49.1738 1.57144 15.8824 2.1462 8.8041 0.181834 7.17245 11.8082 2.94417 0.141722 0.173727
5000.00 1293.15 100.214714 49.1742 1.57146 15.8825 2.1385 8.81111 0.181835 7.17251 11.8083 2.9442 0.141723 0.173728
5000.00 1288.15 100.213924 49.1746 1.57147 15.8826 2.13065 8.81825 0.181837 7.17256 11.8084 2.94422 0.141724 0.17373
5000.00 1283.15 100.212846 49.1751 1.57149 15.8828 2.11994 8.82801 0.181839 7.17264 11.8085 2.94425 0.141726 0.173732
5000.00 1278.15 100.211248 49.1759 1.57151 15.883 2.10405 8.84248 0.181842 7.17276 11.8087 2.9443 0.141728 0.173734
5000.00 1273.15 100.209566 49.1767 1.57154 15.8833 2.08734 8.85769 0.181845 7.17288 11.8089 2.94435 0.14173 0.173737
5000.00 1268.15 100.207802 49.1776 1.57156 15.8836 2.0698 8.87366 0.181848 7.173 11.8091 2.9444 0.141733 0.17374
5000.00 1263.15 100.205955 49.1785 1.57159 15.8839 2.05145 8.89038 0.181851 7.17313 11.8093 2.94445 0.141735 0.173744
5000.00 1258.15 100.204027 49.1794 1.57162 15.8842 2.03228 8.90783 0.181855 7.17327 11.8095 2.94451 0.141738 0.173747
5000.00 1253.15 100.202017 49.1804 1.57166 15.8845 2.0123 8.92602 0.181858 7.17342 11.8098 2.94457 0.141741 0.17375
5000.00 1248.15 100.199928 49.1814 1.57169 15.8848 1.99153 8.94493 0.181862 7.17357 11.81 2.94463 0.141744 0.173754
