Title: Gale2013MORB-9

Liquid Composition:
Pressure Temperature mass SiO2 TiO2 Al2O3 Fe2O3 FeO MnO MgO CaO Na2O K2O P2O5 
5000.00 1573.15 100.142588 50.4057 1.39578 15.8383 1.42118 8.80936 0.172183 6.91272 11.8728 2.87786 0.136054 0.158106
5000.00 1568.15 100.142738 50.4056 1.39578 15.8382 1.42267 8.808 0.172183 6.91271 11.8728 2.87786 0.136054 0.158106
5000.00 1563.15 100.142894 50.4056 1.39577 15.8382 1.42422 8.80659 0.172182 6.9127 11.8728 2.87785 0.136054 0.158106
5000.00 1558.15 100.143054 50.4055 1.39577 15.8382 1.42582 8.80514 0.172182 6.91269 11.8727 2.87785 0.136053 0.158105
5000.00 1553.15 100.143221 50.4054 1.39577 15.8382 1.42747 8.80363 0.172182 6.91268 11.8727 2.87784 0.136053 0.158105
5000.00 1548.15 100.143393 50.4053 1.39577 15.8381 1.42918 8.80208 0.172181 6.91266 11.8727 2.87784 0.136053 0.158105
5000.00 1543.15 100.143570 50.4052 1.39577 15.8381 1.43095 8.80047 0.172181 6.91265 11.8727 2.87783 0.136053 0.158105
5000.00 1538.15 100.143754 50.4051 1.39576 15.8381 1.43278 8.79881 0.172181 6.91264 11.8727 2.87783 0.136053 0.158104
5000.00 1533.15 98.923490 50.3981 1.40869 15.967 1.43567 8.8342 0.174305 6.79579 11.7785 2.90989 0.137731 0.160055
5000.00 1528.15 95.968788 50.3899 1.44002 16.2831 1.43917 8.91882 0.179671 6.51042 11.5416 2.99035 0.141971 0.164982
5000.00 1523.15 92.784336 50.3946 1.47514 16.5553 1.44525 9.02231 0.185838 6.2427 11.2881 3.07331 0.146769 0.170645
5000.00 1518.15 85.233945 50.3796 1.58451 16.362 1.50308 9.50263 0.2023 6.0826 10.861 3.17798 0.158485 0.185761
5000.00 1513.15 78.213588 50.3268 1.70318 16.1515 1.56272 9.9952 0.220458 5.91589 10.4799 3.27092 0.171002 0.202435
5000.00 1508.15 71.632410 50.2318 1.83343 15.9206 1.62477 10.5027 0.240713 5.74256 10.1465 3.35149 0.184444 0.221033
5000.00 1503.15 65.456945 50.0907 1.97691 15.6682 1.68944 11.0261 0.263423 5.56505 9.86087 3.41858 0.198856 0.241887
5000.00 1498.15 59.688301 49.9005 2.13444 15.3958 1.75651 11.5654 0.288881 5.38782 9.62036 3.47082 0.214179 0.265264
5000.00 1493.15 54.333109 49.6588 2.30633 15.1067 1.82552 12.1203 0.317354 5.21597 9.42053 3.50679 0.230282 0.291409
5000.00 1488.15 49.384806 49.363 2.49292 14.8044 1.89603 12.6912 0.349153 5.05386 9.25662 3.52525 0.246995 0.320608
5000.00 1483.15 44.820955 49.0095 2.69506 14.4912 1.96774 13.2798 0.384705 4.90474 9.12491 3.52498 0.264134 0.353253
5000.00 1478.15 40.606190 48.5932 2.91439 14.1672 2.04068 13.8894 0.424636 4.77049 9.02383 3.50475 0.281505 0.38992
5000.00 1473.15 36.637110 48.1102 3.15207 13.8177 2.11696 14.5266 0.470639 4.643 8.96606 3.46546 0.299203 0.432162
5000.00 1468.15 32.961003 47.5494 3.41051 13.4567 2.19467 15.1958 0.523128 4.53512 8.93524 3.40255 0.316538 0.48036
5000.00 1463.15 29.537359 46.8958 3.69461 13.0782 2.27464 15.9076 0.583764 4.44834 8.93503 3.31292 0.333048 0.536038
5000.00 1458.15 26.332876 46.1282 4.01136 12.6732 2.358 16.6771 0.654803 4.38523 8.97068 3.19215 0.348014 0.60127
5000.00 1453.15 23.321003 45.2164 4.37077 12.2293 2.4463 17.5254 0.739369 4.34974 9.04943 3.03412 0.360317 0.678923
5000.00 1448.15 20.484784 44.1217 4.7865 11.7292 2.54136 18.4795 0.841739 4.34719 9.18006 2.83152 0.368258 0.772923
5000.00 1443.15 17.829292 42.8121 5.27194 11.1578 2.644 19.5591 0.967107 4.38163 9.36849 2.58022 0.369633 0.888042
5000.00 1438.15 15.359673 41.3592 5.82753 10.5425 2.74805 20.7505 1.1226 4.43973 9.55996 2.29816 0.36364 0.988119
5000.00 1433.15 13.164878 39.9549 6.4022 9.96382 2.83918 21.9155 1.30976 4.49066 9.69229 2.02987 0.352874 1.04904
5000.00 1428.15 11.319111 38.7354 6.92391 9.47865 2.9093 22.8758 1.52334 4.51499 9.78109 1.80678 0.341624 1.10915
5000.00 1423.15 9.745567 37.7368 7.37009 9.10103 2.95841 23.6003 1.7693 4.50811 9.82558 1.63107 0.332475 1.16677
5000.00 1418.15 8.370901 36.919 7.74463 8.81297 2.99035 24.1176 2.05985 4.47702 9.83906 1.48981 0.325583 1.22416
5000.00 1413.15 7.158084 36.2349 8.05589 8.59497 3.00833 24.4579 2.40886 4.42977 9.83363 1.37092 0.320298 1.28455
5000.00 1408.15 6.097809 35.6474 8.3112 8.43274 3.01446 24.6424 2.82771 4.37303 9.81784 1.26621 0.315897 1.35108
5000.00 1403.15 5.191255 35.1281 8.51758 8.31584 3.01041 24.6882 3.32152 4.31181 9.79752 1.17075 0.311813 1.42641
5000.00 1398.15 4.435532 34.656 8.68246 8.23554 2.9978 24.6126 3.88743 4.24941 9.77667 1.0819 0.307691 1.51252
5000.00 1393.15 3.107628 34.272 9.36928 8.14195 2.96101 23.9862 4.34191 4.06765 9.99932 0.91188 0.318059 1.63072
5000.00 1388.15 1.677809 35.4277 10.7389 8.79591 2.58069 18.802 6.0804 3.597 11.0297 0.54992 0.386518 2.01119
5000.00 1383.15 1.145454 35.2249 11.4953 8.76594 2.51476 17.889 6.40708 3.4319 11.2614 0.459772 0.402232 2.14762
5000.00 1378.15 0.000000 ---
5000.00 1373.15 0.000000 ---
5000.00 1368.15 0.000000 ---
5000.00 1363.15 0.000000 ---
5000.00 1358.15 0.000000 ---
5000.00 1353.15 0.000000 ---
5000.00 1348.15 0.000000 ---
5000.00 1343.15 0.000000 ---
5000.00 1338.15 0.000000 ---
5000.00 1333.15 0.000000 ---
5000.00 1328.15 0.000000 ---
5000.00 1323.15 0.000000 ---
5000.00 1318.15 0.000000 ---
5000.00 1313.15 0.000000 ---
5000.00 1308.15 0.000000 ---
5000.00 1303.15 0.000000 ---
5000.00 1298.15 0.000000 ---
5000.00 1293.15 0.000000 ---
5000.00 1288.15 0.000000 ---
5000.00 1283.15 0.000000 ---
5000.00 1278.15 0.000000 ---
5000.00 1273.15 0.000000 ---
5000.00 1268.15 0.000000 ---
5000.00 1263.15 0.000000 ---
5000.00 1258.15 0.000000 ---
5000.00 1253.15 0.000000 ---
5000.00 1248.15 0.000000 ---
5000.00 1243.15 0.000000 ---
5000.00 1238.15 0.000000 ---
5000.00 1233.15 0.000000 ---
5000.00 1228.15 0.000000 ---
5000.00 1223.15 0.000000 ---
5000.00 1218.15 0.000000 ---