Title: Gale2013MORB-9

Phase Volumes:
Pressure Temperature mass V liquid_0 olivine_0 clinopyroxene_0 clinopyroxene_1 clinopyroxene_2 feldspar_0 spinel_0 rhm-oxide_0 whitlockite 
5000.00 1573.15 100.142588 36.594627 36.594627 0.000000 0.000000 0.000000 0.000000 0.000000 0.000000 0.000000 0.000000 
5000.00 1568.15 100.142738 36.582346 36.582346 0.000000 0.000000 0.000000 0.000000 0.000000 0.000000 0.000000 0.000000 
5000.00 1563.15 100.142894 36.570068 36.570068 0.000000 0.000000 0.000000 0.000000 0.000000 0.000000 0.000000 0.000000 
5000.00 1558.15 100.143054 36.557795 36.557795 0.000000 0.000000 0.000000 0.000000 0.000000 0.000000 0.000000 0.000000 
5000.00 1553.15 100.143221 36.545525 36.545525 0.000000 0.000000 0.000000 0.000000 0.000000 0.000000 0.000000 0.000000 
5000.00 1548.15 100.143393 36.533259 36.533259 0.000000 0.000000 0.000000 0.000000 0.000000 0.000000 0.000000 0.000000 
5000.00 1543.15 100.143570 36.520997 36.520997 0.000000 0.000000 0.000000 0.000000 0.000000 0.000000 0.000000 0.000000 
5000.00 1538.15 100.143754 36.508739 36.508739 0.000000 0.000000 0.000000 0.000000 0.000000 0.000000 0.000000 0.000000 
5000.00 1533.15 100.143957 36.437594 36.059425 0.000000 0.378169 0.000000 0.000000 0.000000 0.000000 0.000000 0.000000 
5000.00 1528.15 100.144319 36.282953 34.990877 0.000000 1.292076 0.000000 0.000000 0.000000 0.000000 0.000000 0.000000 
5000.00 1523.15 100.144815 36.128157 33.835480 0.000000 2.189153 0.000000 0.000000 0.103523 0.000000 0.000000 0.000000 
5000.00 1518.15 100.144599 35.898968 31.026453 0.000000 3.341341 0.000000 0.000000 1.531174 0.000000 0.000000 0.000000 
5000.00 1513.15 100.144137 35.688800 28.412581 0.000000 4.381175 0.000000 0.000000 2.895045 0.000000 0.000000 0.000000 
5000.00 1508.15 100.143481 35.494500 25.960835 0.000000 5.327338 0.000000 0.000000 4.206327 0.000000 0.000000 0.000000 
5000.00 1503.15 100.142696 35.314372 23.659450 0.000000 6.190832 0.000000 0.000000 5.464090 0.000000 0.000000 0.000000 
5000.00 1498.15 100.141849 35.147536 21.509412 0.000000 6.978460 0.000000 0.000000 6.659664 0.000000 0.000000 0.000000 
5000.00 1493.15 100.141004 34.993271 19.513655 0.000000 7.696170 0.000000 0.000000 7.783446 0.000000 0.000000 0.000000 
5000.00 1488.15 100.140208 34.850659 17.670102 0.000000 8.350683 0.000000 0.000000 8.829874 0.000000 0.000000 0.000000 
5000.00 1483.15 100.139488 34.718586 15.970683 0.000000 8.949377 0.000000 0.000000 9.798526 0.000000 0.000000 0.000000 
5000.00 1478.15 100.138862 34.595838 14.402474 0.000000 9.479639 0.020154 0.000000 10.693570 0.000000 0.000000 0.000000 
5000.00 1473.15 100.138443 34.480378 12.928513 0.000000 9.421711 0.594104 0.000000 11.536050 0.000000 0.000000 0.000000 
5000.00 1468.15 100.138144 34.372140 11.565366 0.000000 9.374930 1.121513 0.000000 12.310331 0.000000 0.000000 0.000000 
5000.00 1463.15 100.137954 34.270158 10.298017 0.000000 9.338994 1.608014 0.000000 13.025134 0.000000 0.000000 0.000000 
5000.00 1458.15 100.137857 34.173674 9.114058 0.000000 9.312950 2.058631 0.000000 13.688036 0.000000 0.000000 0.000000 
5000.00 1453.15 100.137833 34.082121 8.003554 0.000000 9.295553 2.477623 0.000000 14.305391 0.000000 0.000000 0.000000 
5000.00 1448.15 100.137863 33.995146 6.960246 0.000000 9.285565 2.868436 0.000000 14.880900 0.000000 0.000000 0.000000 
5000.00 1443.15 100.137963 33.912778 5.986676 0.000000 9.282117 3.233842 0.000000 15.410143 0.000000 0.000000 0.000000 
5000.00 1438.15 100.138246 33.833862 5.088682 0.000000 9.286134 3.584642 0.000000 15.869893 0.000000 0.000000 0.004511 
5000.00 1433.15 100.138986 33.759443 4.303260 0.000000 9.297234 3.925729 0.000000 16.219309 0.000000 0.000000 0.013911 
5000.00 1428.15 100.140317 33.691950 3.656591 0.000000 9.312615 4.250171 0.000000 16.450026 0.000000 0.000000 0.022548 
5000.00 1423.15 100.142094 33.630097 3.117775 0.000000 9.330536 4.560355 0.000000 16.590743 0.000000 0.000000 0.030689 
5000.00 1418.15 100.144092 33.572887 2.656611 0.000000 9.349594 4.855797 0.000000 16.672470 0.000000 0.000000 0.038416 
5000.00 1413.15 100.146096 33.520151 2.256526 0.000000 9.368693 5.132650 0.000000 16.716629 0.000000 0.000000 0.045653 
5000.00 1408.15 100.147921 33.472309 1.911350 0.000000 9.386923 5.384864 0.000000 16.736943 0.000000 0.000000 0.052230 
5000.00 1403.15 100.149434 33.429869 1.619192 0.000000 9.403571 5.606765 0.000000 16.742377 0.000000 0.000000 0.057964 
5000.00 1398.15 100.150570 33.392983 1.377509 0.000000 9.418217 5.795659 0.000000 16.738846 0.000000 0.000000 0.062751 
5000.00 1393.15 100.148387 33.350304 0.962798 0.105530 9.398482 5.986879 0.000000 16.822577 0.000000 0.000000 0.074038 
5000.00 1388.15 100.146399 33.421232 0.529503 0.148255 9.678219 5.025854 0.000000 17.552911 0.400807 0.000000 0.085683 
5000.00 1383.15 100.141763 33.403727 0.361601 0.199386 9.603337 5.133074 0.000000 17.615372 0.398985 0.000000 0.091972 
5000.00 1378.15 100.136520 33.370473 0.000000 0.312472 9.652673 5.155273 0.000000 17.727736 0.315856 0.097573 0.108890 
5000.00 1373.15 100.135892 33.361137 0.000000 0.315551 9.627659 5.197939 0.000000 17.705792 0.307421 0.097886 0.108890 
5000.00 1368.15 100.135241 33.351708 0.000000 0.318730 9.603646 5.240257 0.000000 17.683346 0.298795 0.098044 0.108890 
5000.00 1363.15 100.134564 33.342179 0.000000 0.322014 9.580544 5.282375 0.000000 17.660359 0.289966 0.098031 0.108890 
5000.00 1358.15 100.133860 33.332539 0.000000 0.325408 9.558261 5.324451 0.000000 17.636785 0.280918 0.097826 0.108890 
5000.00 1353.15 100.133127 33.322779 0.000000 0.328918 9.536710 5.366653 0.000000 17.612570 0.271635 0.097404 0.108890 
5000.00 1348.15 100.132361 33.312887 0.000000 0.332549 9.515801 5.409165 0.000000 17.587649 0.262094 0.096739 0.108890 
5000.00 1343.15 100.131560 33.302848 0.000000 0.336309 9.495441 5.452193 0.000000 17.561945 0.252271 0.095798 0.108890 
5000.00 1338.15 100.130722 33.292644 0.000000 0.340208 9.475532 5.495974 0.000000 17.535366 0.242135 0.094540 0.108890 
5000.00 1333.15 100.129841 33.282252 0.000000 0.344254 9.455966 5.540783 0.000000 17.507795 0.231647 0.092917 0.108890 
5000.00 1328.15 100.128912 33.271646 0.000000 0.348461 9.436622 5.586955 0.000000 17.479089 0.220757 0.090871 0.108890 
5000.00 1323.15 100.126721 33.253495 0.000000 0.355554 9.218871 5.690076 0.197275 17.410374 0.196186 0.076269 0.108890 
5000.00 1318.15 100.122660 33.224561 0.000000 0.366710 8.723899 5.872349 0.672030 17.284586 0.152543 0.043554 0.108890 
5000.00 1313.15 100.118435 33.195316 0.000000 0.378027 8.239770 6.053582 1.138768 17.157320 0.109012 0.009947 0.108890 
5000.00 1308.15 100.116047 33.175992 0.000000 0.387909 8.024141 6.131644 1.362450 17.081437 0.079521 0.000000 0.108890 
5000.00 1303.15 100.114384 33.161068 0.000000 0.397450 7.925416 6.164381 1.479522 17.028717 0.056692 0.000000 0.108890 
5000.00 1298.15 100.112636 33.146485 0.000000 0.407334 7.837058 6.193434 1.586828 16.978009 0.034933 0.000000 0.108890 
5000.00 1293.15 100.110806 33.132236 0.000000 0.417564 7.758302 6.218959 1.685029 16.929278 0.014214 0.000000 0.108890 
5000.00 1288.15 100.109104 33.120100 0.000000 0.425961 7.702371 6.232433 1.757932 16.892513 0.000000 0.000000 0.108890 
5000.00 1283.15 100.107901 33.112587 0.000000 0.428979 7.685466 6.222971 1.784556 16.881726 0.000000 0.000000 0.108890 
5000.00 1278.15 100.106700 33.105083 0.000000 0.431998 7.669759 6.213710 1.809762 16.870964 0.000000 0.000000 0.108890 
5000.00 1273.15 100.105500 33.097589 0.000000 0.435018 7.655151 6.204646 1.833656 16.860228 0.000000 0.000000 0.108890 
5000.00 1268.15 100.104302 33.090104 0.000000 0.438035 7.641550 6.195780 1.856334 16.849515 0.000000 0.000000 0.108890 
5000.00 1263.15 100.103106 33.082628 0.000000 0.441049 7.628876 6.187107 1.877880 16.838825 0.000000 0.000000 0.108890 
5000.00 1258.15 100.101912 33.075161 0.000000 0.444058 7.617056 6.178628 1.898373 16.828156 0.000000 0.000000 0.108890 
5000.00 1253.15 100.100720 33.067702 0.000000 0.447060 7.606024 6.170340 1.917882 16.817507 0.000000 0.000000 0.108890 
5000.00 1248.15 100.099530 33.060252 0.000000 0.450054 7.595722 6.162241 1.936470 16.806875 0.000000 0.000000 0.108890 
5000.00 1243.15 100.098344 33.052810 0.000000 0.453038 7.586096 6.154331 1.954196 16.796260 0.000000 0.000000 0.108890 
5000.00 1238.15 100.097160 33.045377 0.000000 0.456009 7.577099 6.146608 1.971112 16.785658 0.000000 0.000000 0.108890 
5000.00 1233.15 100.095979 33.037950 0.000000 0.458967 7.568687 6.139071 1.987266 16.775069 0.000000 0.000000 0.108890 
5000.00 1228.15 100.094801 33.030531 0.000000 0.461909 7.560820 6.131720 2.002703 16.764490 0.000000 0.000000 0.108890 
5000.00 1223.15 100.093626 33.023119 0.000000 0.464833 7.553463 6.124552 2.017463 16.753918 0.000000 0.000000 0.108890 
5000.00 1218.15 100.092455 33.015714 0.000000 0.467738 7.546583 6.117568 2.031583 16.743352 0.000000 0.000000 0.108890 
