Title: Gale2013MORB-9

liquid_0 thermodynamic data and composition:
Pressure Temperature mass S H V Cp viscosity SiO2 TiO2 Al2O3 Fe2O3 FeO MnO MgO CaO Na2O K2O P2O5 Mg#
5000.00 1573.15 100.142588 275.669671 -1189573.639706 36.594627 149.520859 2.064 50.4057 1.39578 15.8383 1.42118 8.80936 0.172183 6.91272 11.8728 2.87786 0.136054 0.158106 58.3
5000.00 1568.15 100.142738 275.194012 -1190323.378389 36.582346 149.521628 2.085 50.4056 1.39578 15.8382 1.42267 8.808 0.172183 6.91271 11.8728 2.87786 0.136054 0.158106 58.3
5000.00 1563.15 100.142894 274.716840 -1191073.201372 36.570068 149.522425 2.105 50.4056 1.39577 15.8382 1.42422 8.80659 0.172182 6.9127 11.8728 2.87785 0.136054 0.158106 58.3
5000.00 1558.15 100.143054 274.238145 -1191823.110192 36.557795 149.523250 2.125 50.4055 1.39577 15.8382 1.42582 8.80514 0.172182 6.91269 11.8727 2.87785 0.136053 0.158105 58.3
5000.00 1553.15 100.143221 273.757917 -1192573.106419 36.545525 149.524103 2.146 50.4054 1.39577 15.8382 1.42747 8.80363 0.172182 6.91268 11.8727 2.87784 0.136053 0.158105 58.3
5000.00 1548.15 100.143393 273.276145 -1193323.191655 36.533259 149.524986 2.167 50.4053 1.39577 15.8381 1.42918 8.80208 0.172181 6.91266 11.8727 2.87784 0.136053 0.158105 58.3
5000.00 1543.15 100.143570 272.792819 -1194073.367536 36.520997 149.525897 2.188 50.4052 1.39577 15.8381 1.43095 8.80047 0.172181 6.91265 11.8727 2.87783 0.136053 0.158105 58.3
5000.00 1538.15 100.143754 272.307930 -1194823.635733 36.508739 149.526838 2.209 50.4051 1.39576 15.8381 1.43278 8.79881 0.172181 6.91264 11.8727 2.87783 0.136053 0.158104 58.3
5000.00 1533.15 98.923490 268.529916 -1180716.400437 36.059425 147.604805 2.240 50.3981 1.40869 15.967 1.43567 8.8342 0.174305 6.79579 11.7785 2.90989 0.137731 0.160055 57.8
5000.00 1528.15 95.968788 260.094226 -1145545.410612 34.990877 142.958017 2.288 50.3899 1.44002 16.2831 1.43917 8.91882 0.179671 6.51042 11.5416 2.99035 0.141971 0.164982 56.5
5000.00 1523.15 92.784336 251.061360 -1107371.943318 33.835480 137.980413 2.335 50.3946 1.47514 16.5553 1.44525 9.02231 0.185838 6.2427 11.2881 3.07331 0.146769 0.170645 55.2
5000.00 1518.15 85.233945 230.223989 -1012665.046718 31.026453 126.398381 2.351 50.3796 1.58451 16.362 1.50308 9.50263 0.2023 6.0826 10.861 3.17798 0.158485 0.185761 53.3
5000.00 1513.15 78.213588 210.865963 -924815.713403 28.412581 115.659298 2.362 50.3268 1.70318 16.1515 1.56272 9.9952 0.220458 5.91589 10.4799 3.27092 0.171002 0.202435 51.3
5000.00 1508.15 71.632410 192.740122 -842687.667192 25.960835 105.622721 2.368 50.2318 1.83343 15.9206 1.62477 10.5027 0.240713 5.74256 10.1465 3.35149 0.184444 0.221033 49.4
5000.00 1503.15 65.456945 175.755037 -765863.733047 23.659450 96.236098 2.369 50.0907 1.97691 15.6682 1.68944 11.0261 0.263423 5.56505 9.86087 3.41858 0.198856 0.241887 47.4
5000.00 1498.15 59.688301 159.912321 -694352.555530 21.509412 87.498967 2.363 49.9005 2.13444 15.3958 1.75651 11.5654 0.288881 5.38782 9.62036 3.47082 0.214179 0.265264 45.4
5000.00 1493.15 54.333109 145.227663 -628222.968705 19.513655 79.418338 2.351 49.6588 2.30633 15.1067 1.82552 12.1203 0.317354 5.21597 9.42053 3.50679 0.230282 0.291409 43.4
5000.00 1488.15 49.384806 131.680406 -567372.751257 17.670102 71.980527 2.332 49.363 2.49292 14.8044 1.89603 12.6912 0.349153 5.05386 9.25662 3.52525 0.246995 0.320608 41.5
5000.00 1483.15 44.820955 119.206753 -511499.362450 15.970683 65.147645 2.305 49.0095 2.69506 14.4912 1.96774 13.2798 0.384705 4.90474 9.12491 3.52498 0.264134 0.353253 39.7
5000.00 1478.15 40.606190 107.709890 -460138.171825 14.402474 57.454012 2.270 48.5932 2.91439 14.1672 2.04068 13.8894 0.424636 4.77049 9.02383 3.50475 0.281505 0.38992 38.0
5000.00 1473.15 36.637110 96.911208 -412026.975279 12.928513 51.720618 2.227 48.1102 3.15207 13.8177 2.11696 14.5266 0.470639 4.643 8.96606 3.46546 0.299203 0.432162 36.3
5000.00 1468.15 32.961003 86.930333 -367707.639124 11.565366 46.434409 2.173 47.5494 3.41051 13.4567 2.19467 15.1958 0.523128 4.53512 8.93524 3.40255 0.316538 0.48036 34.7
5000.00 1463.15 29.537359 77.655716 -326659.777639 10.298017 41.533106 2.108 46.8958 3.69461 13.0782 2.27464 15.9076 0.583764 4.44834 8.93503 3.31292 0.333048 0.536038 33.3
5000.00 1458.15 26.332876 68.995444 -288453.012449 9.114058 36.965504 2.029 46.1282 4.01136 12.6732 2.358 16.6771 0.654803 4.38523 8.97068 3.19215 0.348014 0.60127 31.9
5000.00 1453.15 23.321003 60.875902 -252740.929317 8.003554 32.690577 1.932 45.2164 4.37077 12.2293 2.4463 17.5254 0.739369 4.34974 9.04943 3.03412 0.360317 0.678923 30.7
5000.00 1448.15 20.484784 53.249466 -219298.852794 6.960246 28.681204 1.811 44.1217 4.7865 11.7292 2.54136 18.4795 0.841739 4.34719 9.18006 2.83152 0.368258 0.772923 29.5
5000.00 1443.15 17.829292 46.128332 -188188.139971 5.986676 24.941154 1.665 42.8121 5.27194 11.1578 2.644 19.5591 0.967107 4.38163 9.36849 2.58022 0.369633 0.888042 28.5
5000.00 1438.15 15.359673 39.534432 -159570.288834 5.088682 21.465661 1.502 41.3592 5.82753 10.5425 2.74805 20.7505 1.1226 4.43973 9.55996 2.29816 0.36364 0.988119 27.6
5000.00 1433.15 13.164878 33.710491 -134621.301248 4.303260 18.374484 1.346 39.9549 6.4022 9.96382 2.83918 21.9155 1.30976 4.49066 9.69229 2.02987 0.352874 1.04904 26.8
5000.00 1428.15 11.319111 28.845128 -114174.483556 3.656591 15.778440 1.214 38.7354 6.92391 9.47865 2.9093 22.8758 1.52334 4.51499 9.78109 1.80678 0.341624 1.10915 26.0
5000.00 1423.15 9.745567 24.728064 -97216.839207 3.117775 13.568275 1.108 37.7368 7.37009 9.10103 2.95841 23.6003 1.7693 4.50811 9.82558 1.63107 0.332475 1.16677 25.4
5000.00 1418.15 8.370901 21.157140 -82761.675094 2.656611 11.640609 1.022 36.919 7.74463 8.81297 2.99035 24.1176 2.05985 4.47702 9.83906 1.48981 0.325583 1.22416 24.9
5000.00 1413.15 7.158084 18.026780 -70261.818494 2.256526 9.943037 0.951 36.2349 8.05589 8.59497 3.00833 24.4579 2.40886 4.42977 9.83363 1.37092 0.320298 1.28455 24.4
5000.00 1408.15 6.097809 15.304908 -59504.911307 1.911350 8.461801 0.888 35.6474 8.3112 8.43274 3.01446 24.6424 2.82771 4.37303 9.81784 1.26621 0.315897 1.35108 24.0
5000.00 1403.15 5.191255 12.987792 -50418.261614 1.619192 7.197637 0.830 35.1281 8.51758 8.31584 3.01041 24.6882 3.32152 4.31181 9.79752 1.17075 0.311813 1.42641 23.7
5000.00 1398.15 4.435532 11.062734 -42913.159212 1.377509 6.145590 0.775 34.656 8.68246 8.23554 2.9978 24.6126 3.88743 4.24941 9.77667 1.0819 0.307691 1.51252 23.5
5000.00 1393.15 3.107628 7.724982 -30110.196801 0.962798 4.304840 0.748 34.272 9.36928 8.14195 2.96101 23.9862 4.34191 4.06765 9.99932 0.91188 0.318059 1.63072 23.2
5000.00 1388.15 1.677809 4.168223 -16923.257683 0.529503 2.336329 0.884 35.4277 10.7389 8.79591 2.58069 18.802 6.0804 3.597 11.0297 0.54992 0.386518 2.01119 25.4
5000.00 1383.15 1.145454 2.838206 -11615.765624 0.361601 1.596170 0.884 35.2249 11.4953 8.76594 2.51476 17.889 6.40708 3.4319 11.2614 0.459772 0.402232 2.14762 25.5

olivine_0 thermodynamic data and composition:
Pressure Temperature mass S H V Cp formula SiO2 TiO2 Al2O3 Fe2O3 FeO MnO MgO CaO Na2O K2O P2O5
5000.00 1393.15 0.395856 0.883066 -3537.387326 0.105530 0.425375 (Ca0.01Mg0.42Fe''0.46Mn0.12Co0.00Ni0.00)2SiO4 33.8564 0 0 0 37.5892 9.47264 18.6232 0.458573 0 0 0
5000.00 1388.15 0.558392 1.241128 -4944.144578 0.148255 0.595333 (Ca0.01Mg0.40Fe''0.45Mn0.16Co0.00Ni0.00)2SiO4 33.6162 0 0 0 35.779 12.6096 17.5273 0.467979 0 0 0
5000.00 1383.15 0.752877 1.668387 -6630.198069 0.199386 0.800032 (Ca0.01Mg0.39Fe''0.45Mn0.17Co0.00Ni0.00)2SiO4 33.5106 0 0 0 35.8097 13.1546 17.0628 0.462201 0 0 0
5000.00 1378.15 1.182570 2.613090 -10364.060982 0.312472 1.253400 (Ca0.01Mg0.38Fe''0.45Mn0.17Co0.00Ni0.00)2SiO4 33.4265 0 0 0 36.1467 13.2712 16.6986 0.456861 0 0 0
5000.00 1373.15 1.194644 2.635005 -10473.148764 0.315551 1.265701 (Ca0.01Mg0.38Fe''0.45Mn0.17Co0.00Ni0.00)2SiO4 33.4263 0 0 0 36.2702 13.1531 16.7029 0.447467 0 0 0
5000.00 1368.15 1.207116 2.657669 -10585.556094 0.318730 1.278396 (Ca0.01Mg0.38Fe''0.46Mn0.17Co0.00Ni0.00)2SiO4 33.4257 0 0 0 36.3954 13.0349 16.7057 0.438214 0 0 0
5000.00 1363.15 1.220003 2.681116 -10701.425002 0.322014 1.291505 (Ca0.01Mg0.38Fe''0.46Mn0.16Co0.00Ni0.00)2SiO4 33.4248 0 0 0 36.5222 12.9169 16.707 0.429102 0 0 0
5000.00 1358.15 1.233326 2.705383 -10820.912200 0.325408 1.305047 (Ca0.01Mg0.38Fe''0.46Mn0.16Co0.00Ni0.00)2SiO4 33.4235 0 0 0 36.6509 12.7989 16.7066 0.42013 0 0 0
5000.00 1353.15 1.247108 2.730514 -10944.192447 0.328918 1.319045 (Ca0.01Mg0.38Fe''0.46Mn0.16Co0.00Ni0.00)2SiO4 33.4218 0 0 0 36.7815 12.681 16.7043 0.411299 0 0 0
5000.00 1348.15 1.261375 2.756559 -11071.463016 0.332549 1.333522 (Ca0.01Mg0.38Fe''0.46Mn0.16Co0.00Ni0.00)2SiO4 33.4197 0 0 0 36.9142 12.5634 16.7001 0.402609 0 0 0
5000.00 1343.15 1.276157 2.783574 -11202.949727 0.336309 1.348510 (Ca0.01Mg0.38Fe''0.46Mn0.16Co0.00Ni0.00)2SiO4 33.4171 0 0 0 37.0491 12.4461 16.6937 0.394061 0 0 0
5000.00 1338.15 1.291490 2.811626 -11338.915238 0.340208 1.364041 (Ca0.01Mg0.38Fe''0.47Mn0.16Co0.00Ni0.00)2SiO4 33.4139 0 0 0 37.1864 12.3291 16.6849 0.385654 0 0 0
5000.00 1333.15 1.307416 2.840797 -11479.670696 0.344254 1.380155 (Ca0.01Mg0.38Fe''0.47Mn0.15Co0.00Ni0.00)2SiO4 33.4102 0 0 0 37.3264 12.2125 16.6736 0.377391 0 0 0
5000.00 1328.15 1.323985 2.871184 -11625.592524 0.348461 1.396903 (Ca0.01Mg0.38Fe''0.47Mn0.15Co0.00Ni0.00)2SiO4 33.4057 0 0 0 37.4694 12.0964 16.6592 0.369272 0 0 0
5000.00 1323.15 1.352160 2.925797 -11858.772138 0.355554 1.425181 (Ca0.01Mg0.38Fe''0.47Mn0.15Co0.00Ni0.00)2SiO4 33.3823 0 0 0 37.6918 12.0021 16.5616 0.362217 0 0 0
5000.00 1318.15 1.396731 3.014475 -12214.091813 0.366710 1.469686 (Ca0.01Mg0.37Fe''0.48Mn0.15Co0.00Ni0.00)2SiO4 33.3326 0 0 0 38.0251 11.9364 16.3493 0.356539 0 0 0
5000.00 1313.15 1.442036 3.104236 -12573.850506 0.378027 1.514821 (Ca0.01Mg0.37Fe''0.48Mn0.15Co0.00Ni0.00)2SiO4 33.2833 0 0 0 38.3585 11.8682 16.1391 0.350885 0 0 0
5000.00 1308.15 1.480730 3.180751 -12903.479231 0.387909 1.554446 (Ca0.01Mg0.37Fe''0.49Mn0.15Co0.00Ni0.00)2SiO4 33.2726 0 0 0 38.6401 11.6448 16.0987 0.343843 0 0 0
5000.00 1303.15 1.517637 3.253669 -13229.622154 0.397450 1.592796 (Ca0.01Mg0.37Fe''0.49Mn0.14Co0.00Ni0.00)2SiO4 33.2775 0 0 0 38.8971 11.3616 16.1274 0.3363 0 0 0
5000.00 1298.15 1.555873 3.329088 -13567.671447 0.407334 1.632511 (Ca0.01Mg0.37Fe''0.49Mn0.14Co0.00Ni0.00)2SiO4 33.2824 0 0 0 39.1504 11.0824 16.1559 0.328844 0 0 0
5000.00 1293.15 1.595457 3.407024 -13917.752162 0.417564 1.673602 (Ca0.01Mg0.37Fe''0.49Mn0.14Co0.00Ni0.00)2SiO4 33.2873 0 0 0 39.3998 10.8075 16.184 0.321479 0 0 0
5000.00 1288.15 1.628088 3.469756 -14206.696257 0.425961 1.707226 (Ca0.01Mg0.37Fe''0.50Mn0.13Co0.00Ni0.00)2SiO4 33.2896 0 0 0 39.6047 10.5908 16.2005 0.314303 0 0 0
5000.00 1283.15 1.640273 3.488652 -14315.338065 0.428979 1.719027 (Ca0.00Mg0.37Fe''0.50Mn0.13Co0.00Ni0.00)2SiO4 33.2859 0 0 0 39.7063 10.5122 16.1881 0.307464 0 0 0
5000.00 1278.15 1.652480 3.507455 -14423.997368 0.431998 1.730818 (Ca0.00Mg0.37Fe''0.50Mn0.13Co0.00Ni0.00)2SiO4 33.282 0 0 0 39.8081 10.4345 16.1747 0.300728 0 0 0
5000.00 1273.15 1.664702 3.526153 -14532.619870 0.435018 1.742593 (Ca0.00Mg0.37Fe''0.50Mn0.13Co0.00Ni0.00)2SiO4 33.2778 0 0 0 39.9101 10.3579 16.1602 0.294092 0 0 0
5000.00 1268.15 1.676935 3.544732 -14641.149488 0.438035 1.754347 (Ca0.00Mg0.37Fe''0.50Mn0.13Co0.00Ni0.00)2SiO4 33.2733 0 0 0 40.0122 10.2824 16.1445 0.287558 0 0 0
5000.00 1263.15 1.689173 3.563181 -14749.528358 0.441049 1.766071 (Ca0.00Mg0.37Fe''0.50Mn0.13Co0.00Ni0.00)2SiO4 33.2687 0 0 0 40.1146 10.2079 16.1277 0.281123 0 0 0
5000.00 1258.15 1.701409 3.581485 -14857.696850 0.444058 1.777761 (Ca0.00Mg0.37Fe''0.51Mn0.13Co0.00Ni0.00)2SiO4 33.2637 0 0 0 40.2173 10.1344 16.1098 0.274788 0 0 0
5000.00 1253.15 1.713638 3.599631 -14965.593574 0.447060 1.789408 (Ca0.00Mg0.36Fe''0.51Mn0.13Co0.00Ni0.00)2SiO4 33.2585 0 0 0 40.3201 10.0621 16.0907 0.268552 0 0 0
5000.00 1248.15 1.725853 3.617604 -15073.155394 0.450054 1.801005 (Ca0.00Mg0.36Fe''0.51Mn0.13Co0.00Ni0.00)2SiO4 33.2531 0 0 0 40.4232 9.99091 16.0704 0.262414 0 0 0
5000.00 1243.15 1.738048 3.635391 -15180.317452 0.453038 1.812545 (Ca0.00Mg0.36Fe''0.51Mn0.13Co0.00Ni0.00)2SiO4 33.2474 0 0 0 40.5265 9.92081 16.049 0.256374 0 0 0
5000.00 1238.15 1.750215 3.652976 -15287.013181 0.456009 1.824021 (Ca0.00Mg0.36Fe''0.51Mn0.13Co0.00Ni0.00)2SiO4 33.2414 0 0 0 40.63 9.85184 16.0264 0.250431 0 0 0
5000.00 1233.15 1.762349 3.670345 -15393.174334 0.458967 1.835424 (Ca0.00Mg0.36Fe''0.51Mn0.12Co0.00Ni0.00)2SiO4 33.2351 0 0 0 40.7337 9.78401 16.0025 0.244585 0 0 0
5000.00 1228.15 1.774442 3.687483 -15498.731008 0.461909 1.846748 (Ca0.00Mg0.36Fe''0.51Mn0.12Co0.00Ni0.00)2SiO4 33.2286 0 0 0 40.8378 9.71733 15.9775 0.238834 0 0 0
5000.00 1223.15 1.786487 3.704375 -15603.611672 0.464833 1.857983 (Ca0.00Mg0.36Fe''0.52Mn0.12Co0.00Ni0.00)2SiO4 33.2218 0 0 0 40.942 9.65181 15.9512 0.233179 0 0 0
5000.00 1218.15 1.798476 3.721004 -15707.743204 0.467738 1.869123 (Ca0.00Mg0.36Fe''0.52Mn0.12Co0.00Ni0.00)2SiO4 33.2148 0 0 0 41.0465 9.58747 15.9236 0.227618 0 0 0

clinopyroxene_0 thermodynamic data and composition:
Pressure Temperature mass S H V Cp structure formula SiO2 TiO2 Al2O3 Fe2O3 FeO MnO MgO CaO Na2O K2O P2O5
5000.00 1533.15 1.220468 2.935071 -15404.748940 0.378169 1.461675 cpx Na0.02Ca0.76Fe''0.18Mg0.89Fe'''0.04Ti0.01Al0.23Si1.87O6 50.9673 0.347447 5.38114 1.36456 5.77893 0 16.3828 19.4989 0.278894 0 0
5000.00 1528.15 4.175531 10.023488 -52644.395961 1.292076 4.994112 cpx Na0.02Ca0.76Fe''0.18Mg0.88Fe'''0.04Ti0.01Al0.24Si1.86O6 50.7488 0.378426 5.60796 1.42074 5.91767 0 16.1561 19.479 0.291308 0 0
5000.00 1523.15 7.084182 16.976443 -89203.006703 2.189153 8.462477 cpx Na0.02Ca0.76Fe''0.19Mg0.87Fe'''0.04Ti0.01Al0.25Si1.85O6 50.5446 0.410351 5.81358 1.4745 6.0788 0 15.9557 19.4188 0.303735 0 0
5000.00 1518.15 10.828710 25.929795 -135952.866497 3.341341 12.932907 cpx Na0.02Ca0.74Fe''0.20Mg0.88Fe'''0.04Ti0.01Al0.25Si1.85O6 50.5235 0.436146 5.75421 1.49729 6.50494 0 16.0511 18.9204 0.312408 0 0
5000.00 1513.15 14.221219 34.026283 -177972.246527 4.381175 16.980096 cpx Na0.02Ca0.72Fe''0.21Mg0.88Fe'''0.04Ti0.01Al0.25Si1.85O6 50.4939 0.461633 5.69874 1.52168 6.96427 0 16.1417 18.3979 0.3202 0 0
5000.00 1508.15 17.321866 41.409213 -216025.550376 5.327338 20.674273 cpx Na0.02Ca0.70Fe''0.23Mg0.89Fe'''0.04Ti0.01Al0.24Si1.85O6 50.4528 0.487458 5.64824 1.54864 7.45066 0 16.2167 17.8683 0.327213 0 0
5000.00 1503.15 20.165698 48.160017 -250575.122334 6.190832 24.055011 cpx Na0.02Ca0.68Fe''0.24Mg0.89Fe'''0.04Ti0.01Al0.24Si1.85O6 50.3976 0.514453 5.60421 1.579 7.95217 0 16.2646 17.3543 0.33367 0 0
5000.00 1498.15 22.773709 54.325946 -281923.834122 6.978460 27.145107 cpx Na0.02Ca0.67Fe''0.26Mg0.89Fe'''0.04Ti0.02Al0.24Si1.85O6 50.3268 0.543417 5.56809 1.61323 8.45425 0 16.2761 16.8782 0.339873 0 0
5000.00 1493.15 25.163801 59.947691 -310344.961855 7.696170 29.964387 cpx Na0.02Ca0.65Fe''0.28Mg0.89Fe'''0.05Ti0.02Al0.24Si1.85O6 50.2407 0.57491 5.54065 1.6513 8.94454 0 16.2479 16.454 0.346103 0 0
5000.00 1488.15 27.356354 65.073385 -336140.509736 8.350683 32.536643 cpx Na0.03Ca0.64Fe''0.29Mg0.89Fe'''0.05Ti0.02Al0.24Si1.85O6 50.1406 0.609175 5.52184 1.69283 9.41559 0 16.1817 16.0856 0.352545 0 0
5000.00 1483.15 29.374052 69.757986 -359632.277947 8.949377 34.889256 cpx Na0.03Ca0.62Fe''0.31Mg0.89Fe'''0.05Ti0.02Al0.24Si1.85O6 50.0288 0.646212 5.51102 1.73726 9.86463 0 16.083 15.7698 0.35928 0 0
5000.00 1478.15 31.173801 73.899306 -380347.346640 9.479639 36.970979 cpx Na0.03Ca0.62Fe''0.32Mg0.88Fe'''0.05Ti0.02Al0.24Si1.85O6 49.9052 0.686778 5.50894 1.78484 10.2836 0 15.9509 15.5132 0.366573 0 0
5000.00 1473.15 31.033877 73.374439 -377869.038161 9.421711 36.715681 cpx Na0.03Ca0.62Fe''0.32Mg0.86Fe'''0.05Ti0.02Al0.24Si1.84O6 49.7094 0.757788 5.56168 1.85896 10.448 0 15.6077 15.6748 0.381692 0 0
5000.00 1468.15 30.929853 72.935628 -375868.756980 9.374930 36.503973 cpx Na0.03Ca0.63Fe''0.33Mg0.85Fe'''0.05Ti0.02Al0.25Si1.84O6 49.507 0.834875 5.61943 1.93514 10.5978 0 15.2662 15.8425 0.397093 0 0
5000.00 1463.15 30.860940 72.580570 -374332.739761 9.338994 36.334802 cpx Na0.03Ca0.64Fe''0.33Mg0.83Fe'''0.06Ti0.03Al0.25Si1.84O6 49.2981 0.918252 5.68189 2.01317 10.7337 0 14.9275 16.0147 0.412717 0 0
5000.00 1458.15 30.824140 72.301800 -373221.285647 9.312950 36.204564 cpx Na0.03Ca0.65Fe''0.34Mg0.81Fe'''0.06Ti0.03Al0.25Si1.83O6 49.0831 1.00793 5.74859 2.09273 10.8566 0 14.5928 16.1897 0.428477 0 0
5000.00 1453.15 30.815424 72.089523 -372483.094579 9.295553 36.108517 cpx Na0.03Ca0.66Fe''0.34Mg0.79Fe'''0.06Ti0.03Al0.26Si1.83O6 48.8629 1.10364 5.81899 2.17334 10.9672 0 14.2636 16.366 0.444254 0 0
5000.00 1448.15 30.830723 71.933976 -372067.742037 9.285565 36.041949 cpx Na0.03Ca0.66Fe''0.35Mg0.78Fe'''0.06Ti0.03Al0.26Si1.82O6 48.6383 1.20489 5.89283 2.25451 11.0665 0 13.9411 16.542 0.459887 0 0
5000.00 1443.15 30.867214 71.828344 -371943.014382 9.282117 36.001566 cpx Na0.03Ca0.67Fe''0.35Mg0.76Fe'''0.07Ti0.04Al0.26Si1.82O6 48.4084 1.3116 5.97167 2.33613 11.1538 0 13.6259 16.7173 0.475212 0 0
5000.00 1438.15 30.929262 71.780957 -372161.934519 9.286134 35.990706 cpx Na0.04Ca0.68Fe''0.35Mg0.75Fe'''0.07Ti0.04Al0.27Si1.81O6 48.159 1.43082 6.06609 2.42183 11.223 0 13.3093 16.8995 0.490456 0 0
5000.00 1433.15 31.016521 71.789629 -372740.654853 9.297234 36.007901 cpx Na0.04Ca0.69Fe''0.35Mg0.73Fe'''0.07Ti0.04Al0.27Si1.80O6 47.8742 1.57146 6.18921 2.51519 11.2616 0 12.9854 17.097 0.505942 0 0
5000.00 1428.15 31.118790 71.831670 -373578.940324 9.312615 36.042870 cpx Na0.04Ca0.70Fe''0.36Mg0.71Fe'''0.07Ti0.05Al0.28Si1.79O6 47.5584 1.73275 6.3397 2.61392 11.266 0 12.6617 17.3061 0.5215 0 0
5000.00 1423.15 31.230169 71.893210 -374596.365850 9.330536 36.089117 cpx Na0.04Ca0.71Fe''0.35Mg0.69Fe'''0.08Ti0.05Al0.29Si1.78O6 47.2174 1.91341 6.51052 2.7154 11.2421 0 12.3419 17.5224 0.536925 0 0
5000.00 1418.15 31.345368 71.962507 -375718.757330 9.349594 36.141425 cpx Na0.04Ca0.72Fe''0.35Mg0.68Fe'''0.08Ti0.06Al0.30Si1.77O6 46.8624 2.10834 6.69199 2.81567 11.1987 0 12.0319 17.7392 0.551787 0 0
5000.00 1413.15 31.459582 72.029803 -376885.841947 9.368693 36.195746 cpx Na0.04Ca0.73Fe''0.35Mg0.66Fe'''0.08Ti0.07Al0.31Si1.76O6 46.5073 2.30969 6.87482 2.9104 11.1435 0 11.7392 17.9495 0.565619 0 0
5000.00 1408.15 31.568174 72.086461 -378046.269932 9.386923 36.248616 cpx Na0.04Ca0.74Fe''0.35Mg0.65Fe'''0.09Ti0.07Al0.31Si1.75O6 46.1679 2.50761 7.05041 2.99533 11.0826 0 11.4718 18.1463 0.578048 0 0
5000.00 1403.15 31.667206 72.125560 -379158.474276 9.403571 36.297173 cpx Na0.04Ca0.74Fe''0.35Mg0.64Fe'''0.09Ti0.08Al0.32Si1.74O6 45.8586 2.6923 7.21181 3.06728 11.0206 0 11.236 18.3244 0.588884 0 0
5000.00 1398.15 31.754264 72.143036 -380195.285104 9.418217 36.339494 cpx Na0.04Ca0.75Fe''0.35Mg0.62Fe'''0.09Ti0.08Al0.33Si1.73O6 45.5885 2.85684 7.35503 3.12493 10.9604 0 11.0345 18.4816 0.598163 0 0
5000.00 1393.15 31.744869 71.899380 -379906.307289 9.398482 36.245292 cpx Na0.04Ca0.76Fe''0.35Mg0.61Fe'''0.09Ti0.09Al0.34Si1.72O6 45.1868 3.14617 7.50256 3.16247 10.9225 0 10.7519 18.7282 0.599377 0 0
5000.00 1388.15 32.483729 73.613662 -390091.884109 9.678219 37.294766 cpx Na0.04Ca0.74Fe''0.37Mg0.67Fe'''0.07Ti0.06Al0.28Si1.79O6 47.1586 2.09617 6.22351 2.47357 11.5385 0 11.8263 18.1711 0.512273 0 0
5000.00 1383.15 32.254464 72.908628 -387602.603807 9.603337 36.985986 cpx Na0.04Ca0.74Fe''0.36Mg0.66Fe'''0.07Ti0.06Al0.28Si1.78O6 47.0086 2.23734 6.25971 2.44531 11.4786 0 11.7038 18.3571 0.509557 0 0
5000.00 1378.15 32.442086 73.164503 -389698.285282 9.652673 37.157632 cpx Na0.04Ca0.75Fe''0.37Mg0.65Fe'''0.07Ti0.06Al0.28Si1.78O6 46.9501 2.25667 6.26961 2.44579 11.5596 0 11.5847 18.426 0.507517 0 0
5000.00 1373.15 32.366317 72.844610 -389147.153077 9.627659 37.048215 cpx Na0.04Ca0.75Fe''0.36Mg0.65Fe'''0.07Ti0.07Al0.28Si1.78O6 46.8917 2.29627 6.32231 2.44594 11.4901 0 11.5313 18.5099 0.512479 0 0
5000.00 1368.15 32.294147 72.532969 -388635.233572 9.603646 36.942842 cpx Na0.04Ca0.76Fe''0.36Mg0.65Fe'''0.07Ti0.07Al0.28Si1.78O6 46.8312 2.33744 6.37623 2.44617 11.4208 0 11.4775 18.5931 0.51747 0 0
5000.00 1363.15 32.225293 72.228860 -388159.217297 9.580544 36.841155 cpx Na0.04Ca0.76Fe''0.36Mg0.65Fe'''0.07Ti0.07Al0.29Si1.77O6 46.7683 2.38035 6.43149 2.44652 11.3519 0 11.4232 18.6758 0.522493 0 0
5000.00 1358.15 32.159483 71.931589 -387715.902075 9.558261 36.742809 cpx Na0.04Ca0.76Fe''0.36Mg0.64Fe'''0.07Ti0.07Al0.29Si1.77O6 46.7027 2.4252 6.48823 2.44701 11.2831 0 11.3682 18.758 0.527549 0 0
5000.00 1353.15 32.096449 71.640476 -387302.139773 9.536710 36.647464 cpx Na0.04Ca0.77Fe''0.36Mg0.64Fe'''0.07Ti0.07Al0.29Si1.77O6 46.6342 2.4722 6.5466 2.44768 11.2144 0 11.3124 18.8399 0.532642 0 0
5000.00 1348.15 32.035932 71.354849 -386914.777018 9.515801 36.554777 cpx Na0.04Ca0.77Fe''0.35Mg0.64Fe'''0.07Ti0.07Al0.30Si1.77O6 46.5623 2.52164 6.6068 2.44857 11.1458 0 11.2556 18.9215 0.537772 0 0
5000.00 1343.15 31.977666 71.074023 -386550.585634 9.495441 36.464397 cpx Na0.04Ca0.77Fe''0.35Mg0.63Fe'''0.07Ti0.07Al0.30Si1.76O6 46.4866 2.57384 6.66906 2.44974 11.077 0 11.1976 19.0031 0.542943 0 0
5000.00 1338.15 31.921377 70.797287 -386206.176589 9.475532 36.375957 cpx Na0.04Ca0.78Fe''0.35Mg0.63Fe'''0.07Ti0.07Al0.30Si1.76O6 46.4066 2.62919 6.73365 2.45123 11.0081 0 11.1382 19.0849 0.548157 0 0
5000.00 1333.15 31.866775 70.523882 -385877.888068 9.455966 36.289058 cpx Na0.04Ca0.78Fe''0.35Mg0.63Fe'''0.07Ti0.08Al0.30Si1.76O6 46.3215 2.68817 6.80091 2.45313 10.9388 0 11.0771 19.1669 0.553418 0 0
5000.00 1328.15 31.813542 70.252971 -385561.632693 9.436622 36.203253 cpx Na0.04Ca0.78Fe''0.34Mg0.62Fe'''0.07Ti0.08Al0.31Si1.75O6 46.2306 2.75137 6.87127 2.45552 10.8689 0 11.014 19.2496 0.55873 0 0
5000.00 1323.15 31.090459 68.508148 -376959.839092 9.218871 35.355035 cpx Na0.04Ca0.78Fe''0.34Mg0.62Fe'''0.07Ti0.08Al0.31Si1.75O6 46.1925 2.77495 6.89755 2.45466 10.8604 0 10.9542 19.302 0.563801 0 0
5000.00 1318.15 29.429937 64.712077 -356767.527811 8.723899 33.442332 cpx Na0.04Ca0.79Fe''0.35Mg0.62Fe'''0.07Ti0.08Al0.31Si1.75O6 46.2374 2.73662 6.85665 2.44842 10.9402 0 10.9022 19.3099 0.568575 0 0
5000.00 1313.15 27.805054 61.009275 -337014.989025 8.239770 31.572791 cpx Na0.04Ca0.79Fe''0.35Mg0.61Fe'''0.07Ti0.08Al0.30Si1.76O6 46.2819 2.69912 6.81601 2.4421 11.0195 0 10.85 19.3178 0.573517 0 0
5000.00 1308.15 27.080962 59.301525 -328332.190960 8.024141 30.734762 cpx Na0.04Ca0.79Fe''0.35Mg0.61Fe'''0.07Ti0.08Al0.30Si1.76O6 46.3268 2.65368 6.80554 2.44052 11.0502 0 10.8205 19.3233 0.579493 0 0
5000.00 1303.15 26.749300 58.460634 -324468.515621 7.925416 30.345551 cpx Na0.04Ca0.79Fe''0.35Mg0.61Fe'''0.07Ti0.07Al0.30Si1.76O6 46.3717 2.60529 6.80816 2.44039 11.0595 0 10.8009 19.3281 0.585899 0 0
5000.00 1298.15 26.452455 57.698183 -321029.972484 7.837058 29.996245 cpx Na0.04Ca0.79Fe''0.35Mg0.61Fe'''0.07Ti0.07Al0.30Si1.76O6 46.4165 2.5575 6.81163 2.43964 11.067 0 10.7821 19.3333 0.592355 0 0
5000.00 1293.15 26.187857 57.008127 -317985.683543 7.758302 29.683873 cpx Na0.04Ca0.79Fe''0.35Mg0.61Fe'''0.07Ti0.07Al0.30Si1.76O6 46.461 2.51031 6.81591 2.43824 11.0727 0 10.7639 19.3391 0.598857 0 0
5000.00 1288.15 25.998834 56.484282 -315891.147368 7.702371 29.458830 cpx Na0.04Ca0.79Fe''0.35Mg0.61Fe'''0.07Ti0.07Al0.30Si1.76O6 46.5146 2.4629 6.81294 2.42913 11.0728 0 10.7555 19.3479 0.604242 0 0
5000.00 1283.15 25.938229 56.240269 -315430.572930 7.685466 29.382744 cpx Na0.04Ca0.79Fe''0.35Mg0.61Fe'''0.07Ti0.07Al0.30Si1.77O6 46.5903 2.41442 6.79075 2.40218 11.0618 0 10.77 19.3638 0.606758 0 0
5000.00 1278.15 25.881766 56.005167 -315020.649394 7.669759 29.311233 cpx Na0.04Ca0.79Fe''0.35Mg0.61Fe'''0.07Ti0.07Al0.30Si1.77O6 46.6645 2.36704 6.76949 2.37542 11.0497 0 10.7841 19.3804 0.60933 0 0
5000.00 1273.15 25.829095 55.778177 -314657.225916 7.655151 29.243902 cpx Na0.04Ca0.79Fe''0.35Mg0.61Fe'''0.07Ti0.07Al0.30Si1.77O6 46.7374 2.32073 6.74912 2.34885 11.0366 0 10.7978 19.3976 0.611959 0 0
5000.00 1268.15 25.779903 55.558585 -314336.596713 7.641550 29.180399 cpx Na0.05Ca0.79Fe''0.35Mg0.61Fe'''0.07Ti0.06Al0.30Si1.77O6 46.8089 2.27543 6.72961 2.32247 11.0225 0 10.8111 19.4154 0.614643 0 0
5000.00 1263.15 25.733910 55.345752 -314055.444339 7.628876 29.120412 cpx Na0.05Ca0.79Fe''0.35Mg0.61Fe'''0.07Ti0.06Al0.30Si1.78O6 46.8792 2.23111 6.71093 2.29626 11.0073 0 10.8241 19.4337 0.617385 0 0
5000.00 1258.15 25.690866 55.139103 -313810.791510 7.617056 29.063657 cpx Na0.05Ca0.79Fe''0.35Mg0.61Fe'''0.06Ti0.06Al0.30Si1.78O6 46.9483 2.18773 6.69304 2.27022 10.9912 0 10.8367 19.4526 0.620183 0 0
5000.00 1253.15 25.650545 54.938123 -313599.960044 7.606024 29.009881 cpx Na0.05Ca0.79Fe''0.35Mg0.61Fe'''0.06Ti0.06Al0.30Si1.78O6 47.0162 2.14524 6.67593 2.24434 10.9742 0 10.849 19.472 0.623039 0 0
5000.00 1248.15 25.612744 54.742347 -313420.535672 7.595722 28.958855 cpx Na0.05Ca0.79Fe''0.35Mg0.61Fe'''0.06Ti0.06Al0.30Si1.78O6 47.0831 2.10362 6.65956 2.21862 10.9562 0 10.8611 19.4919 0.625953 0 0
5000.00 1243.15 25.577277 54.551354 -313270.337780 7.586096 28.910373 cpx Na0.05Ca0.79Fe''0.35Mg0.61Fe'''0.06Ti0.06Al0.30Si1.78O6 47.1489 2.06283 6.64391 2.19306 10.9373 0 10.8729 19.5122 0.628925 0 0
5000.00 1238.15 25.543980 54.364762 -313147.393287 7.577099 28.864248 cpx Na0.05Ca0.79Fe''0.35Mg0.61Fe'''0.06Ti0.06Al0.30Si1.79O6 47.2136 2.02284 6.62897 2.16764 10.9175 0 10.8844 19.533 0.631957 0 0
5000.00 1233.15 25.512701 54.182227 -313049.913992 7.568687 28.820311 cpx Na0.05Ca0.79Fe''0.34Mg0.61Fe'''0.06Ti0.06Al0.29Si1.79O6 47.2774 1.98362 6.6147 2.14237 10.8968 0 10.8958 19.5542 0.635047 0 0
5000.00 1228.15 25.483303 54.003435 -312976.276887 7.560820 28.778407 cpx Na0.05Ca0.79Fe''0.34Mg0.62Fe'''0.06Ti0.06Al0.29Si1.79O6 47.3403 1.94516 6.6011 2.11725 10.8753 0 10.9069 19.5758 0.638198 0 0
5000.00 1223.15 25.455661 53.828100 -312925.006962 7.553463 28.738397 cpx Na0.05Ca0.79Fe''0.34Mg0.62Fe'''0.06Ti0.05Al0.29Si1.79O6 47.4023 1.90741 6.58815 2.09226 10.8529 0 10.9179 19.5978 0.64141 0 0
5000.00 1218.15 25.429663 53.655962 -312894.762160 7.546583 28.700154 cpx Na0.05Ca0.79Fe''0.34Mg0.62Fe'''0.06Ti0.05Al0.29Si1.79O6 47.4634 1.87037 6.57582 2.0674 10.8296 0 10.9286 19.6201 0.644684 0 0

feldspar_0 thermodynamic data and composition:
Pressure Temperature mass S H V Cp formula SiO2 TiO2 Al2O3 Fe2O3 FeO MnO MgO CaO Na2O K2O P2O5
5000.00 1523.15 0.276296 0.689751 -3744.451269 0.103523 0.341981 K0.00Na0.28Ca0.71Al1.71Si2.29O8 50.1843 0 31.9348 0 0 0 0 14.6367 3.21913 0.0250824 0
5000.00 1518.15 4.081944 10.186262 -55328.141700 1.531174 5.051402 K0.00Na0.30Ca0.70Al1.70Si2.30O8 50.6133 0 31.6451 0 0 0 0 14.2976 3.41553 0.0285394 0
5000.00 1513.15 7.709330 19.229793 -104511.463420 2.895045 9.538436 K0.00Na0.32Ca0.68Al1.68Si2.32O8 51.0336 0 31.3611 0 0 0 0 13.9652 3.60766 0.0324461 0
5000.00 1508.15 11.189205 27.896151 -151711.313987 4.206327 13.841138 K0.00Na0.33Ca0.66Al1.66Si2.34O8 51.4423 0 31.0848 0 0 0 0 13.6419 3.79413 0.0368759 0
5000.00 1503.15 14.520053 36.180509 -196907.412394 5.464090 17.957599 K0.00Na0.35Ca0.65Al1.65Si2.35O8 51.8368 0 30.818 0 0 0 0 13.3297 3.97366 0.0418956 0
5000.00 1498.15 17.679839 44.027007 -239801.263797 6.659664 21.860536 K0.00Na0.36Ca0.63Al1.63Si2.37O8 52.2151 0 30.5618 0 0 0 0 13.0301 4.14535 0.0475585 0
5000.00 1493.15 20.644094 51.374055 -280060.876843 7.783446 25.519681 K0.00Na0.38Ca0.62Al1.62Si2.38O8 52.5767 0 30.3169 0 0 0 0 12.7437 4.30885 0.0539076 0
5000.00 1488.15 23.399048 58.187150 -317498.920038 8.829874 28.918047 K0.00Na0.39Ca0.60Al1.60Si2.40O8 52.9215 0 30.083 0 0 0 0 12.4703 4.46422 0.0609853 0
5000.00 1483.15 25.944481 64.465882 -352111.453687 9.798526 32.055429 K0.00Na0.40Ca0.59Al1.59Si2.41O8 53.2505 0 29.8597 0 0 0 0 12.2092 4.61176 0.0688418 0
5000.00 1478.15 28.292228 70.240043 -384057.848350 10.693570 34.946534 K0.00Na0.42Ca0.58Al1.58Si2.42O8 53.5644 0 29.6463 0 0 0 0 11.96 4.75183 0.0775462 0
5000.00 1473.15 30.498806 75.649977 -414104.453672 11.536050 37.661176 K0.01Na0.43Ca0.57Al1.57Si2.43O8 53.8618 0 29.4437 0 0 0 0 11.7234 4.88368 0.0873106 0
5000.00 1468.15 32.523112 80.594891 -441691.117938 12.310331 40.148761 K0.01Na0.44Ca0.56Al1.56Si2.44O8 54.1474 0 29.249 0 0 0 0 11.4961 5.0094 0.0981273 0
5000.00 1463.15 34.388703 85.133923 -467136.062093 13.025134 42.438459 K0.01Na0.45Ca0.55Al1.55Si2.45O8 54.4215 0 29.0616 0 0 0 0 11.2776 5.12913 0.110137 0
5000.00 1458.15 36.116034 89.318399 -490715.582710 13.688036 44.555585 K0.01Na0.46Ca0.53Al1.53Si2.47O8 54.6845 0 28.8814 0 0 0 0 11.0676 5.24292 0.123507 0
5000.00 1453.15 37.722299 93.191363 -512661.883514 14.305391 46.521386 K0.01Na0.47Ca0.52Al1.52Si2.48O8 54.9362 0 28.7085 0 0 0 0 10.8662 5.35057 0.138429 0
5000.00 1448.15 39.217770 96.778377 -533113.757862 14.880900 48.348523 K0.01Na0.48Ca0.52Al1.52Si2.48O8 55.1752 0 28.5438 0 0 0 0 10.6746 5.45132 0.155061 0
5000.00 1443.15 40.591678 100.052250 -551925.611985 15.410143 50.023649 K0.01Na0.48Ca0.51Al1.51Si2.49O8 55.397 0 28.3904 0 0 0 0 10.4962 5.54313 0.173299 0
5000.00 1438.15 41.784304 102.864307 -568288.983632 15.869893 51.473116 K0.01Na0.49Ca0.50Al1.50Si2.50O8 55.5928 0 28.2542 0 0 0 0 10.3382 5.62245 0.192403 0
5000.00 1433.15 42.690002 104.953021 -580773.587995 16.219309 52.573434 K0.01Na0.50Ca0.49Al1.49Si2.51O8 55.7521 0 28.1429 0 0 0 0 10.2092 5.68558 0.210336 0
5000.00 1428.15 43.287276 106.268256 -589087.435404 16.450026 53.286732 K0.01Na0.50Ca0.49Al1.49Si2.51O8 55.8758 0 28.0561 0 0 0 0 10.1088 5.7339 0.225423 0
5000.00 1423.15 43.650525 106.998497 -594235.056187 16.590743 53.710968 K0.01Na0.50Ca0.48Al1.48Si2.52O8 55.9759 0 27.9859 0 0 0 0 10.0275 5.77285 0.237904 0
5000.00 1418.15 43.860319 107.345941 -597305.640450 16.672470 53.945794 K0.01Na0.51Ca0.48Al1.48Si2.52O8 56.0618 0 27.9257 0 0 0 0 9.95773 5.80634 0.248502 0
5000.00 1413.15 43.972519 107.449995 -599055.327184 16.716629 54.060194 K0.01Na0.51Ca0.48Al1.48Si2.52O8 56.1379 0 27.8723 0 0 0 0 9.89597 5.83612 0.257708 0
5000.00 1408.15 44.023098 107.399885 -599972.040625 16.736943 54.098528 K0.02Na0.51Ca0.47Al1.47Si2.53O8 56.2054 0 27.8251 0 0 0 0 9.84119 5.86262 0.265736 0
5000.00 1403.15 44.035665 107.253817 -600376.620425 16.742377 54.089872 K0.02Na0.51Ca0.47Al1.47Si2.53O8 56.2642 0 27.7839 0 0 0 0 9.79348 5.88577 0.272645 0
5000.00 1398.15 44.025787 107.050091 -600480.757090 16.738846 54.053380 K0.02Na0.51Ca0.47Al1.47Si2.53O8 56.3143 0 27.7488 0 0 0 0 9.7529 5.90549 0.278474 0
5000.00 1393.15 44.246769 107.403334 -603736.216601 16.822577 54.299482 K0.02Na0.52Ca0.47Al1.47Si2.53O8 56.3533 0 27.721 0 0 0 0 9.72079 5.91935 0.285589 0
5000.00 1388.15 46.212793 111.889861 -630975.442114 17.552911 56.674593 K0.02Na0.50Ca0.48Al1.48Si2.52O8 56.0577 0 27.9211 0 0 0 0 9.95493 5.78542 0.280795 0
5000.00 1383.15 46.384890 112.097984 -633607.855197 17.615372 56.857532 K0.02Na0.50Ca0.48Al1.48Si2.52O8 56.0454 0 27.9287 0 0 0 0 9.96406 5.77797 0.283801 0
5000.00 1378.15 46.692883 112.622115 -638102.323365 17.727736 57.204401 K0.02Na0.50Ca0.48Al1.48Si2.52O8 55.9985 0 27.9586 0 0 0 0 9.99963 5.75154 0.291796 0
5000.00 1373.15 46.640108 112.289555 -637662.582470 17.705792 57.112410 K0.02Na0.50Ca0.48Al1.48Si2.52O8 56.0069 0 27.9528 0 0 0 0 9.99294 5.75523 0.292126 0
5000.00 1368.15 46.585954 111.953573 -637203.056545 17.683346 57.018643 K0.02Na0.50Ca0.48Al1.48Si2.52O8 56.0156 0 27.9469 0 0 0 0 9.98601 5.75905 0.292466 0
5000.00 1363.15 46.530312 111.613932 -636722.221241 17.660359 56.922969 K0.02Na0.50Ca0.48Al1.48Si2.52O8 56.0246 0 27.9407 0 0 0 0 9.97881 5.76303 0.292816 0
5000.00 1358.15 46.473056 111.270356 -636218.305089 17.636785 56.825236 K0.02Na0.50Ca0.48Al1.48Si2.52O8 56.034 0 27.9343 0 0 0 0 9.97132 5.76717 0.293177 0
5000.00 1353.15 46.414037 110.922522 -635689.230839 17.612570 56.725268 K0.02Na0.50Ca0.48Al1.48Si2.52O8 56.0438 0 27.9276 0 0 0 0 9.9635 5.77149 0.293549 0
5000.00 1348.15 46.353079 110.570045 -635132.538181 17.587649 56.622853 K0.02Na0.50Ca0.48Al1.48Si2.52O8 56.0541 0 27.9206 0 0 0 0 9.95532 5.77602 0.293935 0
5000.00 1343.15 46.289974 110.212463 -634545.280205 17.561945 56.517740 K0.02Na0.50Ca0.48Al1.48Si2.52O8 56.0649 0 27.9132 0 0 0 0 9.94673 5.78078 0.294336 0
5000.00 1338.15 46.224463 109.849215 -633923.881970 17.535366 56.409621 K0.02Na0.50Ca0.48Al1.48Si2.52O8 56.0763 0 27.9055 0 0 0 0 9.93767 5.7858 0.294753 0
5000.00 1333.15 46.156234 109.479606 -633263.943026 17.507795 56.298121 K0.02Na0.50Ca0.48Al1.48Si2.52O8 56.0884 0 27.8973 0 0 0 0 9.92807 5.79112 0.295189 0
5000.00 1328.15 46.084891 109.102768 -632559.954527 17.479089 56.182766 K0.02Na0.51Ca0.48Al1.48Si2.52O8 56.1012 0 27.8885 0 0 0 0 9.91786 5.79679 0.295646 0
5000.00 1323.15 45.904152 108.475586 -630339.303004 17.410374 55.935161 K0.02Na0.51Ca0.48Al1.48Si2.52O8 56.1439 0 27.8595 0 0 0 0 9.88393 5.81586 0.29681 0
5000.00 1318.15 45.567340 107.492923 -625953.032471 17.284586 55.499172 K0.02Na0.51Ca0.47Al1.47Si2.53O8 56.2301 0 27.8009 0 0 0 0 9.81552 5.85444 0.299004 0
5000.00 1313.15 45.226437 106.503213 -621505.916805 17.157320 55.058524 K0.02Na0.51Ca0.47Al1.47Si2.53O8 56.3185 0 27.7409 0 0 0 0 9.74535 5.89401 0.301258 0
5000.00 1308.15 45.026319 105.835340 -619008.828144 17.081437 55.144728 K0.02Na0.52Ca0.47Al1.47Si2.53O8 56.3655 0 27.7089 0 0 0 0 9.70803 5.91496 0.302597 0
5000.00 1303.15 44.889757 105.311380 -617393.263857 17.028717 54.951824 K0.02Na0.52Ca0.47Al1.47Si2.53O8 56.3938 0 27.6897 0 0 0 0 9.68553 5.9275 0.303517 0
5000.00 1298.15 44.758643 104.800353 -615851.528275 16.978009 54.765546 K0.02Na0.52Ca0.47Al1.47Si2.53O8 56.4208 0 27.6713 0 0 0 0 9.66406 5.93947 0.304406 0
5000.00 1293.15 44.632889 104.301984 -614382.470539 16.929278 54.585782 K0.02Na0.52Ca0.46Al1.46Si2.54O8 56.4465 0 27.6537 0 0 0 0 9.6436 5.95087 0.305264 0
5000.00 1288.15 44.539523 103.877788 -613360.925705 16.892513 54.445213 K0.02Na0.52Ca0.46Al1.46Si2.54O8 56.4654 0 27.6409 0 0 0 0 9.62856 5.95924 0.305904 0
5000.00 1283.15 44.516455 103.613560 -613313.239273 16.881726 54.389606 K0.02Na0.52Ca0.46Al1.46Si2.54O8 56.4698 0 27.6379 0 0 0 0 9.62506 5.96118 0.306062 0
5000.00 1278.15 44.493450 103.348966 -613266.030918 16.870964 54.333990 K0.02Na0.52Ca0.46Al1.46Si2.54O8 56.4742 0 27.6349 0 0 0 0 9.6216 5.9631 0.306221 0
5000.00 1273.15 44.470506 103.083993 -613219.261571 16.860228 54.278368 K0.02Na0.52Ca0.46Al1.46Si2.54O8 56.4785 0 27.632 0 0 0 0 9.61817 5.96499 0.306379 0
5000.00 1268.15 44.447619 102.818628 -613172.888177 16.849515 54.222740 K0.02Na0.52Ca0.46Al1.46Si2.54O8 56.4827 0 27.6291 0 0 0 0 9.61479 5.96687 0.306536 0
5000.00 1263.15 44.424786 102.552860 -613126.863643 16.838825 54.167110 K0.02Na0.52Ca0.46Al1.46Si2.54O8 56.4869 0 27.6262 0 0 0 0 9.61144 5.96872 0.306694 0
5000.00 1258.15 44.402003 102.286674 -613081.136803 16.828156 54.111478 K0.02Na0.52Ca0.46Al1.46Si2.54O8 56.4911 0 27.6234 0 0 0 0 9.60814 5.97055 0.306851 0
5000.00 1253.15 44.379266 102.020055 -613035.652381 16.817507 54.055848 K0.02Na0.52Ca0.46Al1.46Si2.54O8 56.4952 0 27.6206 0 0 0 0 9.60487 5.97235 0.307008 0
5000.00 1248.15 44.356571 101.752988 -612990.350962 16.806875 54.000221 K0.02Na0.52Ca0.46Al1.46Si2.54O8 56.4992 0 27.6178 0 0 0 0 9.60165 5.97413 0.307165 0
5000.00 1243.15 44.333913 101.485458 -612945.168962 16.796260 53.944602 K0.02Na0.52Ca0.46Al1.46Si2.54O8 56.5032 0 27.6151 0 0 0 0 9.59846 5.97589 0.307322 0
5000.00 1238.15 44.311288 101.217449 -612900.038615 16.785658 53.888993 K0.02Na0.52Ca0.46Al1.46Si2.54O8 56.5072 0 27.6124 0 0 0 0 9.59532 5.97763 0.307479 0
5000.00 1233.15 44.288689 100.948942 -612854.887949 16.775069 53.833398 K0.02Na0.52Ca0.46Al1.46Si2.54O8 56.5111 0 27.6097 0 0 0 0 9.59221 5.97934 0.307636 0
5000.00 1228.15 44.266111 100.679920 -612809.640782 16.764490 53.777822 K0.02Na0.52Ca0.46Al1.46Si2.54O8 56.5149 0 27.6071 0 0 0 0 9.58915 5.98102 0.307793 0
5000.00 1223.15 44.243549 100.410364 -612764.216720 16.753918 53.722270 K0.02Na0.52Ca0.46Al1.46Si2.54O8 56.5187 0 27.6045 0 0 0 0 9.58612 5.98269 0.30795 0
5000.00 1218.15 44.220997 100.140256 -612718.531152 16.743352 53.666749 K0.02Na0.52Ca0.46Al1.46Si2.54O8 56.5225 0 27.6019 0 0 0 0 9.58314 5.98433 0.308107 0

clinopyroxene_1 thermodynamic data and composition:
Pressure Temperature mass S H V Cp structure formula SiO2 TiO2 Al2O3 Fe2O3 FeO MnO MgO CaO Na2O K2O P2O5
5000.00 1478.15 0.066643 0.159797 -793.403268 0.020154 0.080139 cpx Na0.02Ca0.34Fe''0.45Mg1.07Fe'''0.04Ti0.01Al0.20Si1.88O6 50.8008 0.374834 4.70195 1.45029 14.485 0 19.4345 8.53197 0.220626 0 0
5000.00 1473.15 1.968651 4.709514 -23341.478288 0.594104 2.362269 cpx Na0.02Ca0.33Fe''0.46Mg1.06Fe'''0.04Ti0.01Al0.20Si1.87O6 50.6667 0.39469 4.69539 1.48993 14.9653 0 19.1925 8.37196 0.223557 0 0
5000.00 1468.15 3.724176 8.888483 -43974.803938 1.121513 4.459291 cpx Na0.02Ca0.33Fe''0.48Mg1.05Fe'''0.04Ti0.01Al0.20Si1.87O6 50.5342 0.413703 4.6886 1.52858 15.447 0 18.9557 8.20614 0.226034 0 0
5000.00 1463.15 5.350953 12.741367 -62924.521101 1.608014 6.393644 cpx Na0.02Ca0.32Fe''0.49Mg1.04Fe'''0.04Ti0.01Al0.20Si1.87O6 50.4039 0.431669 4.68136 1.56608 15.9287 0 18.7236 8.03669 0.22808 0 0
5000.00 1458.15 6.864807 16.307869 -80396.900609 2.058631 8.185294 cpx Na0.02Ca0.31Fe''0.51Mg1.03Fe'''0.04Ti0.01Al0.20Si1.87O6 50.2762 0.448346 4.6734 1.60224 16.4086 0 18.4958 7.86565 0.229714 0 0
5000.00 1453.15 8.279108 19.621523 -96567.527075 2.477623 9.851129 cpx Na0.02Ca0.31Fe''0.53Mg1.02Fe'''0.05Ti0.01Al0.20Si1.87O6 50.1519 0.463457 4.6645 1.63682 16.8851 0 18.2723 7.69496 0.230948 0 0
5000.00 1448.15 9.604585 22.709343 -111579.782783 2.868436 11.404783 cpx Na0.02Ca0.30Fe''0.54Mg1.01Fe'''0.05Ti0.01Al0.20Si1.87O6 50.0316 0.476746 4.65482 1.66964 17.3561 0 18.053 7.52633 0.231782 0 0
5000.00 1443.15 10.849779 25.593037 -125550.942124 3.233842 12.857239 cpx Na0.02Ca0.30Fe''0.56Mg1.00Fe'''0.05Ti0.01Al0.20Si1.87O6 49.9146 0.488154 4.64586 1.7008 17.8192 0 17.8385 7.36073 0.2322 0 0
5000.00 1438.15 12.050673 28.358774 -138905.773454 3.584642 14.251644 cpx Na0.02Ca0.29Fe''0.57Mg0.99Fe'''0.05Ti0.01Al0.21Si1.87O6 49.7955 0.499047 4.64308 1.73205 18.2771 0 17.6271 7.19403 0.232162 0 0
5000.00 1433.15 13.223385 31.045822 -151843.270766 3.925729 15.607816 cpx Na0.02Ca0.28Fe''0.59Mg0.98Fe'''0.05Ti0.01Al0.21Si1.87O6 49.6704 0.510572 4.65272 1.76469 18.7256 0 17.422 7.02236 0.231681 0 0
5000.00 1428.15 14.343495 33.598292 -164112.193527 4.250171 16.898215 cpx Na0.02Ca0.28Fe''0.60Mg0.97Fe'''0.05Ti0.01Al0.21Si1.86O6 49.5444 0.521727 4.67357 1.79738 19.1525 0 17.2298 6.84969 0.23089 0 0
5000.00 1423.15 15.418321 36.034129 -175812.088400 4.560355 18.132090 cpx Na0.02Ca0.27Fe''0.62Mg0.96Fe'''0.05Ti0.02Al0.21Si1.86O6 49.4223 0.531519 4.69987 1.82856 19.5576 0 17.0501 6.68012 0.229891 0 0
5000.00 1418.15 16.445440 38.348261 -186931.099890 4.855797 19.307145 cpx Na0.02Ca0.26Fe''0.63Mg0.95Fe'''0.05Ti0.02Al0.21Si1.86O6 49.309 0.538804 4.72585 1.85651 19.9405 0 16.8822 6.51841 0.228735 0 0
5000.00 1413.15 17.410850 40.508979 -197331.578472 5.132650 20.407760 cpx Na0.02Ca0.26Fe''0.64Mg0.94Fe'''0.05Ti0.02Al0.21Si1.86O6 49.2085 0.542784 4.74782 1.87974 20.2978 0 16.7274 6.3685 0.227465 0 0
5000.00 1408.15 18.292881 42.467376 -206795.258272 5.384864 21.409673 cpx Na0.02Ca0.25Fe''0.65Mg0.94Fe'''0.05Ti0.02Al0.21Si1.86O6 49.1237 0.543172 4.76407 1.89716 20.6244 0 16.5883 6.233 0.226125 0 0
5000.00 1403.15 19.071130 44.178078 -215119.222009 5.606765 22.290271 cpx Na0.02Ca0.25Fe''0.66Mg0.93Fe'''0.05Ti0.02Al0.21Si1.86O6 49.0559 0.540205 4.77449 1.90828 20.9158 0 16.4678 6.11271 0.224767 0 0
5000.00 1398.15 19.735598 45.620043 -222211.217629 5.795659 23.038922 cpx Na0.02Ca0.24Fe''0.67Mg0.93Fe'''0.05Ti0.02Al0.21Si1.86O6 49.0043 0.534502 4.78002 1.91333 21.1706 0 16.3672 6.00661 0.223426 0 0
5000.00 1393.15 20.418014 47.078557 -229167.397127 5.986879 23.793513 cpx Na0.02Ca0.24Fe''0.69Mg0.92Fe'''0.05Ti0.02Al0.21Si1.86O6 48.9739 0.528251 4.70422 1.8863 21.5902 0 16.2076 5.89283 0.216646 0 0
5000.00 1388.15 17.087352 39.332551 -193021.220447 5.025854 19.952794 cpx Na0.01Ca0.25Fe''0.67Mg0.94Fe'''0.04Ti0.01Al0.19Si1.88O6 49.5733 0.453244 4.18578 1.55588 21.2417 0 16.6462 6.15244 0.191523 0 0
5000.00 1383.15 17.465554 40.116411 -197038.989794 5.133074 20.376169 cpx Na0.01Ca0.25Fe''0.68Mg0.94Fe'''0.04Ti0.01Al0.18Si1.88O6 49.5996 0.451303 4.10482 1.50636 21.4886 0 16.619 6.04582 0.184576 0 0
5000.00 1378.15 17.561845 40.242955 -197711.847330 5.155273 20.458765 cpx Na0.01Ca0.24Fe''0.69Mg0.93Fe'''0.04Ti0.01Al0.18Si1.88O6 49.5586 0.439652 4.08607 1.49677 21.779 0 16.4815 5.97756 0.180827 0 0
5000.00 1373.15 17.714586 40.517360 -199410.924874 5.197939 20.626525 cpx Na0.01Ca0.24Fe''0.69Mg0.93Fe'''0.04Ti0.01Al0.18Si1.88O6 49.5607 0.432168 4.0868 1.48361 21.8713 0 16.4864 5.89924 0.179794 0 0
5000.00 1368.15 17.866301 40.787715 -201097.283662 5.240257 20.792720 cpx Na0.01Ca0.24Fe''0.70Mg0.93Fe'''0.04Ti0.01Al0.18Si1.88O6 49.5625 0.424772 4.08762 1.47055 21.9636 0 16.4901 5.82213 0.178784 0 0
5000.00 1363.15 18.017505 41.055194 -202776.546304 5.282375 20.957943 cpx Na0.01Ca0.23Fe''0.70Mg0.93Fe'''0.04Ti0.01Al0.18Si1.88O6 49.5638 0.417461 4.08852 1.45758 22.0561 0 16.4925 5.74621 0.177796 0 0
5000.00 1358.15 18.168740 41.321020 -204454.610077 5.324451 21.122814 cpx Na0.01Ca0.23Fe''0.70Mg0.93Fe'''0.04Ti0.01Al0.18Si1.88O6 49.5647 0.41023 4.08949 1.4447 22.1489 0 16.4937 5.67143 0.176829 0 0
5000.00 1353.15 18.320588 41.586497 -206137.790478 5.366653 21.287996 cpx Na0.01Ca0.23Fe''0.71Mg0.93Fe'''0.04Ti0.01Al0.18Si1.88O6 49.5653 0.403072 4.0905 1.43191 22.242 0 16.4937 5.59776 0.175883 0 0
5000.00 1348.15 18.473686 41.853044 -207832.999395 5.409165 21.454218 cpx Na0.01Ca0.22Fe''0.71Mg0.93Fe'''0.04Ti0.01Al0.18Si1.88O6 49.5654 0.395982 4.09153 1.41921 22.3355 0 16.4922 5.52517 0.174956 0 0
5000.00 1343.15 18.628749 42.122240 -209547.973842 5.452193 21.622290 cpx Na0.01Ca0.22Fe''0.71Mg0.93Fe'''0.04Ti0.01Al0.18Si1.88O6 49.5651 0.388956 4.09256 1.40659 22.4297 0 16.4895 5.45361 0.174048 0 0
5000.00 1338.15 18.786597 42.395889 -211291.579233 5.495974 21.793144 cpx Na0.01Ca0.22Fe''0.72Mg0.93Fe'''0.04Ti0.01Al0.18Si1.88O6 49.5643 0.381987 4.09356 1.39407 22.5246 0 16.4852 5.38308 0.173159 0 0
5000.00 1333.15 18.948196 42.676100 -213074.224422 5.540783 21.967871 cpx Na0.01Ca0.22Fe''0.72Mg0.93Fe'''0.04Ti0.01Al0.18Si1.88O6 49.5631 0.375068 4.0945 1.38163 22.6205 0 16.4794 5.31355 0.172288 0 0
5000.00 1328.15 19.114708 42.965407 -214908.448351 5.586955 22.147785 cpx Na0.01Ca0.21Fe''0.72Mg0.93Fe'''0.04Ti0.01Al0.18Si1.88O6 49.5614 0.368192 4.09534 1.36929 22.7174 0 16.4719 5.24499 0.171434 0 0
5000.00 1323.15 19.480090 43.693088 -218861.368869 5.690076 22.551701 cpx Na0.01Ca0.21Fe''0.73Mg0.93Fe'''0.04Ti0.01Al0.18Si1.88O6 49.5522 0.359445 4.08571 1.35907 22.8646 0 16.4244 5.18384 0.170758 0 0
5000.00 1318.15 20.122610 45.028677 -225751.067180 5.872349 23.266759 cpx Na0.01Ca0.21Fe''0.73Mg0.93Fe'''0.04Ti0.01Al0.18Si1.89O6 49.5325 0.348181 4.06104 1.35172 23.0825 0 16.3215 5.13222 0.17033 0 0
5000.00 1313.15 20.762770 46.351957 -232592.487112 6.053582 23.977163 cpx Na0.01Ca0.21Fe''0.74Mg0.92Fe'''0.04Ti0.01Al0.18Si1.89O6 49.5128 0.337212 4.03609 1.34423 23.3007 0 16.2185 5.08058 0.169919 0 0
5000.00 1308.15 21.044291 46.878891 -235586.352701 6.131644 24.280333 cpx Na0.01Ca0.21Fe''0.75Mg0.92Fe'''0.04Ti0.01Al0.18Si1.89O6 49.4932 0.327244 4.0417 1.34171 23.4365 0 16.16 5.02936 0.17032 0 0
5000.00 1303.15 21.168038 47.056143 -236891.659546 6.164381 24.404593 cpx Na0.01Ca0.20Fe''0.75Mg0.92Fe'''0.04Ti0.01Al0.18Si1.89O6 49.4742 0.317792 4.05991 1.34086 23.5368 0 16.1208 4.97856 0.171025 0 0
5000.00 1298.15 21.279091 47.203930 -238058.777585 6.193434 24.514148 cpx Na0.01Ca0.20Fe''0.75Mg0.91Fe'''0.04Ti0.01Al0.18Si1.89O6 49.4557 0.308551 4.07804 1.33949 23.6355 0 16.083 4.92802 0.171699 0 0
5000.00 1293.15 21.377974 47.323571 -239093.582328 6.218959 24.609628 cpx Na0.01Ca0.20Fe''0.76Mg0.91Fe'''0.04Ti0.01Al0.18Si1.89O6 49.4378 0.299515 4.09605 1.33761 23.7326 0 16.0464 4.87775 0.172339 0 0
5000.00 1288.15 21.434125 47.348420 -239682.034810 6.232433 24.657378 cpx Na0.01Ca0.20Fe''0.76Mg0.91Fe'''0.04Ti0.01Al0.18Si1.89O6 49.4288 0.290651 4.10691 1.33099 23.8199 0 16.0217 4.82853 0.172541 0 0
5000.00 1283.15 21.408293 47.193496 -239424.417334 6.222971 24.614470 cpx Na0.01Ca0.20Fe''0.76Mg0.91Fe'''0.04Ti0.01Al0.18Si1.89O6 49.4408 0.281915 4.10014 1.31364 23.886 0 16.0243 4.78142 0.171715 0 0
5000.00 1278.15 21.383166 47.039984 -239173.936665 6.213710 24.572282 cpx Na0.01Ca0.19Fe''0.76Mg0.91Fe'''0.04Ti0.01Al0.18Si1.89O6 49.4526 0.273383 4.09344 1.29636 23.9523 0 16.0267 4.73441 0.170888 0 0
5000.00 1273.15 21.358736 46.887860 -238930.525161 6.204646 24.530806 cpx Na0.01Ca0.19Fe''0.77Mg0.91Fe'''0.04Ti0.01Al0.18Si1.89O6 49.464 0.265052 4.08679 1.27916 24.0186 0 16.0288 4.68751 0.170061 0 0
5000.00 1268.15 21.334996 46.737097 -238694.119332 6.195780 24.490033 cpx Na0.01Ca0.19Fe''0.77Mg0.91Fe'''0.04Ti0.01Al0.18Si1.89O6 49.4751 0.256918 4.08022 1.26204 24.0851 0 16.0306 4.64073 0.169232 0 0
5000.00 1263.15 21.311941 46.587674 -238464.659890 6.187107 24.449954 cpx Na0.01Ca0.19Fe''0.77Mg0.91Fe'''0.04Ti0.01Al0.18Si1.89O6 49.486 0.248979 4.0737 1.245 24.1517 0 16.0322 4.59406 0.168402 0 0
5000.00 1258.15 21.289565 46.439568 -238242.091802 6.178628 24.410560 cpx Na0.01Ca0.19Fe''0.77Mg0.91Fe'''0.04Ti0.01Al0.18Si1.89O6 49.4965 0.241232 4.06725 1.22803 24.2183 0 16.0336 4.54751 0.167572 0 0
5000.00 1253.15 21.267862 46.292757 -238026.364319 6.170340 24.371846 cpx Na0.01Ca0.18Fe''0.78Mg0.91Fe'''0.03Ti0.01Al0.18Si1.89O6 49.5067 0.233673 4.06086 1.21115 24.2851 0 16.0347 4.50108 0.166741 0 0
5000.00 1248.15 21.246827 46.147220 -237817.431004 6.162241 24.333803 cpx Na0.01Ca0.18Fe''0.78Mg0.91Fe'''0.03Ti0.01Al0.18Si1.89O6 49.5166 0.226299 4.05454 1.19434 24.3519 0 16.0356 4.45479 0.16591 0 0
5000.00 1243.15 21.226457 46.002939 -237615.249738 6.154331 24.296425 cpx Na0.01Ca0.18Fe''0.78Mg0.91Fe'''0.03Ti0.01Al0.18Si1.89O6 49.5262 0.219108 4.04827 1.17762 24.4189 0 16.0362 4.40863 0.165079 0 0
5000.00 1238.15 21.206747 45.859893 -237419.782724 6.146608 24.259705 cpx Na0.01Ca0.18Fe''0.78Mg0.91Fe'''0.03Ti0.01Al0.18Si1.89O6 49.5355 0.212096 4.04208 1.16099 24.4859 0 16.0366 4.36261 0.164247 0 0
5000.00 1233.15 21.187693 45.718066 -237230.996477 6.139071 24.223638 cpx Na0.01Ca0.18Fe''0.78Mg0.91Fe'''0.03Ti0.01Al0.18Si1.89O6 49.5446 0.20526 4.03594 1.14444 24.553 0 16.0367 4.31674 0.163415 0 0
5000.00 1228.15 21.169292 45.577441 -237048.861803 6.131720 24.188218 cpx Na0.01Ca0.17Fe''0.79Mg0.91Fe'''0.03Ti0.01Al0.18Si1.89O6 49.5533 0.198598 4.02987 1.12798 24.6202 0 16.0365 4.271 0.162584 0 0
5000.00 1223.15 21.151542 45.438001 -236873.353775 6.124552 24.153441 cpx Na0.01Ca0.17Fe''0.79Mg0.91Fe'''0.03Ti0.01Al0.18Si1.89O6 49.5617 0.192106 4.02386 1.1116 24.6874 0 16.0361 4.22542 0.161752 0 0
5000.00 1218.15 21.134440 45.299731 -236704.451691 6.117568 24.119302 cpx Na0.01Ca0.17Fe''0.79Mg0.91Fe'''0.03Ti0.01Al0.18Si1.89O6 49.5699 0.185782 4.01792 1.09532 24.7548 0 16.0354 4.18 0.160921 0 0

clinopyroxene_2 thermodynamic data and composition:
Pressure Temperature mass S H V Cp structure formula SiO2 TiO2 Al2O3 Fe2O3 FeO MnO MgO CaO Na2O K2O P2O5
5000.00 1323.15 0.688855 1.486568 -8401.716946 0.197275 0.767134 cpx Na0.04Ca0.90Fe''0.26Mg0.42Fe'''0.08Ti0.31Al0.64Si1.34O6 34.7758 10.8061 14.0221 2.87757 7.98775 0 7.34387 21.6513 0.535478 0 0
5000.00 1318.15 2.348134 5.055646 -28640.464149 0.672030 2.612909 cpx Na0.04Ca0.90Fe''0.26Mg0.42Fe'''0.08Ti0.32Al0.64Si1.34O6 34.6902 10.8633 14.0707 2.86754 8.03024 0 7.27171 21.6679 0.538504 0 0
5000.00 1313.15 3.981486 8.552501 -48564.747044 1.138768 4.426967 cpx Na0.04Ca0.90Fe''0.26Mg0.42Fe'''0.08Ti0.32Al0.64Si1.34O6 34.6063 10.9198 14.1183 2.85713 8.07275 0 7.20049 21.6836 0.541671 0 0
5000.00 1308.15 4.766255 10.214838 -58160.580183 1.362450 5.296127 cpx Na0.04Ca0.90Fe''0.26Mg0.41Fe'''0.08Ti0.32Al0.65Si1.34O6 34.5002 10.988 14.199 2.84731 8.0746 0 7.14315 21.7044 0.54344 0 0
5000.00 1303.15 5.178582 11.073216 -63227.628575 1.479522 5.750937 cpx Na0.04Ca0.90Fe''0.26Mg0.41Fe'''0.08Ti0.32Al0.65Si1.33O6 34.3856 11.0608 14.2931 2.83693 8.05936 0 7.09241 21.7273 0.544494 0 0
5000.00 1298.15 5.557098 11.855385 -67888.242010 1.586828 6.167726 cpx Na0.04Ca0.90Fe''0.26Mg0.41Fe'''0.08Ti0.32Al0.66Si1.33O6 34.2723 11.1332 14.3868 2.8255 8.04369 0 7.043 21.75 0.545423 0 0
5000.00 1293.15 5.904059 12.566630 -72169.424204 1.685029 6.549065 cpx Na0.04Ca0.90Fe''0.26Mg0.40Fe'''0.08Ti0.33Al0.66Si1.32O6 34.1604 11.2052 14.4801 2.81303 8.02763 0 6.99488 21.7726 0.546227 0 0
5000.00 1288.15 6.162542 13.086435 -75380.100145 1.757932 6.832040 cpx Na0.04Ca0.90Fe''0.26Mg0.40Fe'''0.08Ti0.33Al0.67Si1.32O6 34.0493 11.2802 14.5745 2.79363 8.00751 0 6.95146 21.7971 0.546368 0 0
5000.00 1283.15 6.258659 13.259412 -76622.366582 1.784556 6.935132 cpx Na0.04Ca0.91Fe''0.26Mg0.40Fe'''0.08Ti0.33Al0.67Si1.31O6 33.9388 11.3628 14.6719 2.75898 7.97839 0 6.91765 21.8264 0.545091 0 0
5000.00 1278.15 6.349846 13.420970 -77806.025588 1.809762 7.032665 cpx Na0.04Ca0.91Fe''0.26Mg0.40Fe'''0.08Ti0.33Al0.67Si1.31O6 33.8302 11.444 14.768 2.72431 7.94996 0 6.88456 21.8551 0.543786 0 0
5000.00 1273.15 6.436469 13.571950 -78935.388985 1.833656 7.125049 cpx Na0.04Ca0.91Fe''0.26Mg0.40Fe'''0.08Ti0.34Al0.68Si1.31O6 33.7236 11.5239 14.8627 2.68964 7.92219 0 6.85216 21.8833 0.542453 0 0
5000.00 1268.15 6.518857 13.713105 -80014.325208 1.856334 7.212655 cpx Na0.04Ca0.91Fe''0.26Mg0.39Fe'''0.08Ti0.34Al0.68Si1.30O6 33.6189 11.6025 14.9562 2.65498 7.89505 0 6.82042 21.9109 0.541092 0 0
5000.00 1263.15 6.597304 13.845113 -81046.316026 1.877880 7.295812 cpx Na0.04Ca0.91Fe''0.25Mg0.39Fe'''0.08Ti0.34Al0.69Si1.30O6 33.5159 11.6798 15.0483 2.62034 7.86853 0 6.78932 21.938 0.539705 0 0
5000.00 1258.15 6.672076 13.968587 -82034.504690 1.898373 7.374822 cpx Na0.04Ca0.91Fe''0.25Mg0.39Fe'''0.08Ti0.34Al0.69Si1.29O6 33.4146 11.7559 15.1393 2.58575 7.84261 0 6.75884 21.9647 0.538292 0 0
5000.00 1253.15 6.743416 14.084083 -82981.736995 1.917882 7.449955 cpx Na0.04Ca0.91Fe''0.25Mg0.39Fe'''0.07Ti0.34Al0.70Si1.29O6 33.315 11.8309 15.229 2.5512 7.81725 0 6.72895 21.9909 0.536853 0 0
5000.00 1248.15 6.811543 14.192105 -83890.596458 1.936470 7.521457 cpx Na0.04Ca0.91Fe''0.25Mg0.39Fe'''0.07Ti0.35Al0.70Si1.29O6 33.2169 11.9047 15.3176 2.51673 7.79243 0 6.69963 22.0166 0.53539 0 0
5000.00 1243.15 6.876656 14.293113 -84763.434573 1.954196 7.589553 cpx Na0.04Ca0.91Fe''0.25Mg0.39Fe'''0.07Ti0.35Al0.70Si1.28O6 33.1204 11.9774 15.4051 2.48232 7.76815 0 6.67088 22.0419 0.533902 0 0
5000.00 1238.15 6.938938 14.387526 -85602.396944 1.971112 7.654447 cpx Na0.04Ca0.92Fe''0.25Mg0.38Fe'''0.07Ti0.35Al0.71Si1.28O6 33.0253 12.0491 15.4914 2.44801 7.74438 0 6.64266 22.0668 0.53239 0 0
5000.00 1233.15 6.998555 14.475727 -86409.445929 1.987266 7.716327 cpx Na0.04Ca0.92Fe''0.25Mg0.38Fe'''0.07Ti0.35Al0.71Si1.28O6 32.9317 12.1197 15.5766 2.4138 7.7211 0 6.61496 22.0912 0.530855 0 0
5000.00 1228.15 7.055660 14.558070 -87186.380343 2.002703 7.775363 cpx Na0.04Ca0.92Fe''0.25Mg0.38Fe'''0.07Ti0.36Al0.72Si1.27O6 32.8395 12.1893 15.6608 2.3797 7.69831 0 6.58776 22.1153 0.529298 0 0
5000.00 1223.15 7.110394 14.634877 -87934.852655 2.017463 7.831712 cpx Na0.04Ca0.92Fe''0.25Mg0.38Fe'''0.07Ti0.36Al0.72Si1.27O6 32.7486 12.258 15.7439 2.34571 7.67597 0 6.56106 22.139 0.527717 0 0
5000.00 1218.15 7.162886 14.706447 -88656.384035 2.031583 7.885521 cpx Na0.04Ca0.92Fe''0.25Mg0.38Fe'''0.07Ti0.36Al0.72Si1.27O6 32.659 12.3257 15.8261 2.31186 7.65409 0 6.53483 22.1623 0.526115 0 0

spinel_0 thermodynamic data and composition:
Pressure Temperature mass S H V Cp formula SiO2 TiO2 Al2O3 Fe2O3 FeO MnO MgO CaO Na2O K2O P2O5
5000.00 1388.15 1.854071 3.937399 -11040.928400 0.400807 1.731849 Fe''1.44Mg0.22Fe'''0.50Al0.17Cr0.00Ti0.66O4 0 24.7688 3.95054 18.8004 48.2547 0 4.22559 0 0 0 0
5000.00 1383.15 1.846287 3.912847 -11005.637806 0.398985 1.722790 Fe''1.45Mg0.22Fe'''0.49Al0.16Cr0.00Ti0.68O4 0 25.2199 3.77752 18.109 48.7127 0 4.18088 0 0 0 0
5000.00 1378.15 1.463151 3.094300 -8701.010709 0.315856 1.363383 Fe''1.46Mg0.22Fe'''0.49Al0.16Cr0.00Ti0.68O4 0 25.1903 3.73103 18.1625 48.8431 0 4.07304 0 0 0 0
5000.00 1373.15 1.424714 3.007816 -8467.088821 0.307421 1.326641 Fe''1.46Mg0.22Fe'''0.49Al0.16Cr0.00Ti0.67O4 0 25.0828 3.74403 18.3363 48.798 0 4.03887 0 0 0 0
5000.00 1368.15 1.385368 2.919671 -8227.829758 0.298795 1.289099 Fe''1.46Mg0.21Fe'''0.50Al0.16Cr0.00Ti0.67O4 0 24.9733 3.75702 18.5137 48.7516 0 4.0043 0 0 0 0
5000.00 1363.15 1.345052 2.829750 -7982.895450 0.289966 1.250702 Fe''1.46Mg0.21Fe'''0.50Al0.16Cr0.00Ti0.67O4 0 24.8617 3.76998 18.695 48.704 0 3.9693 0 0 0 0
5000.00 1358.15 1.303695 2.737917 -7731.888738 0.280918 1.211386 Fe''1.46Mg0.21Fe'''0.51Al0.16Cr0.00Ti0.67O4 0 24.7479 3.78289 18.8803 48.655 0 3.93385 0 0 0 0
5000.00 1353.15 1.261213 2.644009 -7474.338695 0.271635 1.171076 Fe''1.46Mg0.21Fe'''0.51Al0.16Cr0.00Ti0.66O4 0 24.632 3.79572 19.0696 48.6048 0 3.89793 0 0 0 0
5000.00 1348.15 1.217506 2.547831 -7209.681208 0.262094 1.129682 Fe''1.45Mg0.21Fe'''0.52Al0.16Cr0.00Ti0.66O4 0 24.5138 3.80845 19.2631 48.5531 0 3.86152 0 0 0 0
5000.00 1343.15 1.172455 2.449147 -6937.232860 0.252271 1.087096 Fe''1.45Mg0.20Fe'''0.52Al0.16Cr0.00Ti0.66O4 0 24.3933 3.82103 19.4609 48.5002 0 3.82458 0 0 0 0
5000.00 1338.15 1.125911 2.347667 -6656.155159 0.242135 1.043182 Fe''1.45Mg0.20Fe'''0.53Al0.16Cr0.00Ti0.65O4 0 24.2705 3.83343 19.6632 48.4458 0 3.78708 0 0 0 0
5000.00 1333.15 1.077692 2.243028 -6365.404423 0.231647 0.997776 Fe''1.45Mg0.20Fe'''0.54Al0.16Cr0.00Ti0.65O4 0 24.1451 3.84559 19.8702 48.3901 0 3.74896 0 0 0 0
5000.00 1328.15 1.027567 2.134771 -6063.659800 0.220757 0.950667 Fe''1.45Mg0.20Fe'''0.54Al0.16Cr0.00Ti0.65O4 0 24.0173 3.85745 20.082 48.333 0 3.71017 0 0 0 0
5000.00 1323.15 0.913862 1.894811 -5383.498405 0.196186 0.844682 Fe''1.45Mg0.20Fe'''0.55Al0.16Cr0.00Ti0.64O4 0 23.8815 3.85248 20.3181 48.2969 0 3.65103 0 0 0 0
5000.00 1318.15 0.711281 1.471611 -4178.583310 0.152543 0.656648 Fe''1.45Mg0.19Fe'''0.56Al0.16Cr0.00Ti0.64O4 0 23.7358 3.82369 20.5866 48.2891 0 3.56476 0 0 0 0
5000.00 1313.15 0.508812 1.050444 -2980.941782 0.109012 0.469176 Fe''1.45Mg0.19Fe'''0.56Al0.16Cr0.00Ti0.64O4 0 23.5883 3.79476 20.8597 48.2769 0 3.48031 0 0 0 0
5000.00 1308.15 0.371498 0.765415 -2170.722504 0.079521 0.342246 Fe''1.45Mg0.18Fe'''0.58Al0.16Cr0.00Ti0.63O4 0 23.2968 3.82636 21.3495 48.1132 0 3.41416 0 0 0 0
5000.00 1303.15 0.265078 0.545077 -1544.807696 0.056692 0.244012 Fe''1.44Mg0.18Fe'''0.59Al0.16Cr0.00Ti0.62O4 0 22.94 3.88387 21.9388 47.8818 0 3.35551 0 0 0 0
5000.00 1298.15 0.163482 0.335495 -950.176657 0.034933 0.150373 Fe''1.43Mg0.18Fe'''0.61Al0.17Cr0.00Ti0.61O4 0 22.5759 3.94254 22.5413 47.6429 0 3.29742 0 0 0 0
5000.00 1293.15 0.066578 0.136355 -385.907077 0.014214 0.061193 Fe''1.43Mg0.17Fe'''0.63Al0.17Cr0.00Ti0.60O4 0 22.2047 4.0023 23.1564 47.3967 0 3.23991 0 0 0 0

whitlockite thermodynamic data and composition:
Pressure Temperature mass S H V Cp formula
5000.00 1438.15 0.014335 0.034210 -168.720068 0.004511 0.015197 Ca3(PO4)2
5000.00 1433.15 0.044200 0.105320 -520.471234 0.013911 0.046839 Ca3(PO4)2
5000.00 1428.15 0.071645 0.170450 -844.024441 0.022548 0.075893 Ca3(PO4)2
5000.00 1423.15 0.097512 0.231628 -1149.269980 0.030689 0.103252 Ca3(PO4)2
5000.00 1418.15 0.122064 0.289492 -1439.278247 0.038416 0.129196 Ca3(PO4)2
5000.00 1413.15 0.145062 0.343493 -1711.220258 0.045653 0.153476 Ca3(PO4)2
5000.00 1408.15 0.165959 0.392354 -1958.611982 0.052230 0.175514 Ca3(PO4)2
5000.00 1403.15 0.184178 0.434734 -2174.606887 0.057964 0.194702 Ca3(PO4)2
5000.00 1398.15 0.199389 0.469885 -2355.252164 0.062751 0.210695 Ca3(PO4)2
5000.00 1393.15 0.235252 0.553510 -2780.122636 0.074038 0.248489 Ca3(PO4)2
5000.00 1388.15 0.272254 0.639536 -3218.836212 0.085683 0.287453 Ca3(PO4)2
5000.00 1383.15 0.292236 0.685361 -3456.622209 0.091972 0.308420 Ca3(PO4)2
5000.00 1378.15 0.345992 0.810112 -4094.294718 0.108890 0.365000 Ca3(PO4)2
5000.00 1373.15 0.345992 0.808786 -4096.119333 0.108890 0.364845 Ca3(PO4)2
5000.00 1368.15 0.345992 0.795580 -4114.245945 0.108890 0.492031 Ca3(PO4)2
5000.00 1363.15 0.345992 0.793782 -4116.702431 0.108890 0.490565 Ca3(PO4)2
5000.00 1358.15 0.345992 0.791981 -4119.151605 0.108890 0.489106 Ca3(PO4)2
5000.00 1353.15 0.345992 0.790180 -4121.593507 0.108890 0.487656 Ca3(PO4)2
5000.00 1348.15 0.345992 0.788378 -4124.028179 0.108890 0.486214 Ca3(PO4)2
5000.00 1343.15 0.345992 0.786574 -4126.455659 0.108890 0.484780 Ca3(PO4)2
5000.00 1338.15 0.345992 0.784768 -4128.875989 0.108890 0.483353 Ca3(PO4)2
5000.00 1333.15 0.345992 0.782962 -4131.289207 0.108890 0.481935 Ca3(PO4)2
5000.00 1328.15 0.345992 0.781153 -4133.695354 0.108890 0.480525 Ca3(PO4)2
5000.00 1323.15 0.345992 0.779344 -4136.094468 0.108890 0.479122 Ca3(PO4)2
5000.00 1318.15 0.345992 0.777532 -4138.486589 0.108890 0.477727 Ca3(PO4)2
5000.00 1313.15 0.345992 0.775719 -4140.871755 0.108890 0.476340 Ca3(PO4)2
5000.00 1308.15 0.345992 0.773905 -4143.250006 0.108890 0.474961 Ca3(PO4)2
5000.00 1303.15 0.345992 0.772089 -4145.621380 0.108890 0.473590 Ca3(PO4)2
5000.00 1298.15 0.345992 0.770271 -4147.985914 0.108890 0.472226 Ca3(PO4)2
5000.00 1293.15 0.345992 0.768451 -4150.343648 0.108890 0.470869 Ca3(PO4)2
5000.00 1288.15 0.345992 0.766629 -4152.694620 0.108890 0.469520 Ca3(PO4)2
5000.00 1283.15 0.345992 0.764806 -4155.038866 0.108890 0.468179 Ca3(PO4)2
5000.00 1278.15 0.345992 0.762981 -4157.376424 0.108890 0.466845 Ca3(PO4)2
5000.00 1273.15 0.345992 0.761153 -4159.707332 0.108890 0.465519 Ca3(PO4)2
5000.00 1268.15 0.345992 0.759324 -4162.031627 0.108890 0.464200 Ca3(PO4)2
5000.00 1263.15 0.345992 0.757493 -4164.349346 0.108890 0.462889 Ca3(PO4)2
5000.00 1258.15 0.345992 0.755660 -4166.660525 0.108890 0.461584 Ca3(PO4)2
5000.00 1253.15 0.345992 0.753824 -4168.965200 0.108890 0.460287 Ca3(PO4)2
5000.00 1248.15 0.345992 0.751987 -4171.263409 0.108890 0.458997 Ca3(PO4)2
5000.00 1243.15 0.345992 0.750147 -4173.555186 0.108890 0.457715 Ca3(PO4)2
5000.00 1238.15 0.345992 0.748305 -4175.840569 0.108890 0.456439 Ca3(PO4)2
5000.00 1233.15 0.345992 0.746460 -4178.119592 0.108890 0.455171 Ca3(PO4)2
5000.00 1228.15 0.345992 0.744613 -4180.392291 0.108890 0.453910 Ca3(PO4)2
5000.00 1223.15 0.345992 0.742764 -4182.658700 0.108890 0.452655 Ca3(PO4)2
5000.00 1218.15 0.345992 0.740913 -4184.918856 0.108890 0.451408 Ca3(PO4)2

rhm-oxide_0 thermodynamic data and composition:
Pressure Temperature mass S H V Cp formula SiO2 TiO2 Al2O3 Fe2O3 FeO MnO MgO CaO Na2O K2O P2O5
5000.00 1378.15 0.447993 0.908319 -3260.134671 0.097573 0.411488 Mn0.07Fe''0.74Mg0.11Fe'''0.17Ti0.92O3 0 49.0802 0 9.05463 35.5661 3.45692 2.84217 0 0 0 0
5000.00 1373.15 0.449530 0.909831 -3272.506893 0.097886 0.412789 Mn0.07Fe''0.74Mg0.10Fe'''0.17Ti0.92O3 0 49.0814 0 9.04402 35.6393 3.40262 2.83259 0 0 0 0
5000.00 1368.15 0.450362 0.909900 -3279.729752 0.098044 0.413441 Mn0.07Fe''0.74Mg0.10Fe'''0.17Ti0.92O3 0 49.0826 0 9.0334 35.7127 3.34876 2.82262 0 0 0 0
5000.00 1363.15 0.450406 0.908369 -3281.198253 0.098031 0.413368 Mn0.07Fe''0.74Mg0.10Fe'''0.17Ti0.92O3 0 49.0835 0 9.02276 35.7861 3.29533 2.81225 0 0 0 0
5000.00 1358.15 0.449569 0.905055 -3276.216224 0.097826 0.412485 Mn0.07Fe''0.74Mg0.10Fe'''0.17Ti0.92O3 0 49.0843 0 9.01211 35.8597 3.24236 2.80147 0 0 0 0
5000.00 1353.15 0.447740 0.899748 -3263.975893 0.097404 0.410691 Mn0.07Fe''0.75Mg0.10Fe'''0.17Ti0.92O3 0 49.085 0 9.00143 35.9335 3.18985 2.79026 0 0 0 0
5000.00 1348.15 0.444790 0.892201 -3243.531113 0.096739 0.407870 Mn0.07Fe''0.75Mg0.10Fe'''0.17Ti0.92O3 0 49.0855 0 8.99074 36.0074 3.13781 2.77859 0 0 0 0
5000.00 1343.15 0.440568 0.882120 -3213.761682 0.095798 0.403882 Mn0.06Fe''0.75Mg0.10Fe'''0.17Ti0.92O3 0 49.0857 0 8.98004 36.0815 3.08626 2.76645 0 0 0 0
5000.00 1338.15 0.434890 0.869155 -3173.324848 0.094540 0.398561 Mn0.06Fe''0.75Mg0.10Fe'''0.17Ti0.92O3 0 49.0858 0 8.96934 36.1558 3.03521 2.75379 0 0 0 0
5000.00 1333.15 0.427535 0.852879 -3120.587905 0.092917 0.391705 Mn0.06Fe''0.75Mg0.10Fe'''0.17Ti0.92O3 0 49.0857 0 8.95864 36.2304 2.98468 2.74059 0 0 0 0
5000.00 1328.15 0.418227 0.832763 -3053.532103 0.090871 0.383064 Mn0.06Fe''0.75Mg0.10Fe'''0.17Ti0.92O3 0 49.0853 0 8.94795 36.3053 2.93467 2.72679 0 0 0 0
5000.00 1323.15 0.351151 0.697865 -2563.648798 0.076269 0.321525 Mn0.06Fe''0.76Mg0.10Fe'''0.17Ti0.92O3 0 49.0739 0 8.94533 36.3962 2.88792 2.69664 0 0 0 0
5000.00 1318.15 0.200635 0.397944 -1464.011335 0.043554 0.183645 Mn0.06Fe''0.76Mg0.10Fe'''0.17Ti0.92O3 0 49.0478 0 8.95364 36.5087 2.84516 2.64467 0 0 0 0
5000.00 1313.15 0.045847 0.090752 -334.372870 0.009947 0.041950 Mn0.06Fe''0.76Mg0.10Fe'''0.17Ti0.92O3 0 49.0228 0 8.96108 36.6198 2.80232 2.59405 0 0 0 0
