Title: Gale2013MORB-9

Solid Composition:
Pressure Temperature mass SiO2 TiO2 Al2O3 Fe2O3 FeO MnO MgO CaO Na2O K2O P2O5 
5000.00 1573.15 0.000000 ---
5000.00 1568.15 0.000000 ---
5000.00 1563.15 0.000000 ---
5000.00 1558.15 0.000000 ---
5000.00 1553.15 0.000000 ---
5000.00 1548.15 0.000000 ---
5000.00 1543.15 0.000000 ---
5000.00 1538.15 0.000000 ---
5000.00 1533.15 1.220468 50.9673 0.347447 5.38114 1.36456 5.77893 0 16.3828 19.4989 0.278894 0 0
5000.00 1528.15 4.175531 50.7488 0.378426 5.60796 1.42074 5.91767 0 16.1561 19.479 0.291308 0 0
5000.00 1523.15 7.360479 50.531 0.394947 6.79411 1.41915 5.85061 0 15.3567 19.2393 0.413173 0.000941537 0
5000.00 1518.15 14.910654 50.5481 0.316746 12.8421 1.08739 4.72415 0 11.657 17.6548 1.16192 0.00781296 0
5000.00 1513.15 21.930549 50.6836 0.299353 14.7199 0.986758 4.51609 0 10.4673 16.8397 1.47586 0.0114059 0
5000.00 1508.15 28.511072 50.8411 0.296155 15.6308 0.940874 4.52664 0 9.85245 16.2096 1.68781 0.014472 0
5000.00 1503.15 34.685751 51.0001 0.299094 16.1591 0.918006 4.62325 0 9.45594 15.6696 1.85743 0.0175382 0
5000.00 1498.15 40.453548 51.1521 0.305922 16.4914 0.908184 4.7594 0 9.16279 15.1964 2.00302 0.020785 0
5000.00 1493.15 45.807895 51.2934 0.315817 16.7065 0.907115 4.91353 0 8.92549 14.7819 2.13198 0.0242944 0
5000.00 1488.15 50.755402 51.4227 0.328336 16.8449 0.912409 5.07485 0 8.7217 14.4189 2.24809 0.0281152 0
5000.00 1483.15 55.318533 51.5398 0.343138 16.9306 0.922483 5.2381 0 8.54004 14.0999 2.3537 0.0322869 0
5000.00 1478.15 59.532672 51.6452 0.360045 16.979 0.936241 5.40112 0 8.37433 13.8168 2.45045 0.036853 0
5000.00 1473.15 63.501334 51.7334 0.382576 17.005 0.954688 5.57001 0 8.22268 13.5506 2.53903 0.0419341 0
5000.00 1468.15 67.177142 51.8105 0.40733 17.0078 0.975723 5.73581 0 8.07976 13.3149 2.62061 0.0475073 0
5000.00 1463.15 70.600596 51.8775 0.434103 16.994 0.998694 5.89918 0 7.9442 13.1027 2.69603 0.0536463 0
5000.00 1458.15 73.804981 51.9351 0.462657 16.9685 1.02304 6.06037 0 7.81494 12.909 2.76591 0.0604375 0
5000.00 1453.15 76.816830 51.9843 0.492681 16.9349 1.04826 6.21939 0 7.69125 12.7307 2.8306 0.0679779 0
5000.00 1448.15 79.653078 52.0248 0.523852 16.8959 1.07396 6.37624 0 7.57292 12.566 2.88995 0.0763452 0
5000.00 1443.15 82.308670 52.0534 0.556222 16.853 1.10029 6.53178 0 7.46138 12.4159 2.9425 0.085465 0
5000.00 1438.15 84.778573 52.0473 0.592932 16.7985 1.12974 6.69238 0 7.36111 12.2924 2.98304 0.0948284 0.00773756
5000.00 1433.15 86.974108 51.9897 0.638037 16.7281 1.16526 6.86311 0 7.27962 12.2033 3.00634 0.103241 0.023256
5000.00 1428.15 88.821206 51.8942 0.691327 16.6491 1.20605 7.03997 0 7.21845 12.1397 3.01443 0.10986 0.0369123
5000.00 1423.15 90.396527 51.7718 0.751702 16.5647 1.25 7.21972 0 7.17199 12.0936 3.01229 0.114879 0.0493637
5000.00 1418.15 91.773191 51.6351 0.816659 16.4788 1.29438 7.39819 0 7.13477 12.0581 3.00442 0.118764 0.0608655
5000.00 1413.15 92.988012 51.4947 0.883041 16.3952 1.3366 7.57055 0 7.10359 12.0293 2.99375 0.121866 0.0713882
5000.00 1408.15 94.050112 51.3597 0.947334 16.3175 1.37439 7.73139 0 7.07699 12.0054 2.98219 0.124386 0.0807499
5000.00 1403.15 94.958179 51.2373 1.00634 16.2484 1.40615 7.8759 0 7.05441 11.9854 2.97098 0.126436 0.0887579
5000.00 1398.15 95.715038 51.1314 1.05799 16.1892 1.43123 8.00139 0 7.03556 11.9689 2.96085 0.128089 0.0953282
5000.00 1393.15 97.040759 50.9194 1.14035 16.0838 1.43143 8.26914 0.0386415 7.00342 11.9321 2.94065 0.130217 0.110938
5000.00 1388.15 98.468590 50.659 1.23653 15.9576 1.43999 8.604 0.0715059 6.96895 11.8867 2.91742 0.131781 0.126525
5000.00 1383.15 98.996309 50.5818 1.27893 15.9202 1.40021 8.71186 0.100042 6.95305 11.88 2.90586 0.132975 0.135087
5000.00 1378.15 100.136520 50.4088 1.39586 15.8392 1.36078 8.86432 0.172193 6.91314 11.8735 2.87804 0.136062 0.158116
5000.00 1373.15 100.135892 50.4091 1.39587 15.8393 1.35453 8.87001 0.172194 6.91318 11.8736 2.87805 0.136063 0.158117
5000.00 1368.15 100.135241 50.4094 1.39588 15.8394 1.34805 8.8759 0.172195 6.91323 11.8737 2.87807 0.136064 0.158118
5000.00 1363.15 100.134564 50.4098 1.39589 15.8395 1.34131 8.88203 0.172197 6.91327 11.8737 2.87809 0.136065 0.158119
5000.00 1358.15 100.133860 50.4101 1.3959 15.8396 1.3343 8.88841 0.172198 6.91332 11.8738 2.87811 0.136066 0.15812
5000.00 1353.15 100.133127 50.4105 1.39591 15.8397 1.327 8.89506 0.172199 6.91337 11.8739 2.87813 0.136067 0.158121
5000.00 1348.15 100.132361 50.4109 1.39592 15.8399 1.31938 8.90199 0.1722 6.91342 11.874 2.87815 0.136068 0.158122
5000.00 1343.15 100.131560 50.4113 1.39593 15.84 1.31141 8.90924 0.172202 6.91348 11.8741 2.87818 0.136069 0.158124
5000.00 1338.15 100.130722 50.4117 1.39594 15.8401 1.30306 8.91684 0.172203 6.91354 11.8742 2.8782 0.13607 0.158125
5000.00 1333.15 100.129841 50.4121 1.39596 15.8403 1.29429 8.92482 0.172205 6.9136 11.8743 2.87823 0.136071 0.158126
5000.00 1328.15 100.128912 50.4126 1.39597 15.8404 1.28504 8.93323 0.172206 6.91366 11.8744 2.87825 0.136073 0.158128
5000.00 1323.15 100.126721 50.4137 1.396 15.8408 1.26323 8.95308 0.17221 6.91381 11.8747 2.87832 0.136076 0.158131
5000.00 1318.15 100.122660 50.4157 1.39606 15.8414 1.2228 8.98987 0.172217 6.91409 11.8752 2.87843 0.136081 0.158138
5000.00 1313.15 100.118435 50.4179 1.39612 15.8421 1.18073 9.02815 0.172224 6.91439 11.8757 2.87855 0.136087 0.158144
5000.00 1308.15 100.116047 50.4191 1.39615 15.8424 1.15695 9.04979 0.172228 6.91455 11.8759 2.87862 0.13609 0.158148
5000.00 1303.15 100.114384 50.4199 1.39617 15.8427 1.14038 9.06486 0.172231 6.91467 11.8761 2.87867 0.136092 0.158151
5000.00 1298.15 100.112636 50.4208 1.3962 15.843 1.12298 9.0807 0.172234 6.91479 11.8763 2.87872 0.136095 0.158153
5000.00 1293.15 100.110806 50.4217 1.39622 15.8433 1.10475 9.09729 0.172238 6.91491 11.8766 2.87877 0.136097 0.158156
5000.00 1288.15 100.109104 50.4226 1.39625 15.8435 1.0878 9.11271 0.17224 6.91503 11.8768 2.87882 0.1361 0.158159
5000.00 1283.15 100.107901 50.4232 1.39626 15.8437 1.07583 9.12361 0.172243 6.91511 11.8769 2.87886 0.136101 0.158161
5000.00 1278.15 100.106700 50.4238 1.39628 15.8439 1.06386 9.1345 0.172245 6.9152 11.8771 2.87889 0.136103 0.158163
5000.00 1273.15 100.105500 50.4244 1.3963 15.8441 1.05191 9.14537 0.172247 6.91528 11.8772 2.87893 0.136104 0.158165
5000.00 1268.15 100.104302 50.425 1.39631 15.8443 1.03998 9.15623 0.172249 6.91536 11.8773 2.87896 0.136106 0.158167
5000.00 1263.15 100.103106 50.4256 1.39633 15.8445 1.02806 9.16707 0.172251 6.91545 11.8775 2.879 0.136108 0.158169
5000.00 1258.15 100.101912 50.4262 1.39635 15.8447 1.01617 9.17789 0.172253 6.91553 11.8776 2.87903 0.136109 0.15817
5000.00 1253.15 100.100720 50.4268 1.39636 15.8449 1.0043 9.18869 0.172255 6.91561 11.8778 2.87906 0.136111 0.158172
5000.00 1248.15 100.099530 50.4274 1.39638 15.8451 0.99245 9.19947 0.172257 6.91569 11.8779 2.8791 0.136113 0.158174
5000.00 1243.15 100.098344 50.428 1.3964 15.8453 0.980629 9.21023 0.172259 6.91577 11.878 2.87913 0.136114 0.158176
5000.00 1238.15 100.097160 50.4286 1.39641 15.8454 0.968835 9.22096 0.172261 6.91586 11.8782 2.87917 0.136116 0.158178
5000.00 1233.15 100.095979 50.4292 1.39643 15.8456 0.95707 9.23167 0.172263 6.91594 11.8783 2.8792 0.136117 0.15818
5000.00 1228.15 100.094801 50.4298 1.39645 15.8458 0.945336 9.24234 0.172265 6.91602 11.8785 2.87923 0.136119 0.158182
5000.00 1223.15 100.093626 50.4304 1.39646 15.846 0.933634 9.25299 0.172267 6.9161 11.8786 2.87927 0.136121 0.158183
5000.00 1218.15 100.092455 50.431 1.39648 15.8462 0.921967 9.26361 0.172269 6.91618 11.8787 2.8793 0.136122 0.158185