Title: Gale2013MORB-2

liquid_0 thermodynamic data and composition:
Pressure Temperature mass S H V Cp viscosity SiO2 TiO2 Al2O3 Fe2O3 FeO MnO MgO CaO Na2O K2O P2O5 Mg#
5000.00 1573.15 100.131003 275.624250 -1199118.027290 36.924316 149.477961 2.232 52.8682 1.54307 14.1757 1.30586 7.92029 0.197379 7.29019 11.549 2.82513 0.13725 0.187903 62.1
5000.00 1568.15 100.131140 275.148693 -1199867.372721 36.912282 149.478666 2.253 52.8682 1.54307 14.1756 1.30723 7.91905 0.197379 7.29018 11.549 2.82512 0.137249 0.187903 62.1
5000.00 1563.15 100.131283 274.671622 -1200616.795381 36.900251 149.479396 2.274 52.8681 1.54307 14.1756 1.30865 7.91776 0.197379 7.29017 11.549 2.82512 0.137249 0.187902 62.1
5000.00 1558.15 100.131430 274.193028 -1201366.296679 36.888223 149.480152 2.295 52.868 1.54306 14.1756 1.31012 7.91643 0.197378 7.29016 11.549 2.82512 0.137249 0.187902 62.1
5000.00 1553.15 100.131582 273.712900 -1202115.878051 36.876199 149.480934 2.316 52.8679 1.54306 14.1756 1.31163 7.91505 0.197378 7.29015 11.549 2.82511 0.137249 0.187902 62.1
5000.00 1548.15 100.131740 273.231229 -1202865.540966 36.864179 149.481742 2.338 52.8678 1.54306 14.1755 1.3132 7.91363 0.197378 7.29014 11.5489 2.82511 0.137249 0.187901 62.2
5000.00 1543.15 100.131903 272.748003 -1203615.286919 36.852162 149.482577 2.359 52.8678 1.54306 14.1755 1.31482 7.91215 0.197377 7.29013 11.5489 2.8251 0.137248 0.187901 62.2
5000.00 1538.15 97.438973 264.973255 -1171668.700901 35.875869 145.217913 2.412 52.887 1.57869 14.4562 1.31676 7.94991 0.202832 6.98037 11.3974 2.89673 0.141042 0.193094 61.0
5000.00 1533.15 94.720623 257.158310 -1139451.569080 34.892222 140.926270 2.468 52.9196 1.61514 14.7444 1.31759 7.98661 0.208653 6.67094 11.2208 2.97243 0.145089 0.198636 59.8
5000.00 1528.15 92.121576 249.692855 -1108732.020529 33.953233 136.834980 2.524 52.9645 1.65031 15.0247 1.31721 8.01723 0.21454 6.37553 11.0343 3.04827 0.149183 0.20424 58.6
5000.00 1523.15 89.636694 242.560758 -1079450.458960 33.057065 132.934506 2.582 53.0213 1.68407 15.2968 1.31561 8.04035 0.220488 6.09262 10.8414 3.12416 0.153318 0.209902 57.5
5000.00 1518.15 87.259075 235.741467 -1051523.180783 32.201196 129.212892 2.640 53.0901 1.71627 15.5607 1.31276 8.05511 0.226495 5.82124 10.6441 3.20007 0.157496 0.215621 56.3
5000.00 1513.15 84.981639 229.214206 -1024863.152598 31.383021 125.658108 2.699 53.1709 1.7468 15.8165 1.30867 8.06089 0.232565 5.56067 10.4439 3.27601 0.161717 0.2214 55.2
5000.00 1508.15 81.505838 219.463328 -982741.430439 30.110028 120.304382 2.754 53.2783 1.80305 15.9313 1.31637 8.14245 0.242483 5.31938 10.2134 3.35424 0.168223 0.230841 53.8
5000.00 1503.15 74.970395 201.466877 -901227.601665 27.673342 110.352071 2.791 53.4146 1.93801 15.6839 1.35773 8.43805 0.263621 5.10294 9.93968 3.4294 0.181164 0.250964 51.9
5000.00 1498.15 68.896259 184.761270 -825710.000724 25.407397 101.135434 2.825 53.5299 2.08448 15.4215 1.39863 8.72299 0.286863 4.88657 9.71129 3.48968 0.194931 0.27309 50.0
5000.00 1493.15 63.291286 169.365460 -756272.628307 23.315795 92.662412 2.857 53.6245 2.24204 15.1499 1.43839 8.99444 0.312267 4.67492 9.52237 3.53438 0.209441 0.297275 48.1
5000.00 1488.15 58.145205 155.248696 -692766.821511 21.395300 84.912765 2.886 53.6992 2.41031 14.8746 1.47634 9.24985 0.339904 4.4714 9.36698 3.56322 0.224608 0.323585 46.3
5000.00 1483.15 53.430816 142.334193 -634830.029765 19.636250 77.840561 2.913 53.7553 2.58919 14.5999 1.51192 9.48682 0.369895 4.27796 9.24026 3.57626 0.240374 0.352136 44.6
5000.00 1478.15 49.098231 130.486905 -581816.911189 18.020559 69.187188 2.938 53.7954 2.77899 14.3262 1.54484 9.70238 0.402535 4.0936 9.14226 3.57388 0.256758 0.383209 42.9
5000.00 1473.15 45.089774 119.550062 -532999.253308 16.527447 63.384341 2.962 53.8256 2.97934 14.0505 1.57489 9.89202 0.438321 3.91514 9.07618 3.55688 0.27386 0.417276 41.4
5000.00 1468.15 41.416833 109.545926 -488494.243324 15.160924 58.089937 2.985 53.8446 3.19028 13.7848 1.60092 10.0543 0.477192 3.74832 9.02867 3.52504 0.291511 0.454281 39.9

clinopyroxene_1 thermodynamic data and composition:
Pressure Temperature mass S H V Cp structure formula SiO2 TiO2 Al2O3 Fe2O3 FeO MnO MgO CaO Na2O K2O P2O5
5000.00 1478.15 0.446360 1.070520 -5342.322787 0.135434 0.538134 cpx Na0.01Ca0.34Fe''0.43Mg1.10Fe'''0.03Ti0.01Al0.18Si1.89O6 51.4471 0.324009 4.05729 1.18429 14.1008 0 19.9735 8.70881 0.204246 0 0
5000.00 1473.15 2.254348 5.393921 -26877.794405 0.682667 2.712196 cpx Na0.01Ca0.34Fe''0.45Mg1.09Fe'''0.03Ti0.01Al0.17Si1.89O6 51.3456 0.338334 4.01893 1.20511 14.5687 0 19.7413 8.5762 0.205838 0 0
5000.00 1468.15 3.917473 9.351151 -46527.615826 1.183985 4.703435 cpx Na0.01Ca0.33Fe''0.46Mg1.08Fe'''0.03Ti0.01Al0.17Si1.89O6 51.2471 0.351843 3.97978 1.2238 15.0374 0 19.517 8.43623 0.206859 0 0

clinopyroxene_0 thermodynamic data and composition:
Pressure Temperature mass S H V Cp structure formula SiO2 TiO2 Al2O3 Fe2O3 FeO MnO MgO CaO Na2O K2O P2O5
5000.00 1538.15 2.692360 6.525354 -33860.950149 0.836078 3.254480 cpx Na0.02Ca0.66Fe''0.21Mg1.00Fe'''0.03Ti0.01Al0.17Si1.90O6 52.1839 0.253619 4.01955 1.03393 6.73726 0 18.5021 17.0362 0.233428 0 0
5000.00 1533.15 5.410292 13.080165 -68005.539678 1.678154 6.526485 cpx Na0.02Ca0.68Fe''0.21Mg0.99Fe'''0.03Ti0.01Al0.18Si1.90O6 51.9691 0.281382 4.21773 1.08442 6.774 0 18.132 17.2952 0.24624 0 0
5000.00 1528.15 8.009087 19.318781 -100598.292519 2.481289 9.643827 cpx Na0.02Ca0.68Fe''0.21Mg0.97Fe'''0.03Ti0.01Al0.19Si1.89O6 51.7634 0.309643 4.41032 1.13303 6.84375 0 17.8111 17.4701 0.25867 0 0
5000.00 1523.15 10.493865 25.257180 -131699.051586 3.247160 12.614423 cpx Na0.02Ca0.69Fe''0.21Mg0.95Fe'''0.03Ti0.01Al0.20Si1.88O6 51.5629 0.338776 4.59954 1.1805 6.93308 0 17.52 17.5942 0.271001 0 0
5000.00 1518.15 12.871515 30.914576 -161393.637432 3.978005 15.447754 cpx Na0.02Ca0.69Fe''0.22Mg0.94Fe'''0.03Ti0.01Al0.21Si1.88O6 51.3659 0.368952 4.78636 1.22715 7.03543 0 17.2488 17.684 0.283368 0 0
5000.00 1513.15 15.149105 36.310034 -189771.786830 4.676112 18.153216 cpx Na0.02Ca0.70Fe''0.22Mg0.93Fe'''0.04Ti0.01Al0.21Si1.87O6 51.1713 0.400255 4.97118 1.27312 7.14706 0 16.9924 17.7489 0.295844 0 0
5000.00 1508.15 17.602339 42.117941 -220132.447958 5.425978 21.068081 cpx Na0.02Ca0.69Fe''0.23Mg0.92Fe'''0.04Ti0.01Al0.22Si1.87O6 51.0269 0.428943 5.08228 1.31045 7.37223 0 16.8394 17.6335 0.306288 0 0
5000.00 1503.15 20.543968 49.108165 -255994.430134 6.321951 24.577380 cpx Na0.02Ca0.67Fe''0.24Mg0.93Fe'''0.04Ti0.01Al0.22Si1.87O6 51.0012 0.448582 5.00777 1.32793 7.88461 0 16.9103 17.109 0.310662 0 0
5000.00 1498.15 23.215377 55.429140 -288221.582922 7.131451 27.754072 cpx Na0.02Ca0.65Fe''0.26Mg0.93Fe'''0.04Ti0.01Al0.21Si1.87O6 50.9619 0.469361 4.93934 1.34763 8.39467 0 16.9417 16.6307 0.314641 0 0
5000.00 1493.15 25.639404 61.133469 -317156.025792 7.862022 30.623900 cpx Na0.02Ca0.64Fe''0.27Mg0.93Fe'''0.04Ti0.01Al0.21Si1.87O6 50.9095 0.491718 4.87794 1.36946 8.89034 0 16.9307 16.2119 0.318507 0 0
5000.00 1488.15 27.842143 66.283332 -343175.070539 8.522198 33.217671 cpx Na0.02Ca0.63Fe''0.29Mg0.93Fe'''0.04Ti0.01Al0.21Si1.87O6 50.8454 0.515806 4.82359 1.39301 9.36527 0 16.8803 15.8542 0.322426 0 0
5000.00 1483.15 29.850945 70.945332 -366660.920600 9.120830 35.568601 cpx Na0.02Ca0.61Fe''0.30Mg0.92Fe'''0.04Ti0.02Al0.21Si1.87O6 50.7719 0.541573 4.77565 1.41771 9.81765 0 16.7968 15.5523 0.326453 0 0
5000.00 1478.15 31.247799 74.117678 -382644.847727 9.531443 37.173537 cpx Na0.02Ca0.61Fe''0.32Mg0.92Fe'''0.04Ti0.02Al0.21Si1.87O6 50.6791 0.573518 4.74267 1.44721 10.1973 0 16.6434 15.3846 0.332094 0 0
5000.00 1473.15 31.146010 73.685074 -380636.290554 9.486466 36.969462 cpx Na0.02Ca0.62Fe''0.32Mg0.90Fe'''0.04Ti0.02Al0.21Si1.87O6 50.5429 0.623148 4.74422 1.49045 10.3943 0 16.3404 15.5219 0.342707 0 0
5000.00 1468.15 31.063104 73.298011 -378905.153540 9.447627 36.789145 cpx Na0.03Ca0.62Fe''0.33Mg0.89Fe'''0.04Ti0.02Al0.21Si1.87O6 50.405 0.676022 4.74837 1.53311 10.5775 0 16.0407 15.6661 0.353222 0 0

feldspar_0 thermodynamic data and composition:
Pressure Temperature mass S H V Cp formula SiO2 TiO2 Al2O3 Fe2O3 FeO MnO MgO CaO Na2O K2O P2O5
5000.00 1508.15 1.022426 2.552287 -13858.759252 0.384876 1.265128 K0.00Na0.35Ca0.65Al1.65Si2.35O8 51.9051 0 30.7744 0 0 0 0 13.2778 4.01161 0.031107 0
5000.00 1503.15 4.614950 11.514563 -62564.778163 1.739124 5.709343 K0.00Na0.37Ca0.63Al1.63Si2.37O8 52.3238 0 30.4915 0 0 0 0 12.9467 4.20309 0.0348922 0
5000.00 1498.15 8.016250 19.989536 -108695.227800 3.024012 9.915197 K0.00Na0.38Ca0.61Al1.61Si2.39O8 52.7226 0 30.222 0 0 0 0 12.6313 4.38512 0.039033 0
5000.00 1493.15 11.195696 27.899816 -151835.208758 4.227506 13.844782 K0.00Na0.40Ca0.60Al1.60Si2.40O8 53.1003 0 29.9665 0 0 0 0 12.3324 4.55722 0.0435144 0
5000.00 1488.15 14.137512 35.205528 -191770.769590 5.343180 17.478614 K0.00Na0.41Ca0.58Al1.58Si2.42O8 53.4572 0 29.7251 0 0 0 0 12.05 4.71948 0.0483155 0
5000.00 1483.15 16.841573 41.906214 -228499.731992 6.370546 20.816597 K0.00Na0.43Ca0.57Al1.57Si2.43O8 53.7938 0 29.4972 0 0 0 0 11.7834 4.87219 0.0534143 0
5000.00 1478.15 19.329437 48.055568 -262313.984265 7.317355 23.885446 K0.00Na0.44Ca0.56Al1.56Si2.44O8 54.11 0 29.2829 0 0 0 0 11.5329 5.01531 0.0588004 0
5000.00 1473.15 21.630243 53.726128 -293608.401818 8.194272 26.721225 K0.00Na0.45Ca0.55Al1.55Si2.45O8 54.4055 0 29.0827 0 0 0 0 11.2988 5.14862 0.0644768 0
5000.00 1468.15 23.721535 58.862956 -322076.735435 8.992567 29.296339 K0.00Na0.46Ca0.54Al1.54Si2.46O8 54.6837 0 28.8939 0 0 0 0 11.0781 5.27387 0.070378 0
