Title: MORB_Gale2013-0

Bulk Composition:
Pressure Temperature mass SiO2 TiO2 Al2O3 Fe2O3 FeO MnO MgO CaO Na2O K2O P2O5 
5000.00 1573.15 100.155072 49.4173 1.42549 14.8603 1.5454 9.23632 0.169783 7.4007 12.6875 2.93273 0.148994 0.175517
5000.00 1568.15 100.155234 49.4172 1.42549 14.8603 1.54701 9.23485 0.169782 7.40068 12.6874 2.93272 0.148994 0.175516
5000.00 1563.15 100.155402 49.4171 1.42549 14.8603 1.54868 9.23333 0.169782 7.40067 12.6874 2.93272 0.148994 0.175516
5000.00 1558.15 100.155576 49.417 1.42548 14.8603 1.55042 9.23175 0.169782 7.40066 12.6874 2.93271 0.148994 0.175516
5000.00 1553.15 100.155756 49.4169 1.42548 14.8602 1.55221 9.23012 0.169782 7.40065 12.6874 2.93271 0.148993 0.175516
5000.00 1548.15 100.155942 49.4168 1.42548 14.8602 1.55406 9.22844 0.169781 7.40063 12.6873 2.9327 0.148993 0.175515
5000.00 1543.15 100.156267 49.4167 1.42547 14.8602 1.55728 9.2255 0.169781 7.40061 12.6873 2.93269 0.148993 0.175515
5000.00 1538.15 100.156869 49.4164 1.42547 14.8601 1.56328 9.22004 0.16978 7.40056 12.6872 2.93267 0.148992 0.175514
5000.00 1533.15 100.157681 49.416 1.42545 14.86 1.57136 9.21268 0.169778 7.4005 12.6871 2.93265 0.148991 0.175512
5000.00 1528.15 100.158692 49.4155 1.42544 14.8598 1.58142 9.20352 0.169777 7.40043 12.687 2.93262 0.148989 0.17551
5000.00 1523.15 100.159891 49.4149 1.42542 14.8596 1.59335 9.19266 0.169775 7.40034 12.6868 2.93259 0.148987 0.175508
5000.00 1518.15 100.160749 49.4145 1.42541 14.8595 1.60188 9.1849 0.169773 7.40028 12.6867 2.93256 0.148986 0.175507
5000.00 1513.15 100.161209 49.4142 1.4254 14.8594 1.60646 9.18073 0.169772 7.40024 12.6867 2.93255 0.148985 0.175506
5000.00 1508.15 100.161565 49.4141 1.4254 14.8594 1.61 9.17751 0.169772 7.40022 12.6866 2.93254 0.148985 0.175505
5000.00 1503.15 100.161865 49.4139 1.4254 14.8593 1.61299 9.17479 0.169771 7.40019 12.6866 2.93253 0.148984 0.175505
5000.00 1498.15 100.162155 49.4138 1.42539 14.8593 1.61587 9.17216 0.169771 7.40017 12.6866 2.93252 0.148984 0.175504
5000.00 1493.15 100.162475 49.4136 1.42539 14.8593 1.61905 9.16926 0.16977 7.40015 12.6865 2.93251 0.148983 0.175504
5000.00 1488.15 100.162862 49.4134 1.42538 14.8592 1.6229 9.16576 0.16977 7.40012 12.6865 2.9325 0.148983 0.175503
5000.00 1483.15 100.163346 49.4132 1.42537 14.8591 1.62772 9.16137 0.169769 7.40009 12.6864 2.93249 0.148982 0.175502
5000.00 1478.15 100.163953 49.4129 1.42537 14.859 1.63376 9.15587 0.169768 7.40004 12.6863 2.93247 0.148981 0.175501
5000.00 1473.15 100.164700 49.4125 1.42535 14.8589 1.64119 9.1491 0.169766 7.39999 12.6862 2.93245 0.14898 0.1755
5000.00 1468.15 100.165601 49.4121 1.42534 14.8588 1.65015 9.14094 0.169765 7.39992 12.6861 2.93242 0.148979 0.175498
5000.00 1463.15 100.166665 49.4115 1.42533 14.8586 1.66074 9.13131 0.169763 7.39984 12.686 2.93239 0.148977 0.175496
5000.00 1458.15 100.167897 49.4109 1.42531 14.8584 1.67299 9.12015 0.169761 7.39975 12.6858 2.93235 0.148975 0.175494
5000.00 1453.15 100.169301 49.4102 1.42529 14.8582 1.68696 9.10743 0.169759 7.39965 12.6857 2.93231 0.148973 0.175492
5000.00 1448.15 100.170887 49.4095 1.42527 14.858 1.70273 9.09307 0.169756 7.39953 12.6855 2.93226 0.148971 0.175489
5000.00 1443.15 100.173061 49.4084 1.42524 14.8577 1.72436 9.07338 0.169752 7.39937 12.6852 2.9322 0.148968 0.175485
5000.00 1438.15 100.175626 49.4071 1.4252 14.8573 1.74987 9.05016 0.169748 7.39918 12.6849 2.93213 0.148964 0.175481
5000.00 1433.15 100.178593 49.4057 1.42516 14.8569 1.77938 9.02329 0.169743 7.39896 12.6845 2.93204 0.148959 0.175476
5000.00 1428.15 100.181970 49.404 1.42511 14.8564 1.81297 8.9927 0.169737 7.39871 12.6841 2.93194 0.148954 0.17547
5000.00 1423.15 100.185705 49.4022 1.42506 14.8558 1.85011 8.95889 0.169731 7.39843 12.6836 2.93183 0.148949 0.175463
5000.00 1418.15 100.189697 49.4002 1.425 14.8552 1.8898 8.92275 0.169724 7.39814 12.6831 2.93171 0.148943 0.175456
5000.00 1413.15 100.191943 49.3991 1.42497 14.8549 1.91214 8.90241 0.16972 7.39797 12.6828 2.93165 0.14894 0.175452
5000.00 1408.15 100.194280 49.3979 1.42493 14.8545 1.93537 8.88126 0.169716 7.3978 12.6825 2.93158 0.148936 0.175448
5000.00 1403.15 100.197112 49.3965 1.42489 14.8541 1.96353 8.85562 0.169712 7.39759 12.6821 2.9315 0.148932 0.175443
5000.00 1398.15 100.200150 49.395 1.42485 14.8537 1.99373 8.82813 0.169706 7.39737 12.6817 2.93141 0.148927 0.175438
5000.00 1393.15 100.249073 49.3709 1.42416 14.8464 2.47986 8.38552 0.169624 7.39376 12.6756 2.92998 0.148855 0.175352
5000.00 1388.15 100.248255 49.3713 1.42417 14.8465 2.47174 8.39292 0.169625 7.39382 12.6757 2.93 0.148856 0.175354
5000.00 1383.15 100.247437 49.3717 1.42418 14.8467 2.4636 8.40032 0.169626 7.39388 12.6758 2.93003 0.148857 0.175355
5000.00 1378.15 100.246617 49.3721 1.42419 14.8468 2.45546 8.40773 0.169628 7.39394 12.6759 2.93005 0.148858 0.175356
5000.00 1373.15 100.245795 49.3725 1.4242 14.8469 2.4473 8.41516 0.169629 7.394 12.676 2.93007 0.14886 0.175358
5000.00 1368.15 100.244972 49.3729 1.42421 14.847 2.43913 8.4226 0.16963 7.39406 12.6761 2.9301 0.148861 0.175359
5000.00 1363.15 100.244147 49.3734 1.42423 14.8471 2.43093 8.43006 0.169632 7.39412 12.6762 2.93012 0.148862 0.175361
5000.00 1358.15 100.243321 49.3738 1.42424 14.8473 2.42272 8.43754 0.169633 7.39418 12.6763 2.93015 0.148863 0.175362
5000.00 1353.15 100.242491 49.3742 1.42425 14.8474 2.41449 8.44504 0.169635 7.39424 12.6764 2.93017 0.148865 0.175364
5000.00 1348.15 100.241660 49.3746 1.42426 14.8475 2.40622 8.45256 0.169636 7.3943 12.6765 2.93019 0.148866 0.175365
5000.00 1343.15 100.240825 49.375 1.42427 14.8476 2.39794 8.46011 0.169638 7.39437 12.6766 2.93022 0.148867 0.175367
5000.00 1338.15 100.239988 49.3754 1.42428 14.8478 2.38962 8.46768 0.169639 7.39443 12.6767 2.93024 0.148868 0.175368
5000.00 1333.15 100.239147 49.3758 1.4243 14.8479 2.38126 8.47529 0.16964 7.39449 12.6768 2.93027 0.148869 0.17537
5000.00 1328.15 100.238302 49.3762 1.42431 14.848 2.37287 8.48293 0.169642 7.39455 12.6769 2.93029 0.148871 0.175371
5000.00 1323.15 100.237453 49.3767 1.42432 14.8481 2.36443 8.49061 0.169643 7.39461 12.677 2.93032 0.148872 0.175372
5000.00 1318.15 100.236599 49.3771 1.42433 14.8483 2.35595 8.49833 0.169645 7.39468 12.6771 2.93034 0.148873 0.175374
5000.00 1313.15 100.235740 49.3775 1.42434 14.8484 2.34742 8.5061 0.169646 7.39474 12.6772 2.93037 0.148875 0.175375
5000.00 1308.15 100.234876 49.3779 1.42436 14.8485 2.33884 8.51392 0.169648 7.3948 12.6774 2.93039 0.148876 0.175377
5000.00 1303.15 100.234006 49.3783 1.42437 14.8486 2.33019 8.52179 0.169649 7.39487 12.6775 2.93042 0.148877 0.175378
5000.00 1298.15 100.233129 49.3788 1.42438 14.8488 2.32148 8.52972 0.169651 7.39493 12.6776 2.93044 0.148878 0.17538
5000.00 1293.15 100.232245 49.3792 1.42439 14.8489 2.31269 8.53772 0.169652 7.395 12.6777 2.93047 0.14888 0.175382
5000.00 1288.15 100.231353 49.3797 1.42441 14.849 2.30383 8.54579 0.169654 7.39506 12.6778 2.9305 0.148881 0.175383
5000.00 1283.15 100.230452 49.3801 1.42442 14.8492 2.29489 8.55393 0.169655 7.39513 12.6779 2.93052 0.148882 0.175385
5000.00 1278.15 100.229542 49.3805 1.42443 14.8493 2.28585 8.56216 0.169657 7.3952 12.678 2.93055 0.148884 0.175386
5000.00 1273.15 100.228622 49.381 1.42445 14.8494 2.27671 8.57048 0.169658 7.39527 12.6781 2.93058 0.148885 0.175388
5000.00 1268.15 100.227692 49.3815 1.42446 14.8496 2.26746 8.5789 0.16966 7.39533 12.6783 2.9306 0.148886 0.17539
5000.00 1263.15 100.226749 49.3819 1.42447 14.8497 2.25809 8.58743 0.169661 7.3954 12.6784 2.93063 0.148888 0.175391
5000.00 1258.15 100.225794 49.3824 1.42449 14.8499 2.2486 8.59607 0.169663 7.39547 12.6785 2.93066 0.148889 0.175393
5000.00 1253.15 100.224825 49.3829 1.4245 14.85 2.23897 8.60484 0.169665 7.39555 12.6786 2.93069 0.148891 0.175395
5000.00 1248.15 100.223841 49.3834 1.42451 14.8502 2.2292 8.61374 0.169666 7.39562 12.6788 2.93072 0.148892 0.175396
5000.00 1243.15 100.222841 49.3838 1.42453 14.8503 2.21926 8.62278 0.169668 7.39569 12.6789 2.93074 0.148894 0.175398
5000.00 1238.15 100.221737 49.3844 1.42454 14.8505 2.20829 8.63278 0.16967 7.39577 12.679 2.93078 0.148895 0.1754
5000.00 1233.15 100.219548 49.3855 1.42457 14.8508 2.18654 8.65258 0.169674 7.39594 12.6793 2.93084 0.148899 0.175404
5000.00 1228.15 100.217282 49.3866 1.42461 14.8511 2.16402 8.67309 0.169677 7.3961 12.6796 2.93091 0.148902 0.175408