Title: MORB_Gale2013-0

Liquid Composition:
Pressure Temperature mass SiO2 TiO2 Al2O3 Fe2O3 FeO MnO MgO CaO Na2O K2O P2O5 
5000.00 1573.15 100.155072 49.4173 1.42549 14.8603 1.5454 9.23632 0.169783 7.4007 12.6875 2.93273 0.148994 0.175517
5000.00 1568.15 100.155234 49.4172 1.42549 14.8603 1.54701 9.23485 0.169782 7.40068 12.6874 2.93272 0.148994 0.175516
5000.00 1563.15 100.155402 49.4171 1.42549 14.8603 1.54868 9.23333 0.169782 7.40067 12.6874 2.93272 0.148994 0.175516
5000.00 1558.15 100.155576 49.417 1.42548 14.8603 1.55042 9.23175 0.169782 7.40066 12.6874 2.93271 0.148994 0.175516
5000.00 1553.15 100.155756 49.4169 1.42548 14.8602 1.55221 9.23012 0.169782 7.40065 12.6874 2.93271 0.148993 0.175516
5000.00 1548.15 100.155942 49.4168 1.42548 14.8602 1.55406 9.22844 0.169781 7.40063 12.6873 2.9327 0.148993 0.175515
5000.00 1543.15 98.292531 49.3864 1.44572 15.0427 1.56018 9.30223 0.173 7.2362 12.5398 2.98309 0.151818 0.178843
5000.00 1538.15 95.047116 49.3424 1.48105 15.3651 1.5686 9.42997 0.178907 6.9457 12.2714 3.07487 0.157002 0.184949
5000.00 1533.15 91.955922 49.3129 1.51449 15.6775 1.57557 9.54786 0.184921 6.66434 12.0016 3.16739 0.162279 0.191166
5000.00 1528.15 89.005432 49.2982 1.54585 15.9799 1.58111 9.6554 0.191051 6.3918 11.7307 3.26073 0.167659 0.197504
5000.00 1523.15 86.183887 49.2988 1.57494 16.2727 1.58521 9.75203 0.197306 6.12781 11.4591 3.35496 0.173148 0.20397
5000.00 1518.15 80.892883 49.2583 1.64964 16.2559 1.62554 10.1021 0.210211 5.94308 11.0832 3.47112 0.1836 0.217311
5000.00 1513.15 74.570282 49.1586 1.7554 16.0517 1.68862 10.6147 0.228035 5.80443 10.6745 3.59094 0.197418 0.235736
5000.00 1508.15 68.749611 49.0207 1.86564 15.8375 1.75292 11.1394 0.247341 5.66865 10.3006 3.69965 0.211868 0.255694
5000.00 1503.15 63.353179 48.8414 1.98116 15.6126 1.81884 11.6792 0.26841 5.53612 9.96078 3.79708 0.226996 0.277474
5000.00 1498.15 58.328171 48.6175 2.10251 15.3763 1.88667 12.2369 0.291533 5.40782 9.65363 3.88292 0.242807 0.301379
5000.00 1493.15 53.638734 48.3459 2.22998 15.1287 1.95658 12.8153 0.317021 5.28521 9.37759 3.95674 0.259258 0.327728
5000.00 1488.15 49.259429 48.0237 2.3636 14.8697 2.02867 13.4171 0.345205 5.17008 9.13077 4.01806 0.276246 0.356863
5000.00 1483.15 45.170351 47.6477 2.50323 14.5993 2.10301 14.0455 0.376455 5.06441 8.91124 4.06626 0.293606 0.389169
5000.00 1478.15 41.353951 47.2143 2.64859 14.3172 2.1797 14.7047 0.411197 4.97026 8.71719 4.10065 0.311096 0.425084
5000.00 1473.15 37.792402 46.7189 2.79947 14.0221 2.25893 15.4 0.449948 4.88976 8.54711 4.12033 0.328386 0.465143
5000.00 1468.15 34.470087 46.1557 2.95561 13.7117 2.34095 16.1384 0.493315 4.82516 8.39997 4.12416 0.345024 0.509975
5000.00 1463.15 31.372989 45.5181 3.11675 13.3831 2.42606 16.9285 0.542014 4.77896 8.27513 4.11075 0.360395 0.560319
5000.00 1458.15 28.488903 44.798 3.2826 13.0315 2.51467 17.781 0.596885 4.75397 8.17238 4.07834 0.373689 0.617043
5000.00 1453.15 25.808507 43.9869 3.45269 12.6511 2.60711 18.7083 0.658876 4.75335 8.09167 4.02497 0.383862 0.681128
5000.00 1448.15 23.327209 43.0789 3.62574 12.236 2.70342 19.7221 0.72896 4.78017 8.0325 3.94895 0.389663 0.753579
5000.00 1443.15 20.913817 42.1354 3.77949 11.7919 2.80416 20.8286 0.81308 4.80584 7.96531 3.87528 0.391372 0.809615
5000.00 1438.15 18.649331 41.1964 3.91107 11.3494 2.90248 22.0305 0.911808 4.8399 7.84237 3.80514 0.387778 0.823141
5000.00 1433.15 16.634905 40.2713 4.00597 10.9109 2.99532 23.2485 1.02222 4.88386 7.70819 3.73818 0.378555 0.836919
5000.00 1428.15 14.864640 39.4171 4.05225 10.5017 3.079 24.4239 1.14396 4.92541 7.55496 3.68727 0.365447 0.848979
5000.00 1423.15 13.316973 38.6683 4.04546 10.1396 3.15192 25.5126 1.27691 4.95593 7.38026 3.66049 0.350426 0.858085
5000.00 1418.15 11.963628 38.03 3.98971 9.82977 3.21451 26.4963 1.42136 4.97306 7.18729 3.65896 0.334881 0.864153
5000.00 1413.15 9.653447 37.399 4.02827 9.33351 3.29633 27.812 1.40107 4.91589 7.03462 3.60252 0.315652 0.861124
5000.00 1408.15 7.107908 36.8616 4.02642 8.82822 3.3802 29.1975 1.31182 4.82092 6.85211 3.57965 0.294549 0.846965
5000.00 1403.15 4.603691 36.4405 3.93175 8.36988 3.46246 30.5663 1.19065 4.70611 6.61414 3.62441 0.2723 0.821555
5000.00 1398.15 2.184869 36.1227 3.74402 7.9531 3.54521 31.9224 1.03889 4.57723 6.32056 3.74128 0.248793 0.785871
5000.00 1393.15 0.000000 ---
5000.00 1388.15 0.000000 ---
5000.00 1383.15 0.000000 ---
5000.00 1378.15 0.000000 ---
5000.00 1373.15 0.000000 ---
5000.00 1368.15 0.000000 ---
5000.00 1363.15 0.000000 ---
5000.00 1358.15 0.000000 ---
5000.00 1353.15 0.000000 ---
5000.00 1348.15 0.000000 ---
5000.00 1343.15 0.000000 ---
5000.00 1338.15 0.000000 ---
5000.00 1333.15 0.000000 ---
5000.00 1328.15 0.000000 ---
5000.00 1323.15 0.000000 ---
5000.00 1318.15 0.000000 ---
5000.00 1313.15 0.000000 ---
5000.00 1308.15 0.000000 ---
5000.00 1303.15 0.000000 ---
5000.00 1298.15 0.000000 ---
5000.00 1293.15 0.000000 ---
5000.00 1288.15 0.000000 ---
5000.00 1283.15 0.000000 ---
5000.00 1278.15 0.000000 ---
5000.00 1273.15 0.000000 ---
5000.00 1268.15 0.000000 ---
5000.00 1263.15 0.000000 ---
5000.00 1258.15 0.000000 ---
5000.00 1253.15 0.000000 ---
5000.00 1248.15 0.000000 ---
5000.00 1243.15 0.000000 ---
5000.00 1238.15 0.000000 ---
5000.00 1233.15 0.000000 ---
5000.00 1228.15 0.000000 ---