Title: MORB_Gale2013-0

Phase Volumes:
Pressure Temperature mass V liquid_0 olivine_0 clinopyroxene_0 clinopyroxene_1 clinopyroxene_2 feldspar_0 spinel_0 whitlockite 
5000.00 1573.15 100.155072 36.363823 36.363823 0.000000 0.000000 0.000000 0.000000 0.000000 0.000000 0.000000 
5000.00 1568.15 100.155234 36.351435 36.351435 0.000000 0.000000 0.000000 0.000000 0.000000 0.000000 0.000000 
5000.00 1563.15 100.155402 36.339050 36.339050 0.000000 0.000000 0.000000 0.000000 0.000000 0.000000 0.000000 
5000.00 1558.15 100.155576 36.326670 36.326670 0.000000 0.000000 0.000000 0.000000 0.000000 0.000000 0.000000 
5000.00 1553.15 100.155756 36.314294 36.314294 0.000000 0.000000 0.000000 0.000000 0.000000 0.000000 0.000000 
5000.00 1548.15 100.155942 36.301923 36.301923 0.000000 0.000000 0.000000 0.000000 0.000000 0.000000 0.000000 
5000.00 1543.15 100.156267 36.199092 35.620542 0.000000 0.578550 0.000000 0.000000 0.000000 0.000000 0.000000 
5000.00 1538.15 100.156869 36.029435 34.445362 0.000000 1.584072 0.000000 0.000000 0.000000 0.000000 0.000000 
5000.00 1533.15 100.157681 35.867598 33.328407 0.000000 2.539191 0.000000 0.000000 0.000000 0.000000 0.000000 
5000.00 1528.15 100.158692 35.712927 32.264681 0.000000 3.448246 0.000000 0.000000 0.000000 0.000000 0.000000 
5000.00 1523.15 100.159891 35.564853 31.249831 0.000000 4.315021 0.000000 0.000000 0.000000 0.000000 0.000000 
5000.00 1518.15 100.160749 35.379222 29.297968 0.000000 5.291431 0.000000 0.000000 0.789822 0.000000 0.000000 
5000.00 1513.15 100.161209 35.184839 26.949101 0.000000 6.255409 0.000000 0.000000 1.980328 0.000000 0.000000 
5000.00 1508.15 100.161565 35.007025 24.785138 0.000000 7.122959 0.000000 0.000000 3.098927 0.000000 0.000000 
5000.00 1503.15 100.161865 34.843035 22.777792 0.000000 7.910455 0.000000 0.000000 4.154788 0.000000 0.000000 
5000.00 1498.15 100.162155 34.690879 20.907966 0.000000 8.630108 0.000000 0.000000 5.152806 0.000000 0.000000 
5000.00 1493.15 100.162475 34.549098 19.162802 0.000000 9.291190 0.000000 0.000000 6.095107 0.000000 0.000000 
5000.00 1488.15 100.162862 34.416582 17.533238 0.000000 9.900960 0.000000 0.000000 6.982384 0.000000 0.000000 
5000.00 1483.15 100.163346 34.292444 16.012186 0.000000 10.465311 0.000000 0.000000 7.814947 0.000000 0.000000 
5000.00 1478.15 100.163953 34.175939 14.593346 0.000000 10.989178 0.000000 0.000000 8.593415 0.000000 0.000000 
5000.00 1473.15 100.164700 34.066398 13.270215 0.000000 11.476830 0.000000 0.000000 9.319353 0.000000 0.000000 
5000.00 1468.15 100.165601 33.963268 12.037039 0.000000 11.931751 0.000000 0.000000 9.994478 0.000000 0.000000 
5000.00 1463.15 100.166665 33.866091 10.888590 0.000000 12.356761 0.000000 0.000000 10.620741 0.000000 0.000000 
5000.00 1458.15 100.167897 33.774499 9.820253 0.000000 12.754080 0.000000 0.000000 11.200166 0.000000 0.000000 
5000.00 1453.15 100.169301 33.688217 8.828473 0.000000 13.125424 0.000000 0.000000 11.734320 0.000000 0.000000 
5000.00 1448.15 100.170887 33.607072 7.911545 0.000000 13.472227 0.000000 0.000000 12.223301 0.000000 0.000000 
5000.00 1443.15 100.173061 33.526926 7.027791 0.000000 13.439817 0.387004 0.000000 12.667866 0.000000 0.004448 
5000.00 1438.15 100.175626 33.448804 6.205703 0.000000 13.389262 0.790926 0.000000 13.047591 0.000000 0.015322 
5000.00 1433.15 100.178593 33.376155 5.480885 0.000000 13.355598 1.161859 0.000000 13.352664 0.000000 0.025149 
5000.00 1428.15 100.181970 33.308760 4.851682 0.000000 13.337011 1.504388 0.000000 13.581572 0.000000 0.034106 
5000.00 1423.15 100.185705 33.246279 4.309506 0.000000 13.331663 1.821101 0.000000 13.741701 0.000000 0.042308 
5000.00 1418.15 100.189697 33.188392 3.842370 0.000000 13.337875 2.112290 0.000000 13.846062 0.000000 0.049795 
5000.00 1413.15 100.191943 33.126858 3.072687 0.243361 13.413705 2.180415 0.000000 14.152964 0.000000 0.063726 
5000.00 1408.15 100.194280 33.062190 2.243169 0.553883 13.512806 2.214468 0.000000 14.458370 0.000000 0.079493 
5000.00 1403.15 100.197112 32.997212 1.441998 0.876551 13.629906 2.240667 0.000000 14.713206 0.000000 0.094885 
5000.00 1398.15 100.200150 32.934953 0.679920 1.218998 13.774629 2.217558 0.000000 14.934760 0.000000 0.109087 
5000.00 1393.15 100.249073 33.039562 0.000000 0.793756 14.991183 0.275650 0.000000 15.978482 0.879595 0.120896 
5000.00 1388.15 100.248255 33.032133 0.000000 0.798094 14.875227 0.391698 0.000000 15.969562 0.876656 0.120896 
5000.00 1383.15 100.247437 33.024676 0.000000 0.802463 14.765001 0.502249 0.000000 15.960458 0.873609 0.120896 
5000.00 1378.15 100.246617 33.017191 0.000000 0.806865 14.660065 0.607747 0.000000 15.951168 0.870450 0.120896 
5000.00 1373.15 100.245795 33.009676 0.000000 0.811302 14.560029 0.708589 0.000000 15.941685 0.867176 0.120896 
5000.00 1368.15 100.244972 33.002132 0.000000 0.815776 14.464539 0.805131 0.000000 15.932005 0.863784 0.120896 
5000.00 1363.15 100.244147 32.994555 0.000000 0.820289 14.373281 0.897696 0.000000 15.922122 0.860272 0.120896 
5000.00 1358.15 100.243321 32.986947 0.000000 0.824842 14.285969 0.986573 0.000000 15.912033 0.856635 0.120896 
5000.00 1353.15 100.242491 32.979305 0.000000 0.829439 14.202346 1.072023 0.000000 15.901731 0.852871 0.120896 
5000.00 1348.15 100.241660 32.971629 0.000000 0.834081 14.122178 1.154286 0.000000 15.891212 0.848977 0.120896 
5000.00 1343.15 100.240825 32.963918 0.000000 0.838772 14.045254 1.233577 0.000000 15.880471 0.844948 0.120896 
5000.00 1338.15 100.239988 32.956170 0.000000 0.843515 13.971381 1.310095 0.000000 15.869502 0.840782 0.120896 
5000.00 1333.15 100.239147 32.948384 0.000000 0.848313 13.900382 1.384019 0.000000 15.858300 0.836474 0.120896 
5000.00 1328.15 100.238302 32.940560 0.000000 0.853168 13.832098 1.455516 0.000000 15.846861 0.832022 0.120896 
5000.00 1323.15 100.237453 32.932696 0.000000 0.858086 13.766380 1.524735 0.000000 15.835178 0.827421 0.120896 
5000.00 1318.15 100.236599 32.924791 0.000000 0.863069 13.703093 1.591816 0.000000 15.823248 0.822668 0.120896 
5000.00 1313.15 100.235740 32.916844 0.000000 0.868123 13.642114 1.656887 0.000000 15.811066 0.817759 0.120896 
5000.00 1308.15 100.234876 32.908851 0.000000 0.873251 13.583329 1.720064 0.000000 15.798622 0.812690 0.120896 
5000.00 1303.15 100.234006 32.900767 0.000000 0.878460 13.526629 1.781451 0.000000 15.785873 0.807458 0.120896 
5000.00 1298.15 100.233129 32.892639 0.000000 0.883755 13.471914 1.841145 0.000000 15.772868 0.802061 0.120896 
5000.00 1293.15 100.232245 32.884468 0.000000 0.889142 13.419097 1.899236 0.000000 15.759602 0.796495 0.120896 
5000.00 1288.15 100.231353 32.876252 0.000000 0.894627 13.368092 1.955808 0.000000 15.746073 0.790756 0.120896 
5000.00 1283.15 100.230452 32.867990 0.000000 0.900216 13.318825 2.010936 0.000000 15.732275 0.784841 0.120896 
5000.00 1278.15 100.229542 32.859681 0.000000 0.905915 13.271224 2.064692 0.000000 15.718208 0.778746 0.120896 
5000.00 1273.15 100.228622 32.851325 0.000000 0.911731 13.225223 2.117137 0.000000 15.703869 0.772469 0.120896 
5000.00 1268.15 100.227692 32.842922 0.000000 0.917671 13.180761 2.168331 0.000000 15.689257 0.766007 0.120896 
5000.00 1263.15 100.226749 32.834470 0.000000 0.923742 13.137781 2.218325 0.000000 15.674369 0.759357 0.120896 
5000.00 1258.15 100.225794 32.825970 0.000000 0.929952 13.096232 2.267166 0.000000 15.659207 0.752516 0.120896 
5000.00 1253.15 100.224825 32.817421 0.000000 0.936309 13.056064 2.314898 0.000000 15.643770 0.745484 0.120896 
5000.00 1248.15 100.223841 32.808823 0.000000 0.942820 13.017232 2.361556 0.000000 15.628061 0.738259 0.120896 
5000.00 1243.15 100.222841 32.800177 0.000000 0.949494 12.979693 2.407173 0.000000 15.612081 0.730841 0.120896 
5000.00 1238.15 100.221737 32.791122 0.000000 0.957288 12.935460 2.451678 0.009871 15.593977 0.721952 0.120896 
5000.00 1233.15 100.219548 32.777906 0.000000 0.976548 12.802041 2.493186 0.132448 15.554519 0.698267 0.120896 
5000.00 1228.15 100.217282 32.764871 0.000000 0.996222 12.675084 2.532220 0.249186 15.516143 0.675120 0.120896 
