Title: Gale2013MORB-3

System Thermodynamic Data:
Pressure Temperature mass F phi S H V dVdP*10^6 dVdT*10^6 Cp logfO2(absolute) logfO2-QFM rhol rhos viscosity aH2O chisqr
5000.00 1573.15 100.151629 1.0000000000000000 1.000000 276.068256 -1181512.542496 36.316498 -177.932084 2546.336395 150.150899 -7.247 0.000 2.757745 0.000000 1.844 0 0.000
5000.00 1568.15 100.151788 1.0000000000000000 1.000000 275.590617 -1182265.562026 36.303898 -177.955368 2546.401945 150.151714 -7.296 0.000 2.758706 0.000000 1.863 0 0.000
5000.00 1563.15 100.151952 1.0000000000000000 1.000000 275.111459 -1183018.670982 36.291302 -177.978816 2546.469844 150.152558 -7.346 0.000 2.759668 0.000000 1.883 0 0.000
5000.00 1558.15 100.152123 1.0000000000000000 1.000000 274.630771 -1183771.870994 36.278710 -178.002430 2546.540126 150.153432 -7.396 0.000 2.760631 0.000000 1.902 0 0.000
5000.00 1553.15 100.152299 1.0000000000000000 1.000000 274.148544 -1184525.163725 36.266122 -178.026217 2546.612827 150.154337 -7.447 0.000 2.761594 0.000000 1.922 0 0.000
5000.00 1548.15 100.152481 1.0000000000000000 1.000000 273.664768 -1185278.550871 36.253538 -178.050182 2546.687983 150.155271 -7.498 0.000 2.762557 0.000000 1.942 0 0.000
5000.00 1543.15 100.152670 1.0000000000000000 1.000000 273.179432 -1186032.034165 36.240959 -178.074331 2546.765629 150.156237 -7.549 0.000 2.763522 0.000000 1.962 0 0.000
5000.00 1538.15 100.153079 0.9808766352947289 0.983560 272.127724 -1187659.078967 36.135460 -176.080915 2527.399802 149.429216 -7.600 0.000 2.764039 3.224027 1.993 0 0.000
5000.00 1533.15 100.153821 0.9487583954508514 0.955803 270.696166 -1189870.835833 35.967086 -172.711600 2494.155958 148.209326 -7.652 0.000 2.764073 3.228444 2.032 0 0.000
5000.00 1528.15 100.154774 0.9180715018027277 0.929115 269.312081 -1192006.563907 35.806012 -169.486548 2461.550330 147.046177 -7.704 0.000 2.763904 3.232915 2.073 0 0.000
5000.00 1523.15 100.155925 0.8886951036947738 0.903415 267.971612 -1194072.421822 35.651658 -166.392378 2429.490878 145.935082 -7.757 0.000 2.763519 3.237437 2.115 0 0.000
5000.00 1518.15 100.156992 0.8444901837459053 0.862111 266.299639 -1196633.569599 35.476738 -160.864077 2375.573931 144.416007 -7.810 0.000 2.765471 3.183940 2.142 0 0.000
5000.00 1513.15 100.157576 0.7793939872102388 0.798356 264.175269 -1199863.930363 35.275170 -151.790663 2291.301239 142.336740 -7.863 0.000 2.771884 3.106325 2.142 0 0.000
5000.00 1508.15 100.158051 0.7193982315286475 0.738868 262.204609 -1202849.487608 35.090720 -143.281454 2213.001371 140.439813 -7.917 0.000 2.779049 3.067069 2.136 0 0.000
5000.00 1503.15 100.158469 0.6637208150337914 0.683040 260.363605 -1205628.958774 34.920602 -135.249109 2139.753264 138.696982 -7.970 0.000 2.787055 3.042993 2.125 0 0.000
5000.00 1498.15 100.158882 0.6118592555341879 0.630508 258.635371 -1208229.895997 34.762853 -127.644800 2070.977723 137.088932 -8.025 0.000 2.795985 3.026624 2.108 0 0.000
5000.00 1493.15 100.159336 0.5634995914799074 0.581076 257.007912 -1210672.216719 34.616073 -120.445746 2006.322894 135.602348 -8.079 0.000 2.805916 3.014829 2.085 0 0.000
5000.00 1488.15 100.159874 0.5184342653153654 0.534633 255.472223 -1212971.108711 34.479213 -113.643167 1945.558918 134.227406 -8.134 0.000 2.816917 3.006054 2.056 0 0.000
5000.00 1483.15 100.160530 0.4764995500944281 0.491103 254.020890 -1215139.127994 34.351414 -107.232645 1888.497604 132.955936 -8.190 0.000 2.829058 2.999433 2.020 0 0.000
5000.00 1478.15 100.161332 0.4375379033273206 0.450399 252.648913 -1217185.014214 34.231920 -101.208131 1834.945577 130.459622 -8.245 0.000 2.842414 2.994431 1.977 0 0.000
5000.00 1473.15 100.162299 0.4013736268533948 0.412403 251.350347 -1219118.683888 34.120016 -95.557871 1784.676205 129.512063 -8.302 0.000 2.857081 2.990687 1.926 0 0.000
5000.00 1468.15 100.163448 0.3678438419916379 0.377000 250.116486 -1220953.942090 34.015083 -90.269941 1737.473729 128.637068 -8.358 0.000 2.873160 2.987955 1.868 0 0.000

Title: Gale2013MORB-3

Liquid Composition:
Pressure Temperature mass SiO2 TiO2 Al2O3 Fe2O3 FeO MnO MgO CaO Na2O K2O P2O5 
5000.00 1573.15 100.151629 48.7747 1.75143 15.3641 1.51115 9.11471 0.185834 7.54536 12.4104 3.01595 0.143551 0.182774
5000.00 1568.15 100.151788 48.7746 1.75143 15.3641 1.51273 9.11327 0.185834 7.54535 12.4104 3.01594 0.143551 0.182773
5000.00 1563.15 100.151952 48.7746 1.75143 15.364 1.51436 9.11178 0.185833 7.54534 12.4104 3.01594 0.143551 0.182773
5000.00 1558.15 100.152123 48.7745 1.75142 15.364 1.51606 9.11023 0.185833 7.54533 12.4104 3.01593 0.143551 0.182773
5000.00 1553.15 100.152299 48.7744 1.75142 15.364 1.51781 9.10864 0.185833 7.54531 12.4104 3.01593 0.143551 0.182773
5000.00 1548.15 100.152481 48.7743 1.75142 15.364 1.51963 9.10699 0.185832 7.5453 12.4103 3.01592 0.14355 0.182772
5000.00 1543.15 100.152670 48.7742 1.75141 15.3639 1.5215 9.10528 0.185832 7.54529 12.4103 3.01592 0.14355 0.182772
5000.00 1538.15 98.237815 48.7354 1.77628 15.5548 1.52749 9.17934 0.189454 7.37865 12.257 3.06902 0.146348 0.186334
5000.00 1533.15 95.021779 48.6792 1.81787 15.8796 1.53546 9.30293 0.195866 7.09493 11.988 3.1623 0.151301 0.192641
5000.00 1528.15 91.949243 48.638 1.85699 16.1944 1.5421 9.41742 0.202411 6.81949 11.7172 3.25656 0.156357 0.199078
5000.00 1523.15 89.008080 48.6123 1.89339 16.4996 1.54742 9.52227 0.2091 6.55203 11.4449 3.35188 0.161524 0.205656
5000.00 1518.15 84.581597 48.5588 1.9612 16.614 1.57368 9.77336 0.220043 6.34437 11.1076 3.46106 0.169509 0.216419
5000.00 1513.15 78.062213 48.4157 2.08549 16.4317 1.63558 10.2767 0.23842 6.22274 10.6936 3.58345 0.182181 0.234494
5000.00 1508.15 72.053525 48.2327 2.21488 16.2384 1.69903 10.794 0.258302 6.10276 10.315 3.69537 0.195451 0.254048
5000.00 1503.15 66.477261 48.0061 2.35021 16.0331 1.7645 11.3289 0.279969 5.9849 9.97101 3.79664 0.209369 0.275359
5000.00 1498.15 61.283139 47.7329 2.49189 15.8148 1.8323 11.8841 0.303698 5.87032 9.66034 3.88695 0.223938 0.298697
5000.00 1493.15 56.439745 47.4107 2.63982 15.5836 1.90256 12.4624 0.32976 5.76078 9.38107 3.96584 0.239112 0.32433
5000.00 1488.15 51.926311 47.0375 2.79341 15.3396 1.97532 13.0664 0.358423 5.65841 9.13082 4.03281 0.254783 0.35252
5000.00 1483.15 47.726447 46.6122 2.95168 15.083 2.05053 13.6986 0.389963 5.56545 8.90691 4.08734 0.270784 0.383542
5000.00 1478.15 43.824379 46.1336 3.11336 14.814 2.12813 14.3621 0.424685 5.48403 8.70667 4.12891 0.286889 0.417692
5000.00 1473.15 40.202505 45.6002 3.27708 14.5318 2.2081 15.0609 0.462945 5.41611 8.52772 4.15702 0.302803 0.455322
5000.00 1468.15 36.844507 45.011 3.44119 14.2355 2.2904 15.7991 0.505138 5.36347 8.36796 4.17118 0.318147 0.49682
Title: Gale2013MORB-3

liquid_0 thermodynamic data and composition:
Pressure Temperature mass S H V Cp viscosity SiO2 TiO2 Al2O3 Fe2O3 FeO MnO MgO CaO Na2O K2O P2O5 Mg#
5000.00 1573.15 100.151629 276.068256 -1181512.542496 36.316498 150.150899 1.844 48.7747 1.75143 15.3641 1.51115 9.11471 0.185834 7.54536 12.4104 3.01595 0.143551 0.182774 59.6
5000.00 1568.15 100.151788 275.590617 -1182265.562026 36.303898 150.151714 1.863 48.7746 1.75143 15.3641 1.51273 9.11327 0.185834 7.54535 12.4104 3.01594 0.143551 0.182773 59.6
5000.00 1563.15 100.151952 275.111459 -1183018.670982 36.291302 150.152558 1.883 48.7746 1.75143 15.364 1.51436 9.11178 0.185833 7.54534 12.4104 3.01594 0.143551 0.182773 59.6
5000.00 1558.15 100.152123 274.630771 -1183771.870994 36.278710 150.153432 1.902 48.7745 1.75142 15.364 1.51606 9.11023 0.185833 7.54533 12.4104 3.01593 0.143551 0.182773 59.6
5000.00 1553.15 100.152299 274.148544 -1184525.163725 36.266122 150.154337 1.922 48.7744 1.75142 15.364 1.51781 9.10864 0.185833 7.54531 12.4104 3.01593 0.143551 0.182773 59.6
5000.00 1548.15 100.152481 273.664768 -1185278.550871 36.253538 150.155271 1.942 48.7743 1.75142 15.364 1.51963 9.10699 0.185832 7.5453 12.4103 3.01592 0.14355 0.182772 59.6
5000.00 1543.15 100.152670 273.179432 -1186032.034165 36.240959 150.156237 1.962 48.7742 1.75141 15.3639 1.5215 9.10528 0.185832 7.54529 12.4103 3.01592 0.14355 0.182772 59.6
5000.00 1538.15 98.237815 267.521432 -1163396.158333 35.541400 147.137467 1.993 48.7354 1.77628 15.5548 1.52749 9.17934 0.189454 7.37865 12.257 3.06902 0.146348 0.186334 58.9
5000.00 1533.15 95.021779 258.374340 -1124926.081598 34.377452 142.075974 2.032 48.6792 1.81787 15.8796 1.53546 9.30293 0.195866 7.09493 11.988 3.1623 0.151301 0.192641 57.6
5000.00 1528.15 91.949243 249.644346 -1088280.711865 33.267891 137.251628 2.073 48.638 1.85699 16.1944 1.5421 9.41742 0.202411 6.81949 11.7172 3.25656 0.156357 0.199078 56.3
5000.00 1523.15 89.008080 241.296773 -1053310.538452 32.208242 132.644634 2.115 48.6123 1.89339 16.4996 1.54742 9.52227 0.2091 6.55203 11.4449 3.35188 0.161524 0.205656 55.1
5000.00 1518.15 84.581597 228.946524 -999012.840796 30.584876 125.803154 2.142 48.5588 1.9612 16.614 1.57368 9.77336 0.220043 6.34437 11.1076 3.46106 0.169509 0.216419 53.6
5000.00 1513.15 78.062213 210.953454 -917427.878640 28.162146 115.818673 2.142 48.4157 2.08549 16.4317 1.63558 10.2767 0.23842 6.22274 10.6936 3.58345 0.182181 0.234494 51.9
5000.00 1508.15 72.053525 194.378800 -842392.493188 25.927403 106.639987 2.136 48.2327 2.21488 16.2384 1.69903 10.794 0.258302 6.10276 10.315 3.69537 0.195451 0.254048 50.2
5000.00 1503.15 66.477261 179.008716 -772918.691199 23.852154 98.144931 2.125 48.0061 2.35021 16.0331 1.7645 11.3289 0.279969 5.9849 9.97101 3.79664 0.209369 0.275359 48.5
5000.00 1498.15 61.283139 164.705481 -708370.863605 21.918264 90.254408 2.108 47.7329 2.49189 15.8148 1.8323 11.8841 0.303698 5.87032 9.66034 3.88695 0.223938 0.298697 46.8
5000.00 1493.15 56.439745 151.382470 -648349.002883 20.114555 82.918170 2.085 47.4107 2.63982 15.5836 1.90256 12.4624 0.32976 5.76078 9.38107 3.96584 0.239112 0.32433 45.2
5000.00 1488.15 51.926311 138.981701 -592584.401313 18.433740 76.102137 2.056 47.0375 2.79341 15.3396 1.97532 13.0664 0.358423 5.65841 9.13082 4.03281 0.254783 0.35252 43.6
5000.00 1483.15 47.726447 127.456844 -540861.041857 16.870085 69.778828 2.020 46.6122 2.95168 15.083 2.05053 13.6986 0.389963 5.56545 8.90691 4.08734 0.270784 0.383542 42.0
5000.00 1478.15 43.824379 116.764726 -492966.527937 15.418013 62.600953 1.977 46.1336 3.11336 14.814 2.12813 14.3621 0.424685 5.48403 8.70667 4.12891 0.286889 0.417692 40.5
5000.00 1473.15 40.202505 106.856047 -448666.256623 14.071182 57.320560 1.926 45.6002 3.27708 14.5318 2.2081 15.0609 0.462945 5.41611 8.52772 4.15702 0.302803 0.455322 39.1
5000.00 1468.15 36.844507 97.681429 -407747.150494 12.823689 52.441216 1.868 45.011 3.44119 14.2355 2.2904 15.7991 0.505138 5.36347 8.36796 4.17118 0.318147 0.49682 37.7

feldspar_0 thermodynamic data and composition:
Pressure Temperature mass S H V Cp formula SiO2 TiO2 Al2O3 Fe2O3 FeO MnO MgO CaO Na2O K2O P2O5
5000.00 1518.15 1.315971 3.282042 -17839.491624 0.493342 1.628309 K0.00Na0.29Ca0.71Al1.71Si2.29O8 50.4121 0 31.7802 0 0 0 0 14.456 3.3216 0.0300563 0
5000.00 1513.15 4.557589 11.361833 -61792.911027 1.710490 5.638209 K0.00Na0.31Ca0.69Al1.69Si2.31O8 50.834 0 31.4952 0 0 0 0 14.1224 3.51434 0.0341139 0
5000.00 1508.15 7.603413 18.946033 -103105.430666 2.856711 9.404322 K0.00Na0.33Ca0.67Al1.67Si2.33O8 51.2478 0 31.2154 0 0 0 0 13.795 3.70311 0.038663 0
5000.00 1503.15 10.478520 26.096680 -142116.650806 3.941085 12.957715 K0.00Na0.34Ca0.66Al1.66Si2.34O8 51.6517 0 30.9422 0 0 0 0 13.4754 3.88692 0.0437717 0
5000.00 1498.15 13.194509 32.842160 -178983.581449 4.967653 16.312756 K0.00Na0.36Ca0.64Al1.64Si2.36O8 52.0437 0 30.6768 0 0 0 0 13.165 4.06491 0.0495111 0
5000.00 1493.15 15.754155 39.188930 -213743.618365 5.937144 19.472888 K0.00Na0.37Ca0.62Al1.62Si2.38O8 52.4227 0 30.4201 0 0 0 0 12.8648 4.23641 0.0559539 0
5000.00 1488.15 18.156023 45.133093 -246376.929880 6.848715 22.436352 K0.00Na0.39Ca0.61Al1.61Si2.39O8 52.7877 0 30.1727 0 0 0 0 12.5755 4.401 0.0631745 0
5000.00 1483.15 20.398156 50.669632 -276856.434673 7.701339 25.200753 K0.00Na0.40Ca0.60Al1.60Si2.40O8 53.1383 0 29.9347 0 0 0 0 12.2973 4.55843 0.0712489 0
5000.00 1478.15 22.480326 55.798026 -305178.331153 8.494662 27.765849 K0.00Na0.41Ca0.58Al1.58Si2.42O8 53.4745 0 29.7062 0 0 0 0 12.0304 4.70865 0.0802566 0
5000.00 1473.15 24.405602 60.526129 -331383.331078 9.229600 30.135481 K0.01Na0.42Ca0.57Al1.57Si2.43O8 53.7966 0 29.487 0 0 0 0 11.7743 4.85177 0.0902856 0
5000.00 1468.15 26.177742 64.863608 -355521.445426 9.907350 32.314348 K0.01Na0.44Ca0.56Al1.56Si2.44O8 54.1049 0 29.2768 0 0 0 0 11.529 4.98781 0.10142 0

clinopyroxene_0 thermodynamic data and composition:
Pressure Temperature mass S H V Cp structure formula SiO2 TiO2 Al2O3 Fe2O3 FeO MnO MgO CaO Na2O K2O P2O5
5000.00 1538.15 1.915264 4.606292 -24262.920634 0.594059 2.291749 cpx Na0.02Ca0.79Fe''0.16Mg0.88Fe'''0.04Ti0.01Al0.24Si1.86O6 50.7568 0.475772 5.57194 1.42719 5.11256 0 16.0906 20.2736 0.291484 0 0
5000.00 1533.15 5.132043 12.321826 -64944.754236 1.589634 6.133353 cpx Na0.02Ca0.79Fe''0.16Mg0.87Fe'''0.04Ti0.01Al0.25Si1.85O6 50.523 0.520628 5.81334 1.48667 5.2421 0 15.8821 20.2273 0.304887 0 0
5000.00 1528.15 8.205530 19.667734 -103725.852042 2.538122 9.794549 cpx Na0.02Ca0.79Fe''0.16Mg0.86Fe'''0.04Ti0.02Al0.26Si1.84O6 50.2882 0.567839 6.0535 1.54619 5.37489 0 15.6764 20.1744 0.318586 0 0
5000.00 1523.15 11.147845 26.674839 -140761.883370 3.443417 13.290448 cpx Na0.02Ca0.79Fe''0.17Mg0.85Fe'''0.04Ti0.02Al0.27Si1.84O6 50.0531 0.617324 6.29186 1.60563 5.51095 0 15.4736 20.115 0.332575 0 0
5000.00 1518.15 14.259425 34.071073 -179781.237179 4.398520 16.984545 cpx Na0.02Ca0.78Fe''0.18Mg0.84Fe'''0.05Ti0.02Al0.28Si1.83O6 49.8859 0.668116 6.42943 1.6545 5.70777 0 15.3627 19.9452 0.346398 0 0
5000.00 1513.15 17.537775 41.859981 -220643.140696 5.402533 20.879857 cpx Na0.03Ca0.77Fe''0.18Mg0.84Fe'''0.05Ti0.02Al0.28Si1.83O6 49.821 0.719049 6.41486 1.68796 6.00378 0 15.3908 19.6031 0.359425 0 0
5000.00 1508.15 20.501114 48.879776 -257351.563754 6.306607 24.395504 cpx Na0.03Ca0.76Fe''0.19Mg0.84Fe'''0.05Ti0.02Al0.28Si1.83O6 49.7473 0.7716 6.40736 1.72344 6.30879 0 15.4116 19.2577 0.372262 0 0
5000.00 1503.15 23.202688 55.258210 -290593.616768 7.127363 27.594335 cpx Na0.03Ca0.75Fe''0.20Mg0.85Fe'''0.05Ti0.02Al0.28Si1.83O6 49.6631 0.826326 6.40772 1.76151 6.61985 0 15.4215 18.9149 0.384988 0 0
5000.00 1498.15 25.681234 61.087730 -320875.450943 7.876936 30.521768 cpx Na0.03Ca0.73Fe''0.21Mg0.85Fe'''0.05Ti0.02Al0.28Si1.83O6 49.5674 0.883826 6.41673 1.80265 6.93283 0 15.4171 18.5818 0.3977 0 0
5000.00 1493.15 27.965436 66.436513 -348579.595472 8.564374 33.211290 cpx Na0.03Ca0.72Fe''0.22Mg0.85Fe'''0.05Ti0.03Al0.28Si1.82O6 49.4591 0.944667 6.43504 1.84716 7.24303 0 15.3956 18.2649 0.41051 0 0
5000.00 1488.15 30.077540 71.357429 -374009.777517 9.196758 35.688917 cpx Na0.03Ca0.71Fe''0.23Mg0.84Fe'''0.05Ti0.03Al0.28Si1.82O6 49.3381 1.0093 6.46308 1.89517 7.54582 0 15.3556 17.9694 0.423525 0 0
5000.00 1483.15 32.035927 75.894413 -397421.651464 9.779989 37.976355 cpx Na0.03Ca0.70Fe''0.24Mg0.84Fe'''0.05Ti0.03Al0.28Si1.82O6 49.2045 1.07803 6.50102 1.94666 7.83727 0 15.2972 17.6985 0.436838 0 0
5000.00 1478.15 33.856627 80.086161 -419040.155124 10.319245 40.092819 cpx Na0.03Ca0.69Fe''0.25Mg0.84Fe'''0.06Ti0.03Al0.29Si1.81O6 49.0589 1.15096 6.5488 2.0015 8.11446 0 15.2214 17.4534 0.450522 0 0
5000.00 1473.15 35.554192 83.968171 -439069.096188 10.819234 42.056022 cpx Na0.03Ca0.68Fe''0.26Mg0.83Fe'''0.06Ti0.03Al0.29Si1.81O6 48.9024 1.22804 6.60617 2.05947 8.3755 0 15.1301 17.2337 0.464628 0 0
5000.00 1468.15 37.141199 87.571450 -457685.346169 11.284045 43.881504 cpx Na0.03Ca0.68Fe''0.27Mg0.83Fe'''0.06Ti0.04Al0.29Si1.81O6 48.736 1.30905 6.67283 2.12033 8.61918 0 15.0255 17.0379 0.479184 0 0

Title: Gale2013MORB-3

Phase Masses:
Pressure Temperature mass liquid_0 clinopyroxene_0 feldspar_0 
5000.00 1573.15 100.151629 100.151629 0.000000 0.000000 
5000.00 1568.15 100.151788 100.151788 0.000000 0.000000 
5000.00 1563.15 100.151952 100.151952 0.000000 0.000000 
5000.00 1558.15 100.152123 100.152123 0.000000 0.000000 
5000.00 1553.15 100.152299 100.152299 0.000000 0.000000 
5000.00 1548.15 100.152481 100.152481 0.000000 0.000000 
5000.00 1543.15 100.152670 100.152670 0.000000 0.000000 
5000.00 1538.15 100.153079 98.237815 1.915264 0.000000 
5000.00 1533.15 100.153821 95.021779 5.132043 0.000000 
5000.00 1528.15 100.154774 91.949243 8.205530 0.000000 
5000.00 1523.15 100.155925 89.008080 11.147845 0.000000 
5000.00 1518.15 100.156992 84.581597 14.259425 1.315971 
5000.00 1513.15 100.157576 78.062213 17.537775 4.557589 
5000.00 1508.15 100.158051 72.053525 20.501114 7.603413 
5000.00 1503.15 100.158469 66.477261 23.202688 10.478520 
5000.00 1498.15 100.158882 61.283139 25.681234 13.194509 
5000.00 1493.15 100.159336 56.439745 27.965436 15.754155 
5000.00 1488.15 100.159874 51.926311 30.077540 18.156023 
5000.00 1483.15 100.160530 47.726447 32.035927 20.398156 
5000.00 1478.15 100.161332 43.824379 33.856627 22.480326 
5000.00 1473.15 100.162299 40.202505 35.554192 24.405602 

Title: Gale2013MORB-3

Phase Volumes:
Pressure Temperature mass V liquid_0 clinopyroxene_0 feldspar_0 
5000.00 1573.15 100.151629 36.316498 36.316498 0.000000 0.000000 
5000.00 1568.15 100.151788 36.303898 36.303898 0.000000 0.000000 
5000.00 1563.15 100.151952 36.291302 36.291302 0.000000 0.000000 
5000.00 1558.15 100.152123 36.278710 36.278710 0.000000 0.000000 
5000.00 1553.15 100.152299 36.266122 36.266122 0.000000 0.000000 
5000.00 1548.15 100.152481 36.253538 36.253538 0.000000 0.000000 
5000.00 1543.15 100.152670 36.240959 36.240959 0.000000 0.000000 
5000.00 1538.15 100.153079 36.135460 35.541400 0.594059 0.000000 
5000.00 1533.15 100.153821 35.967086 34.377452 1.589634 0.000000 
5000.00 1528.15 100.154774 35.806012 33.267891 2.538122 0.000000 
5000.00 1523.15 100.155925 35.651658 32.208242 3.443417 0.000000 
5000.00 1518.15 100.156992 35.476738 30.584876 4.398520 0.493342 
5000.00 1513.15 100.157576 35.275170 28.162146 5.402533 1.710490 
5000.00 1508.15 100.158051 35.090720 25.927403 6.306607 2.856711 
5000.00 1503.15 100.158469 34.920602 23.852154 7.127363 3.941085 
5000.00 1498.15 100.158882 34.762853 21.918264 7.876936 4.967653 
5000.00 1493.15 100.159336 34.616073 20.114555 8.564374 5.937144 
5000.00 1488.15 100.159874 34.479213 18.433740 9.196758 6.848715 
5000.00 1483.15 100.160530 34.351414 16.870085 9.779989 7.701339 
5000.00 1478.15 100.161332 34.231920 15.418013 10.319245 8.494662 
5000.00 1473.15 100.162299 34.120016 14.071182 10.819234 9.229600 

Title: Gale2013MORB-3

Solid Composition:
Pressure Temperature mass SiO2 TiO2 Al2O3 Fe2O3 FeO MnO MgO CaO Na2O K2O P2O5 
5000.00 1573.15 0.000000 ---
5000.00 1568.15 0.000000 ---
5000.00 1563.15 0.000000 ---
5000.00 1558.15 0.000000 ---
5000.00 1553.15 0.000000 ---
5000.00 1548.15 0.000000 ---
5000.00 1543.15 0.000000 ---
5000.00 1538.15 1.915264 50.7568 0.475772 5.57194 1.42719 5.11256 0 16.0906 20.2736 0.291484 0 0
5000.00 1533.15 5.132043 50.523 0.520628 5.81334 1.48667 5.2421 0 15.8821 20.2273 0.304887 0 0
5000.00 1528.15 8.205530 50.2882 0.567839 6.0535 1.54619 5.37489 0 15.6764 20.1744 0.318586 0 0
5000.00 1523.15 11.147845 50.0531 0.617324 6.29186 1.60563 5.51095 0 15.4736 20.115 0.332575 0 0
5000.00 1518.15 15.575395 49.9304 0.611666 8.57133 1.51471 5.22551 0 14.0647 19.4814 0.597774 0.00253947 0
5000.00 1513.15 22.095364 50.03 0.570732 11.5881 1.33978 4.76539 0 12.2161 18.4726 1.01019 0.00703664 0
5000.00 1508.15 28.104526 50.1532 0.562851 13.1189 1.25718 4.60201 0 11.2421 17.7798 1.27339 0.0104599 0
5000.00 1503.15 33.681208 50.2818 0.569248 14.0406 1.21349 4.56035 0 10.6237 17.2227 1.47447 0.0136177 0
5000.00 1498.15 38.875743 50.4079 0.583854 14.6507 1.19083 4.57981 0 10.1845 16.7433 1.64236 0.0168042 0
5000.00 1493.15 43.719591 50.527 0.60426 15.078 1.18154 4.63303 0 9.84785 16.319 1.78916 0.0201628 0
5000.00 1488.15 48.233563 50.6366 0.629382 15.3878 1.18179 4.70543 0 9.57549 15.939 1.92072 0.0237801 0
5000.00 1483.15 52.434082 50.7348 0.658648 15.6173 1.18936 4.78838 0 9.34624 15.5973 2.04024 0.0277176 0
5000.00 1478.15 56.336953 50.8209 0.691688 15.7894 1.20283 4.87652 0 9.14757 15.2894 2.14966 0.0320251 0
5000.00 1473.15 59.959794 50.8945 0.728186 15.9194 1.2212 4.9664 0 8.97166 15.0116 2.25034 0.0367492 0
Title: Gale2013MORB-3

Bulk Composition:
Pressure Temperature mass SiO2 TiO2 Al2O3 Fe2O3 FeO MnO MgO CaO Na2O K2O P2O5 
5000.00 1573.15 100.151629 48.7747 1.75143 15.3641 1.51115 9.11471 0.185834 7.54536 12.4104 3.01595 0.143551 0.182774
5000.00 1568.15 100.151788 48.7746 1.75143 15.3641 1.51273 9.11327 0.185834 7.54535 12.4104 3.01594 0.143551 0.182773
5000.00 1563.15 100.151952 48.7746 1.75143 15.364 1.51436 9.11178 0.185833 7.54534 12.4104 3.01594 0.143551 0.182773
5000.00 1558.15 100.152123 48.7745 1.75142 15.364 1.51606 9.11023 0.185833 7.54533 12.4104 3.01593 0.143551 0.182773
5000.00 1553.15 100.152299 48.7744 1.75142 15.364 1.51781 9.10864 0.185833 7.54531 12.4104 3.01593 0.143551 0.182773
5000.00 1548.15 100.152481 48.7743 1.75142 15.364 1.51963 9.10699 0.185832 7.5453 12.4103 3.01592 0.14355 0.182772
5000.00 1543.15 100.152670 48.7742 1.75141 15.3639 1.5215 9.10528 0.185832 7.54529 12.4103 3.01592 0.14355 0.182772
5000.00 1538.15 100.153079 48.774 1.75141 15.3639 1.52557 9.10157 0.185831 7.54525 12.4103 3.01591 0.143549 0.182771
5000.00 1533.15 100.153821 48.7737 1.75139 15.3638 1.53296 9.09485 0.18583 7.5452 12.4102 3.01588 0.143548 0.18277
5000.00 1528.15 100.154774 48.7732 1.75138 15.3636 1.54244 9.08622 0.185828 7.54513 12.41 3.01585 0.143547 0.182768
5000.00 1523.15 100.155925 48.7726 1.75136 15.3634 1.5539 9.07579 0.185826 7.54504 12.4099 3.01582 0.143545 0.182766
5000.00 1518.15 100.156992 48.7721 1.75134 15.3633 1.56451 9.06613 0.185824 7.54496 12.4098 3.01579 0.143544 0.182764
5000.00 1513.15 100.157576 48.7718 1.75133 15.3632 1.57032 9.06084 0.185823 7.54492 12.4097 3.01577 0.143543 0.182763
5000.00 1508.15 100.158051 48.7716 1.75132 15.3631 1.57505 9.05654 0.185822 7.54488 12.4096 3.01576 0.143542 0.182762
5000.00 1503.15 100.158469 48.7714 1.75131 15.363 1.57921 9.05275 0.185821 7.54485 12.4096 3.01574 0.143542 0.182761
5000.00 1498.15 100.158882 48.7712 1.7513 15.363 1.58332 9.04901 0.18582 7.54482 12.4095 3.01573 0.143541 0.182761
5000.00 1493.15 100.159336 48.771 1.7513 15.3629 1.58783 9.0449 0.18582 7.54478 12.4095 3.01572 0.14354 0.18276
5000.00 1488.15 100.159874 48.7707 1.75129 15.3628 1.59318 9.04003 0.185819 7.54474 12.4094 3.0157 0.14354 0.182759
5000.00 1483.15 100.160530 48.7704 1.75128 15.3627 1.59971 9.03409 0.185817 7.54469 12.4093 3.01568 0.143539 0.182758
5000.00 1478.15 100.161332 48.77 1.75126 15.3626 1.60769 9.02682 0.185816 7.54463 12.4092 3.01566 0.143538 0.182756
5000.00 1473.15 100.162299 48.7695 1.75124 15.3625 1.61731 9.01806 0.185814 7.54456 12.4091 3.01563 0.143536 0.182754
