Title: Gale2013MORB-3

liquid_0 thermodynamic data and composition:
Pressure Temperature mass S H V Cp viscosity SiO2 TiO2 Al2O3 Fe2O3 FeO MnO MgO CaO Na2O K2O P2O5 Mg#
5000.00 1573.15 100.151629 276.068256 -1181512.542496 36.316498 150.150899 1.844 48.7747 1.75143 15.3641 1.51115 9.11471 0.185834 7.54536 12.4104 3.01595 0.143551 0.182774 59.6
5000.00 1568.15 100.151788 275.590617 -1182265.562026 36.303898 150.151714 1.863 48.7746 1.75143 15.3641 1.51273 9.11327 0.185834 7.54535 12.4104 3.01594 0.143551 0.182773 59.6
5000.00 1563.15 100.151952 275.111459 -1183018.670982 36.291302 150.152558 1.883 48.7746 1.75143 15.364 1.51436 9.11178 0.185833 7.54534 12.4104 3.01594 0.143551 0.182773 59.6
5000.00 1558.15 100.152123 274.630771 -1183771.870994 36.278710 150.153432 1.902 48.7745 1.75142 15.364 1.51606 9.11023 0.185833 7.54533 12.4104 3.01593 0.143551 0.182773 59.6
5000.00 1553.15 100.152299 274.148544 -1184525.163725 36.266122 150.154337 1.922 48.7744 1.75142 15.364 1.51781 9.10864 0.185833 7.54531 12.4104 3.01593 0.143551 0.182773 59.6
5000.00 1548.15 100.152481 273.664768 -1185278.550871 36.253538 150.155271 1.942 48.7743 1.75142 15.364 1.51963 9.10699 0.185832 7.5453 12.4103 3.01592 0.14355 0.182772 59.6
5000.00 1543.15 100.152670 273.179432 -1186032.034165 36.240959 150.156237 1.962 48.7742 1.75141 15.3639 1.5215 9.10528 0.185832 7.54529 12.4103 3.01592 0.14355 0.182772 59.6
5000.00 1538.15 98.237815 267.521432 -1163396.158333 35.541400 147.137467 1.993 48.7354 1.77628 15.5548 1.52749 9.17934 0.189454 7.37865 12.257 3.06902 0.146348 0.186334 58.9
5000.00 1533.15 95.021779 258.374340 -1124926.081598 34.377452 142.075974 2.032 48.6792 1.81787 15.8796 1.53546 9.30293 0.195866 7.09493 11.988 3.1623 0.151301 0.192641 57.6
5000.00 1528.15 91.949243 249.644346 -1088280.711865 33.267891 137.251628 2.073 48.638 1.85699 16.1944 1.5421 9.41742 0.202411 6.81949 11.7172 3.25656 0.156357 0.199078 56.3
5000.00 1523.15 89.008080 241.296773 -1053310.538452 32.208242 132.644634 2.115 48.6123 1.89339 16.4996 1.54742 9.52227 0.2091 6.55203 11.4449 3.35188 0.161524 0.205656 55.1
5000.00 1518.15 84.581597 228.946524 -999012.840796 30.584876 125.803154 2.142 48.5588 1.9612 16.614 1.57368 9.77336 0.220043 6.34437 11.1076 3.46106 0.169509 0.216419 53.6
5000.00 1513.15 78.062213 210.953454 -917427.878640 28.162146 115.818673 2.142 48.4157 2.08549 16.4317 1.63558 10.2767 0.23842 6.22274 10.6936 3.58345 0.182181 0.234494 51.9
5000.00 1508.15 72.053525 194.378800 -842392.493188 25.927403 106.639987 2.136 48.2327 2.21488 16.2384 1.69903 10.794 0.258302 6.10276 10.315 3.69537 0.195451 0.254048 50.2
5000.00 1503.15 66.477261 179.008716 -772918.691199 23.852154 98.144931 2.125 48.0061 2.35021 16.0331 1.7645 11.3289 0.279969 5.9849 9.97101 3.79664 0.209369 0.275359 48.5
5000.00 1498.15 61.283139 164.705481 -708370.863605 21.918264 90.254408 2.108 47.7329 2.49189 15.8148 1.8323 11.8841 0.303698 5.87032 9.66034 3.88695 0.223938 0.298697 46.8
5000.00 1493.15 56.439745 151.382470 -648349.002883 20.114555 82.918170 2.085 47.4107 2.63982 15.5836 1.90256 12.4624 0.32976 5.76078 9.38107 3.96584 0.239112 0.32433 45.2
5000.00 1488.15 51.926311 138.981701 -592584.401313 18.433740 76.102137 2.056 47.0375 2.79341 15.3396 1.97532 13.0664 0.358423 5.65841 9.13082 4.03281 0.254783 0.35252 43.6
5000.00 1483.15 47.726447 127.456844 -540861.041857 16.870085 69.778828 2.020 46.6122 2.95168 15.083 2.05053 13.6986 0.389963 5.56545 8.90691 4.08734 0.270784 0.383542 42.0
5000.00 1478.15 43.824379 116.764726 -492966.527937 15.418013 62.600953 1.977 46.1336 3.11336 14.814 2.12813 14.3621 0.424685 5.48403 8.70667 4.12891 0.286889 0.417692 40.5
5000.00 1473.15 40.202505 106.856047 -448666.256623 14.071182 57.320560 1.926 45.6002 3.27708 14.5318 2.2081 15.0609 0.462945 5.41611 8.52772 4.15702 0.302803 0.455322 39.1
5000.00 1468.15 36.844507 97.681429 -407747.150494 12.823689 52.441216 1.868 45.011 3.44119 14.2355 2.2904 15.7991 0.505138 5.36347 8.36796 4.17118 0.318147 0.49682 37.7

feldspar_0 thermodynamic data and composition:
Pressure Temperature mass S H V Cp formula SiO2 TiO2 Al2O3 Fe2O3 FeO MnO MgO CaO Na2O K2O P2O5
5000.00 1518.15 1.315971 3.282042 -17839.491624 0.493342 1.628309 K0.00Na0.29Ca0.71Al1.71Si2.29O8 50.4121 0 31.7802 0 0 0 0 14.456 3.3216 0.0300563 0
5000.00 1513.15 4.557589 11.361833 -61792.911027 1.710490 5.638209 K0.00Na0.31Ca0.69Al1.69Si2.31O8 50.834 0 31.4952 0 0 0 0 14.1224 3.51434 0.0341139 0
5000.00 1508.15 7.603413 18.946033 -103105.430666 2.856711 9.404322 K0.00Na0.33Ca0.67Al1.67Si2.33O8 51.2478 0 31.2154 0 0 0 0 13.795 3.70311 0.038663 0
5000.00 1503.15 10.478520 26.096680 -142116.650806 3.941085 12.957715 K0.00Na0.34Ca0.66Al1.66Si2.34O8 51.6517 0 30.9422 0 0 0 0 13.4754 3.88692 0.0437717 0
5000.00 1498.15 13.194509 32.842160 -178983.581449 4.967653 16.312756 K0.00Na0.36Ca0.64Al1.64Si2.36O8 52.0437 0 30.6768 0 0 0 0 13.165 4.06491 0.0495111 0
5000.00 1493.15 15.754155 39.188930 -213743.618365 5.937144 19.472888 K0.00Na0.37Ca0.62Al1.62Si2.38O8 52.4227 0 30.4201 0 0 0 0 12.8648 4.23641 0.0559539 0
5000.00 1488.15 18.156023 45.133093 -246376.929880 6.848715 22.436352 K0.00Na0.39Ca0.61Al1.61Si2.39O8 52.7877 0 30.1727 0 0 0 0 12.5755 4.401 0.0631745 0
5000.00 1483.15 20.398156 50.669632 -276856.434673 7.701339 25.200753 K0.00Na0.40Ca0.60Al1.60Si2.40O8 53.1383 0 29.9347 0 0 0 0 12.2973 4.55843 0.0712489 0
5000.00 1478.15 22.480326 55.798026 -305178.331153 8.494662 27.765849 K0.00Na0.41Ca0.58Al1.58Si2.42O8 53.4745 0 29.7062 0 0 0 0 12.0304 4.70865 0.0802566 0
5000.00 1473.15 24.405602 60.526129 -331383.331078 9.229600 30.135481 K0.01Na0.42Ca0.57Al1.57Si2.43O8 53.7966 0 29.487 0 0 0 0 11.7743 4.85177 0.0902856 0
5000.00 1468.15 26.177742 64.863608 -355521.445426 9.907350 32.314348 K0.01Na0.44Ca0.56Al1.56Si2.44O8 54.1049 0 29.2768 0 0 0 0 11.529 4.98781 0.10142 0

clinopyroxene_0 thermodynamic data and composition:
Pressure Temperature mass S H V Cp structure formula SiO2 TiO2 Al2O3 Fe2O3 FeO MnO MgO CaO Na2O K2O P2O5
5000.00 1538.15 1.915264 4.606292 -24262.920634 0.594059 2.291749 cpx Na0.02Ca0.79Fe''0.16Mg0.88Fe'''0.04Ti0.01Al0.24Si1.86O6 50.7568 0.475772 5.57194 1.42719 5.11256 0 16.0906 20.2736 0.291484 0 0
5000.00 1533.15 5.132043 12.321826 -64944.754236 1.589634 6.133353 cpx Na0.02Ca0.79Fe''0.16Mg0.87Fe'''0.04Ti0.01Al0.25Si1.85O6 50.523 0.520628 5.81334 1.48667 5.2421 0 15.8821 20.2273 0.304887 0 0
5000.00 1528.15 8.205530 19.667734 -103725.852042 2.538122 9.794549 cpx Na0.02Ca0.79Fe''0.16Mg0.86Fe'''0.04Ti0.02Al0.26Si1.84O6 50.2882 0.567839 6.0535 1.54619 5.37489 0 15.6764 20.1744 0.318586 0 0
5000.00 1523.15 11.147845 26.674839 -140761.883370 3.443417 13.290448 cpx Na0.02Ca0.79Fe''0.17Mg0.85Fe'''0.04Ti0.02Al0.27Si1.84O6 50.0531 0.617324 6.29186 1.60563 5.51095 0 15.4736 20.115 0.332575 0 0
5000.00 1518.15 14.259425 34.071073 -179781.237179 4.398520 16.984545 cpx Na0.02Ca0.78Fe''0.18Mg0.84Fe'''0.05Ti0.02Al0.28Si1.83O6 49.8859 0.668116 6.42943 1.6545 5.70777 0 15.3627 19.9452 0.346398 0 0
5000.00 1513.15 17.537775 41.859981 -220643.140696 5.402533 20.879857 cpx Na0.03Ca0.77Fe''0.18Mg0.84Fe'''0.05Ti0.02Al0.28Si1.83O6 49.821 0.719049 6.41486 1.68796 6.00378 0 15.3908 19.6031 0.359425 0 0
5000.00 1508.15 20.501114 48.879776 -257351.563754 6.306607 24.395504 cpx Na0.03Ca0.76Fe''0.19Mg0.84Fe'''0.05Ti0.02Al0.28Si1.83O6 49.7473 0.7716 6.40736 1.72344 6.30879 0 15.4116 19.2577 0.372262 0 0
5000.00 1503.15 23.202688 55.258210 -290593.616768 7.127363 27.594335 cpx Na0.03Ca0.75Fe''0.20Mg0.85Fe'''0.05Ti0.02Al0.28Si1.83O6 49.6631 0.826326 6.40772 1.76151 6.61985 0 15.4215 18.9149 0.384988 0 0
5000.00 1498.15 25.681234 61.087730 -320875.450943 7.876936 30.521768 cpx Na0.03Ca0.73Fe''0.21Mg0.85Fe'''0.05Ti0.02Al0.28Si1.83O6 49.5674 0.883826 6.41673 1.80265 6.93283 0 15.4171 18.5818 0.3977 0 0
5000.00 1493.15 27.965436 66.436513 -348579.595472 8.564374 33.211290 cpx Na0.03Ca0.72Fe''0.22Mg0.85Fe'''0.05Ti0.03Al0.28Si1.82O6 49.4591 0.944667 6.43504 1.84716 7.24303 0 15.3956 18.2649 0.41051 0 0
5000.00 1488.15 30.077540 71.357429 -374009.777517 9.196758 35.688917 cpx Na0.03Ca0.71Fe''0.23Mg0.84Fe'''0.05Ti0.03Al0.28Si1.82O6 49.3381 1.0093 6.46308 1.89517 7.54582 0 15.3556 17.9694 0.423525 0 0
5000.00 1483.15 32.035927 75.894413 -397421.651464 9.779989 37.976355 cpx Na0.03Ca0.70Fe''0.24Mg0.84Fe'''0.05Ti0.03Al0.28Si1.82O6 49.2045 1.07803 6.50102 1.94666 7.83727 0 15.2972 17.6985 0.436838 0 0
5000.00 1478.15 33.856627 80.086161 -419040.155124 10.319245 40.092819 cpx Na0.03Ca0.69Fe''0.25Mg0.84Fe'''0.06Ti0.03Al0.29Si1.81O6 49.0589 1.15096 6.5488 2.0015 8.11446 0 15.2214 17.4534 0.450522 0 0
5000.00 1473.15 35.554192 83.968171 -439069.096188 10.819234 42.056022 cpx Na0.03Ca0.68Fe''0.26Mg0.83Fe'''0.06Ti0.03Al0.29Si1.81O6 48.9024 1.22804 6.60617 2.05947 8.3755 0 15.1301 17.2337 0.464628 0 0
5000.00 1468.15 37.141199 87.571450 -457685.346169 11.284045 43.881504 cpx Na0.03Ca0.68Fe''0.27Mg0.83Fe'''0.06Ti0.04Al0.29Si1.81O6 48.736 1.30905 6.67283 2.12033 8.61918 0 15.0255 17.0379 0.479184 0 0
