Title: Gale2013MORB-3

Solid Composition:
Pressure Temperature mass SiO2 TiO2 Al2O3 Fe2O3 FeO MnO MgO CaO Na2O K2O P2O5 
5000.00 1573.15 0.000000 ---
5000.00 1568.15 0.000000 ---
5000.00 1563.15 0.000000 ---
5000.00 1558.15 0.000000 ---
5000.00 1553.15 0.000000 ---
5000.00 1548.15 0.000000 ---
5000.00 1543.15 0.000000 ---
5000.00 1538.15 1.915264 50.7568 0.475772 5.57194 1.42719 5.11256 0 16.0906 20.2736 0.291484 0 0
5000.00 1533.15 5.132043 50.523 0.520628 5.81334 1.48667 5.2421 0 15.8821 20.2273 0.304887 0 0
5000.00 1528.15 8.205530 50.2882 0.567839 6.0535 1.54619 5.37489 0 15.6764 20.1744 0.318586 0 0
5000.00 1523.15 11.147845 50.0531 0.617324 6.29186 1.60563 5.51095 0 15.4736 20.115 0.332575 0 0
5000.00 1518.15 15.575395 49.9304 0.611666 8.57133 1.51471 5.22551 0 14.0647 19.4814 0.597774 0.00253947 0
5000.00 1513.15 22.095364 50.03 0.570732 11.5881 1.33978 4.76539 0 12.2161 18.4726 1.01019 0.00703664 0
5000.00 1508.15 28.104526 50.1532 0.562851 13.1189 1.25718 4.60201 0 11.2421 17.7798 1.27339 0.0104599 0
5000.00 1503.15 33.681208 50.2818 0.569248 14.0406 1.21349 4.56035 0 10.6237 17.2227 1.47447 0.0136177 0
5000.00 1498.15 38.875743 50.4079 0.583854 14.6507 1.19083 4.57981 0 10.1845 16.7433 1.64236 0.0168042 0
5000.00 1493.15 43.719591 50.527 0.60426 15.078 1.18154 4.63303 0 9.84785 16.319 1.78916 0.0201628 0
5000.00 1488.15 48.233563 50.6366 0.629382 15.3878 1.18179 4.70543 0 9.57549 15.939 1.92072 0.0237801 0
5000.00 1483.15 52.434082 50.7348 0.658648 15.6173 1.18936 4.78838 0 9.34624 15.5973 2.04024 0.0277176 0
5000.00 1478.15 56.336953 50.8209 0.691688 15.7894 1.20283 4.87652 0 9.14757 15.2894 2.14966 0.0320251 0
5000.00 1473.15 59.959794 50.8945 0.728186 15.9194 1.2212 4.9664 0 8.97166 15.0116 2.25034 0.0367492 0