Title: Gale2013MORB-9

System Thermodynamic Data:
Pressure Temperature mass F phi S H V dVdP*10^6 dVdT*10^6 Cp logfO2(absolute) logfO2-QFM rhol rhos viscosity aH2O chisqr
5000.00 1573.15 100.136775 1.0000000000000000 1.000000 276.038752 -1192973.703089 36.420688 -179.638522 2538.965074 150.871610 -7.247 0.000 2.749448 0.000000 1.890 0 0.000
5000.00 1568.15 100.136919 1.0000000000000000 1.000000 275.558786 -1193730.111903 36.408113 -179.703985 2539.024519 150.872349 -7.296 0.000 2.750401 0.000000 1.910 0 0.000
5000.00 1563.15 100.137069 1.0000000000000000 1.000000 275.077293 -1194486.601724 36.395541 -179.769596 2539.086096 150.873115 -7.346 0.000 2.751355 0.000000 1.929 0 0.000
5000.00 1558.15 100.137223 1.0000000000000000 1.000000 274.594263 -1195243.174030 36.382972 -179.835358 2539.149835 150.873907 -7.396 0.000 2.752310 0.000000 1.949 0 0.000
5000.00 1553.15 100.137383 1.0000000000000000 1.000000 274.109686 -1195999.830332 36.370408 -179.901277 2539.215768 150.874727 -7.447 0.000 2.753265 0.000000 1.969 0 0.000
5000.00 1548.15 100.137548 1.0000000000000000 1.000000 273.623551 -1196756.572170 36.357847 -179.967357 2539.283928 150.875575 -7.498 0.000 2.754221 0.000000 1.989 0 0.000
5000.00 1543.15 100.137719 1.0000000000000000 1.000000 273.135848 -1197513.401116 36.345290 -180.033604 2539.354348 150.876451 -7.549 0.000 2.755177 0.000000 2.009 0 0.000
5000.00 1538.15 100.137862 0.9925804310206546 0.993644 272.435078 -1198595.130931 36.297030 -179.303946 2531.739105 150.596264 -7.600 0.000 2.755892 3.220356 2.034 0 0.000
5000.00 1533.15 100.138029 0.9601837982768279 0.965777 271.023386 -1200765.958740 36.128665 -175.893045 2497.824211 149.370912 -7.652 0.000 2.755655 3.224662 2.076 0 0.000

Title: Gale2013MORB-9

Liquid Composition:
Pressure Temperature mass SiO2 TiO2 Al2O3 Fe2O3 FeO MnO MgO CaO Na2O K2O P2O5 
5000.00 1573.15 100.136775 49.1117 1.62987 16.1889 1.36333 8.5744 0.165687 8.1688 11.7665 2.71138 0.14715 0.172254
5000.00 1568.15 100.136919 49.1117 1.62987 16.1889 1.36476 8.57309 0.165687 8.16879 11.7664 2.71137 0.14715 0.172254
5000.00 1563.15 100.137069 49.1116 1.62987 16.1889 1.36625 8.57174 0.165687 8.16878 11.7664 2.71137 0.14715 0.172254
5000.00 1558.15 100.137223 49.1115 1.62986 16.1889 1.36779 8.57034 0.165687 8.16877 11.7664 2.71137 0.147149 0.172253
5000.00 1553.15 100.137383 49.1114 1.62986 16.1888 1.36938 8.56889 0.165686 8.16875 11.7664 2.71136 0.147149 0.172253
5000.00 1548.15 100.137548 49.1114 1.62986 16.1888 1.37102 8.5674 0.165686 8.16874 11.7664 2.71136 0.147149 0.172253
5000.00 1543.15 100.137719 49.1113 1.62986 16.1888 1.37272 8.56585 0.165686 8.16872 11.7664 2.71135 0.147149 0.172252
5000.00 1538.15 99.394882 49.0947 1.63934 16.2703 1.37532 8.58555 0.166924 8.09757 11.7189 2.72968 0.148248 0.17354
5000.00 1533.15 96.150913 49.0294 1.68097 16.6306 1.38006 8.67514 0.172556 7.78534 11.5008 2.81251 0.15325 0.179395
Title: Gale2013MORB-9

liquid_0 thermodynamic data and composition:
Pressure Temperature mass S H V Cp viscosity SiO2 TiO2 Al2O3 Fe2O3 FeO MnO MgO CaO Na2O K2O P2O5 Mg#
5000.00 1573.15 100.136775 276.038752 -1192973.703089 36.420688 150.871610 1.890 49.1117 1.62987 16.1889 1.36333 8.5744 0.165687 8.1688 11.7665 2.71138 0.14715 0.172254 62.9
5000.00 1568.15 100.136919 275.558786 -1193730.111903 36.408113 150.872349 1.910 49.1117 1.62987 16.1889 1.36476 8.57309 0.165687 8.16879 11.7664 2.71137 0.14715 0.172254 62.9
5000.00 1563.15 100.137069 275.077293 -1194486.601724 36.395541 150.873115 1.929 49.1116 1.62987 16.1889 1.36625 8.57174 0.165687 8.16878 11.7664 2.71137 0.14715 0.172254 62.9
5000.00 1558.15 100.137223 274.594263 -1195243.174030 36.382972 150.873907 1.949 49.1115 1.62986 16.1889 1.36779 8.57034 0.165687 8.16877 11.7664 2.71137 0.147149 0.172253 63.0
5000.00 1553.15 100.137383 274.109686 -1195999.830332 36.370408 150.874727 1.969 49.1114 1.62986 16.1888 1.36938 8.56889 0.165686 8.16875 11.7664 2.71136 0.147149 0.172253 63.0
5000.00 1548.15 100.137548 273.623551 -1196756.572170 36.357847 150.875575 1.989 49.1114 1.62986 16.1888 1.37102 8.5674 0.165686 8.16874 11.7664 2.71136 0.147149 0.172253 63.0
5000.00 1543.15 100.137719 273.135848 -1197513.401116 36.345290 150.876451 2.009 49.1113 1.62986 16.1888 1.37272 8.56585 0.165686 8.16872 11.7664 2.71135 0.147149 0.172252 63.0
5000.00 1538.15 99.394882 270.636914 -1189193.024198 36.066316 149.699976 2.034 49.0947 1.63934 16.2703 1.37532 8.58555 0.166924 8.09757 11.7189 2.72968 0.148248 0.17354 62.7
5000.00 1533.15 96.150913 261.392636 -1150355.854935 34.892220 144.568320 2.076 49.0294 1.68097 16.6306 1.38006 8.67514 0.172556 7.78534 11.5008 2.81251 0.15325 0.179395 61.5

clinopyroxene_0 thermodynamic data and composition:
Pressure Temperature mass S H V Cp structure formula SiO2 TiO2 Al2O3 Fe2O3 FeO MnO MgO CaO Na2O K2O P2O5
5000.00 1538.15 0.742980 1.798164 -9402.106733 0.230714 0.896289 cpx Na0.02Ca0.71Fe''0.18Mg0.96Fe'''0.03Ti0.01Al0.23Si1.87O6 51.3251 0.360642 5.2769 1.21729 5.75602 0 17.6859 18.1192 0.258912 0 0
5000.00 1533.15 3.987116 9.630749 -50410.103805 1.236444 4.802592 cpx Na0.02Ca0.71Fe''0.18Mg0.95Fe'''0.03Ti0.01Al0.24Si1.86O6 51.0823 0.397124 5.53211 1.27323 5.85989 0 17.4135 18.1703 0.27158 0 0

Title: Gale2013MORB-9

Phase Masses:
Pressure Temperature mass liquid_0 clinopyroxene_0 
5000.00 1573.15 100.136775 100.136775 0.000000 
5000.00 1568.15 100.136919 100.136919 0.000000 
5000.00 1563.15 100.137069 100.137069 0.000000 
5000.00 1558.15 100.137223 100.137223 0.000000 
5000.00 1553.15 100.137383 100.137383 0.000000 
5000.00 1548.15 100.137548 100.137548 0.000000 
5000.00 1543.15 100.137719 100.137719 0.000000 
5000.00 1538.15 100.137862 99.394882 0.742980 
5000.00 1533.15 100.138029 96.150913 3.987116 

Title: Gale2013MORB-9

Phase Volumes:
Pressure Temperature mass V liquid_0 clinopyroxene_0 
5000.00 1573.15 100.136775 36.420688 36.420688 0.000000 
5000.00 1568.15 100.136919 36.408113 36.408113 0.000000 
5000.00 1563.15 100.137069 36.395541 36.395541 0.000000 
5000.00 1558.15 100.137223 36.382972 36.382972 0.000000 
5000.00 1553.15 100.137383 36.370408 36.370408 0.000000 
5000.00 1548.15 100.137548 36.357847 36.357847 0.000000 
5000.00 1543.15 100.137719 36.345290 36.345290 0.000000 
5000.00 1538.15 100.137862 36.297030 36.066316 0.230714 
5000.00 1533.15 100.138029 36.128665 34.892220 1.236444 

Title: Gale2013MORB-9

Solid Composition:
Pressure Temperature mass SiO2 TiO2 Al2O3 Fe2O3 FeO MnO MgO CaO Na2O K2O P2O5 
5000.00 1573.15 0.000000 ---
5000.00 1568.15 0.000000 ---
5000.00 1563.15 0.000000 ---
5000.00 1558.15 0.000000 ---
5000.00 1553.15 0.000000 ---
5000.00 1548.15 0.000000 ---
5000.00 1543.15 0.000000 ---
5000.00 1538.15 0.742980 51.3251 0.360642 5.2769 1.21729 5.75602 0 17.6859 18.1192 0.258912 0 0
5000.00 1533.15 3.987116 51.0823 0.397124 5.53211 1.27323 5.85989 0 17.4135 18.1703 0.27158 0 0
Title: Gale2013MORB-9

Bulk Composition:
Pressure Temperature mass SiO2 TiO2 Al2O3 Fe2O3 FeO MnO MgO CaO Na2O K2O P2O5 
5000.00 1573.15 100.136775 49.1117 1.62987 16.1889 1.36333 8.5744 0.165687 8.1688 11.7665 2.71138 0.14715 0.172254
5000.00 1568.15 100.136919 49.1117 1.62987 16.1889 1.36476 8.57309 0.165687 8.16879 11.7664 2.71137 0.14715 0.172254
5000.00 1563.15 100.137069 49.1116 1.62987 16.1889 1.36625 8.57174 0.165687 8.16878 11.7664 2.71137 0.14715 0.172254
5000.00 1558.15 100.137223 49.1115 1.62986 16.1889 1.36779 8.57034 0.165687 8.16877 11.7664 2.71137 0.147149 0.172253
5000.00 1553.15 100.137383 49.1114 1.62986 16.1888 1.36938 8.56889 0.165686 8.16875 11.7664 2.71136 0.147149 0.172253
5000.00 1548.15 100.137548 49.1114 1.62986 16.1888 1.37102 8.5674 0.165686 8.16874 11.7664 2.71136 0.147149 0.172253
5000.00 1543.15 100.137719 49.1113 1.62986 16.1888 1.37272 8.56585 0.165686 8.16872 11.7664 2.71135 0.147149 0.172252
5000.00 1538.15 100.137862 49.1112 1.62985 16.1888 1.37414 8.56456 0.165686 8.16871 11.7663 2.71135 0.147148 0.172252
5000.00 1533.15 100.138029 49.1111 1.62985 16.1887 1.37581 8.56304 0.165685 8.1687 11.7663 2.71134 0.147148 0.172252
