Title: Gale2013MORB-9

Phase Masses:
Pressure Temperature mass liquid_0 clinopyroxene_0 
5000.00 1573.15 100.136775 100.136775 0.000000 
5000.00 1568.15 100.136919 100.136919 0.000000 
5000.00 1563.15 100.137069 100.137069 0.000000 
5000.00 1558.15 100.137223 100.137223 0.000000 
5000.00 1553.15 100.137383 100.137383 0.000000 
5000.00 1548.15 100.137548 100.137548 0.000000 
5000.00 1543.15 100.137719 100.137719 0.000000 
5000.00 1538.15 100.137862 99.394882 0.742980 
5000.00 1533.15 100.138029 96.150913 3.987116 
