Title: Gale2013MORB-9

Phase Volumes:
Pressure Temperature mass V liquid_0 clinopyroxene_0 
5000.00 1573.15 100.136775 36.420688 36.420688 0.000000 
5000.00 1568.15 100.136919 36.408113 36.408113 0.000000 
5000.00 1563.15 100.137069 36.395541 36.395541 0.000000 
5000.00 1558.15 100.137223 36.382972 36.382972 0.000000 
5000.00 1553.15 100.137383 36.370408 36.370408 0.000000 
5000.00 1548.15 100.137548 36.357847 36.357847 0.000000 
5000.00 1543.15 100.137719 36.345290 36.345290 0.000000 
5000.00 1538.15 100.137862 36.297030 36.066316 0.230714 
5000.00 1533.15 100.138029 36.128665 34.892220 1.236444 
