Title: Gale2013MORB-9

Solid Composition:
Pressure Temperature mass SiO2 TiO2 Al2O3 Fe2O3 FeO MnO MgO CaO Na2O K2O P2O5 
5000.00 1573.15 0.000000 ---
5000.00 1568.15 0.000000 ---
5000.00 1563.15 0.000000 ---
5000.00 1558.15 0.000000 ---
5000.00 1553.15 0.000000 ---
5000.00 1548.15 0.000000 ---
5000.00 1543.15 0.000000 ---
5000.00 1538.15 0.742980 51.3251 0.360642 5.2769 1.21729 5.75602 0 17.6859 18.1192 0.258912 0 0
5000.00 1533.15 3.987116 51.0823 0.397124 5.53211 1.27323 5.85989 0 17.4135 18.1703 0.27158 0 0
5000.00 1528.15 7.093892 50.8418 0.435232 5.78511 1.32858 5.97488 0 17.158 18.192 0.284373 0 0
5000.00 1523.15 10.074515 50.6028 0.475027 6.03619 1.38346 6.09846 0 16.9148 18.1919 0.297342 0 0
5000.00 1518.15 18.262776 50.5319 0.390482 11.775 1.08898 5.13936 0 13.3173 16.7794 0.97064 0.00692106 0
5000.00 1513.15 26.189407 50.6186 0.365712 13.9853 0.978723 4.92832 0 11.9299 15.8816 1.30065 0.0111884 0
5000.00 1508.15 33.542001 50.7337 0.362138 15.1138 0.92898 4.92572 0 11.1893 15.2102 1.52133 0.0148983 0
5000.00 1503.15 40.270899 50.846 0.371625 15.7907 0.907873 4.99416 0 10.7092 14.6692 1.69261 0.0186298 0
5000.00 1498.15 46.319454 50.9428 0.392166 16.2216 0.905059 5.0838 0 10.3588 14.2396 1.83358 0.0225473 0
5000.00 1493.15 51.665450 51.0244 0.419295 16.4946 0.913764 5.17729 0 10.0799 13.9107 1.95343 0.0266807 0
5000.00 1488.15 56.433354 51.0917 0.451782 16.6744 0.929988 5.27176 0 9.84644 13.644 2.05877 0.0311275 0
5000.00 1483.15 60.718217 51.1449 0.489151 16.7952 0.951742 5.36598 0 9.64469 13.4194 2.15302 0.0359578 0
5000.00 1478.15 64.593717 51.1836 0.531284 16.8764 0.977981 5.45948 0 9.46675 13.2252 2.23805 0.0412296 0
5000.00 1473.15 68.118441 51.2074 0.578262 16.9298 1.00816 5.55229 0 9.30768 13.0545 2.31496 0.0469939 0
5000.00 1468.15 71.336492 51.2151 0.63028 16.9629 1.04206 5.64481 0 9.16448 12.9028 2.38425 0.0532833 0
5000.00 1463.15 74.280846 51.2054 0.687597 16.9805 1.07964 5.73786 0 9.0354 12.7675 2.44598 0.0601003 0
5000.00 1458.15 76.975589 51.1767 0.750462 16.9854 1.121 5.83271 0 8.91954 12.6469 2.4999 0.0673974 0
5000.00 1453.15 79.437906 51.1273 0.81898 16.9792 1.16626 5.93103 0 8.81654 12.54 2.54563 0.0750573 0
5000.00 1448.15 81.680626 51.0566 0.892842 16.9628 1.21537 6.03449 0 8.72622 12.4459 2.58287 0.0828888 0
5000.00 1443.15 83.829227 50.9342 0.97718 16.9223 1.27136 6.15272 0 8.64813 12.3778 2.60864 0.0908012 0.0168605
5000.00 1438.15 85.815954 50.7851 1.06666 16.8692 1.33159 6.28141 0 8.58148 12.3228 2.62562 0.098497 0.0376043
5000.00 1433.15 87.599818 50.6291 1.15483 16.8116 1.39307 6.4139 0 8.52479 12.2744 2.63651 0.105719 0.0560943
5000.00 1428.15 89.991407 50.3756 1.24962 16.7308 1.44296 6.68237 0.0241151 8.456 12.1822 2.66131 0.115199 0.0798955
5000.00 1423.15 92.925722 50.0268 1.36106 16.6064 1.49251 7.09139 0.065882 8.37455 12.0609 2.68604 0.126014 0.108412
5000.00 1418.15 96.024617 49.6335 1.48436 16.4432 1.54369 7.5872 0.110816 8.28784 11.9364 2.69914 0.136255 0.137625
5000.00 1413.15 99.088606 49.2377 1.59529 16.2558 1.60091 8.1329 0.152718 8.19883 11.81 2.70735 0.144673 0.163897