Title: Gale2013MORB-7

liquid_0 thermodynamic data and composition:
Pressure Temperature mass S H V Cp viscosity SiO2 TiO2 Al2O3 Fe2O3 FeO MnO MgO CaO Na2O K2O P2O5 Mg#
5000.00 1573.15 100.142598 275.656634 -1188881.353981 36.444025 150.251493 1.940 49.7534 1.66722 15.2431 1.42125 8.69654 0.177368 7.71906 12.3092 2.67433 0.155276 0.183287 61.3
5000.00 1568.15 100.142748 275.178652 -1189634.739599 36.431599 150.252261 1.960 49.7533 1.66722 15.2431 1.42274 8.69518 0.177368 7.71905 12.3091 2.67433 0.155276 0.183287 61.3
5000.00 1563.15 100.142903 274.699149 -1190388.209273 36.419177 150.253056 1.980 49.7532 1.66722 15.2431 1.42428 8.69378 0.177368 7.71904 12.3091 2.67432 0.155276 0.183287 61.3
5000.00 1558.15 100.143064 274.218115 -1191141.764535 36.406758 150.253880 2.000 49.7531 1.66722 15.2431 1.42588 8.69232 0.177367 7.71903 12.3091 2.67432 0.155275 0.183286 61.3
5000.00 1553.15 100.143230 273.735540 -1191895.406951 36.394343 150.254732 2.020 49.7531 1.66721 15.243 1.42753 8.69082 0.177367 7.71902 12.3091 2.67432 0.155275 0.183286 61.3
5000.00 1548.15 100.143402 273.251415 -1192649.138116 36.381932 150.255612 2.040 49.753 1.66721 15.243 1.42924 8.68927 0.177367 7.719 12.3091 2.67431 0.155275 0.183286 61.3
5000.00 1543.15 100.143579 272.765728 -1193402.959662 36.369525 150.256522 2.060 49.7529 1.66721 15.243 1.43101 8.68766 0.177367 7.71899 12.309 2.67431 0.155275 0.183286 61.3
5000.00 1538.15 97.180930 264.274103 -1158009.427242 35.294621 145.578346 2.102 49.7096 1.70622 15.5499 1.43679 8.78194 0.182774 7.44225 12.0939 2.74769 0.160008 0.188873 60.2
5000.00 1533.15 94.071254 255.415065 -1120891.278632 34.169718 140.679299 2.146 49.6754 1.74748 15.8781 1.44165 8.87701 0.188816 7.14728 11.8549 2.8289 0.165298 0.195117 58.9
5000.00 1528.15 91.100240 246.959776 -1085535.644179 33.097273 136.010267 2.192 49.6556 1.78688 16.1971 1.44514 8.96246 0.194973 6.86126 11.6136 2.91081 0.170688 0.20148 57.7
5000.00 1523.15 88.256009 238.874211 -1051796.053196 32.072910 131.551757 2.238 49.6506 1.82422 16.5071 1.44724 9.03768 0.201257 6.58377 11.3705 2.99349 0.176189 0.207973 56.5
5000.00 1518.15 83.489023 225.602212 -993154.963590 30.321026 124.191153 2.270 49.628 1.90253 16.5964 1.47268 9.27823 0.212748 6.36328 11.054 3.0866 0.185623 0.219848 55.0
5000.00 1513.15 76.512726 206.379091 -905911.766441 27.729128 113.508385 2.278 49.5387 2.04342 16.3991 1.53081 9.74985 0.232146 6.20362 10.6775 3.18421 0.200738 0.239893 53.1
5000.00 1508.15 69.998620 188.448888 -824664.339596 25.307645 103.562973 2.281 49.4053 2.19685 16.1826 1.59121 10.2348 0.25375 6.03924 10.3471 3.26988 0.217006 0.262218 51.3
5000.00 1503.15 63.911047 171.713677 -748962.261418 23.043895 94.298617 2.277 49.2237 2.36428 15.9463 1.65408 10.7346 0.277919 5.87298 10.0622 3.34233 0.234484 0.287194 49.4
5000.00 1498.15 58.241028 156.147358 -678684.067882 20.935038 85.699193 2.267 48.9902 2.54644 15.6914 1.71933 11.2502 0.304976 5.70909 9.82 3.40008 0.253136 0.315154 47.5
5000.00 1493.15 52.983813 141.734677 -613755.031383 18.979731 77.754320 2.251 48.7021 2.74358 15.4201 1.78669 11.7824 0.335237 5.5521 9.61689 3.44164 0.27285 0.346424 45.7
5000.00 1488.15 48.125858 128.436158 -553986.265255 17.173285 70.439794 2.226 48.3559 2.95602 15.1347 1.85592 12.333 0.369077 5.40598 9.44902 3.46557 0.293473 0.381393 43.9
5000.00 1483.15 43.642882 116.183150 -499053.239244 15.506943 63.715053 2.194 47.9474 3.18452 14.8363 1.92693 12.9048 0.406988 5.27388 9.31341 3.47045 0.314815 0.42057 42.1
5000.00 1478.15 39.488739 104.850128 -448364.260165 13.963982 56.209732 2.153 47.4706 3.43056 14.5221 2.00021 13.5028 0.449802 5.15631 9.21096 3.45515 0.336732 0.464813 40.5

clinopyroxene_1 thermodynamic data and composition:
Pressure Temperature mass S H V Cp structure formula SiO2 TiO2 Al2O3 Fe2O3 FeO MnO MgO CaO Na2O K2O P2O5
5000.00 1478.15 0.246735 0.592904 -2953.747819 0.074767 0.297866 cpx Na0.02Ca0.32Fe''0.43Mg1.10Fe'''0.04Ti0.01Al0.21Si1.87O6 50.8642 0.451029 4.85369 1.41511 13.9792 0 20.1073 8.11102 0.218469 0 0

feldspar_0 thermodynamic data and composition:
Pressure Temperature mass S H V Cp formula SiO2 TiO2 Al2O3 Fe2O3 FeO MnO MgO CaO Na2O K2O P2O5
5000.00 1518.15 1.609624 4.014695 -21819.761807 0.603471 1.991668 K0.00Na0.29Ca0.70Al1.70Si2.30O8 50.4354 0 31.764 0 0 0 0 14.4372 3.33092 0.0324914 0
5000.00 1513.15 5.157251 12.857662 -69921.456233 1.935683 6.380076 K0.00Na0.31Ca0.69Al1.69Si2.31O8 50.8575 0 31.4787 0 0 0 0 14.1033 3.52354 0.0369837 0
5000.00 1508.15 8.544573 21.292602 -115864.826108 3.210531 10.568409 K0.00Na0.33Ca0.67Al1.67Si2.33O8 51.27 0 31.1997 0 0 0 0 13.7769 3.71135 0.0420866 0
5000.00 1503.15 11.771075 29.317419 -159642.823011 4.427479 14.556030 K0.00Na0.34Ca0.65Al1.65Si2.35O8 51.6703 0 30.9287 0 0 0 0 13.4599 3.89313 0.0478805 0
5000.00 1498.15 14.821367 36.893025 -201046.688141 5.580379 18.323901 K0.00Na0.36Ca0.64Al1.64Si2.36O8 52.0567 0 30.667 0 0 0 0 13.1539 4.06799 0.0544384 0
5000.00 1493.15 17.679112 43.978211 -239854.535782 6.662712 21.851829 K0.00Na0.37Ca0.62Al1.62Si2.38O8 52.4281 0 30.4152 0 0 0 0 12.8594 4.23546 0.0618293 0
5000.00 1488.15 20.336033 50.552149 -275953.456345 7.671002 25.129616 K0.00Na0.39Ca0.61Al1.61Si2.39O8 52.7845 0 30.1733 0 0 0 0 12.5767 4.39541 0.0701276 0
5000.00 1483.15 22.793833 56.619133 -309365.659772 8.605561 28.159423 K0.00Na0.40Ca0.60Al1.60Si2.40O8 53.1261 0 29.9411 0 0 0 0 12.3055 4.54796 0.0794213 0
5000.00 1478.15 25.071137 62.225626 -340342.807317 9.473118 30.964311 K0.01Na0.41Ca0.58Al1.58Si2.42O8 53.4531 0 29.7184 0 0 0 0 12.0455 4.69312 0.0898491 0

clinopyroxene_0 thermodynamic data and composition:
Pressure Temperature mass S H V Cp structure formula SiO2 TiO2 Al2O3 Fe2O3 FeO MnO MgO CaO Na2O K2O P2O5
5000.00 1538.15 2.962800 7.142793 -37474.084998 0.919472 3.556455 cpx Na0.02Ca0.76Fe''0.17Mg0.91Fe'''0.04Ti0.01Al0.22Si1.87O6 51.1698 0.387476 5.17493 1.29247 5.54881 0 16.7957 19.3637 0.267119 0 0
5000.00 1533.15 6.072817 14.614440 -76728.867305 1.882119 7.280182 cpx Na0.02Ca0.76Fe''0.17Mg0.90Fe'''0.04Ti0.01Al0.23Si1.86O6 50.9485 0.423613 5.40321 1.34689 5.68103 0 16.5745 19.3429 0.279341 0 0
5000.00 1528.15 9.044361 21.727037 -114149.214672 2.799301 10.828595 cpx Na0.02Ca0.76Fe''0.18Mg0.89Fe'''0.04Ti0.01Al0.24Si1.86O6 50.7268 0.461602 5.63077 1.40131 5.81729 0 16.3577 19.3128 0.291821 0 0
5000.00 1523.15 11.889301 28.511012 -149887.342274 3.674831 14.216627 cpx Na0.02Ca0.76Fe''0.18Mg0.88Fe'''0.04Ti0.01Al0.25Si1.85O6 50.5048 0.501413 5.85724 1.45562 5.95734 0 16.1448 19.2743 0.30456 0 0
5000.00 1518.15 15.047106 36.035173 -189351.451043 4.644368 17.978059 cpx Na0.02Ca0.75Fe''0.19Mg0.88Fe'''0.04Ti0.01Al0.26Si1.85O6 50.3657 0.539627 5.96375 1.49683 6.20924 0 16.0657 19.043 0.316077 0 0
5000.00 1513.15 18.475562 44.208857 -231833.339246 5.694028 22.068422 cpx Na0.02Ca0.73Fe''0.20Mg0.88Fe'''0.04Ti0.02Al0.26Si1.85O6 50.3264 0.57439 5.92152 1.52293 6.61767 0 16.1484 18.5634 0.325316 0 0
5000.00 1508.15 21.601986 51.642937 -270244.617531 6.647002 25.792983 cpx Na0.02Ca0.71Fe''0.22Mg0.89Fe'''0.04Ti0.02Al0.25Si1.85O6 50.2753 0.610303 5.88553 1.55176 7.04358 0 16.2147 18.0848 0.334033 0 0
5000.00 1503.15 24.462614 58.422008 -305068.612919 7.514713 29.192960 cpx Na0.02Ca0.69Fe''0.23Mg0.89Fe'''0.04Ti0.02Al0.25Si1.85O6 50.2105 0.648184 5.85704 1.58393 7.47728 0 16.2558 17.6248 0.342414 0 0
5000.00 1498.15 27.081879 64.602259 -336651.515538 8.305038 32.295666 cpx Na0.03Ca0.68Fe''0.24Mg0.89Fe'''0.04Ti0.02Al0.25Si1.84O6 50.1309 0.688755 5.83706 1.61973 7.90807 0 16.2656 17.1991 0.35068 0 0
5000.00 1493.15 29.480924 70.232858 -365303.048166 9.024897 35.125182 cpx Na0.03Ca0.66Fe''0.26Mg0.89Fe'''0.05Ti0.02Al0.25Si1.84O6 50.0368 0.732493 5.82607 1.65909 8.32712 0 16.2422 16.8172 0.359027 0 0
5000.00 1488.15 31.681611 75.365935 -391339.047633 9.681433 37.707299 cpx Na0.03Ca0.65Fe''0.27Mg0.89Fe'''0.05Ti0.02Al0.25Si1.84O6 49.9292 0.779602 5.82395 1.70168 8.72892 0 16.1873 16.4817 0.367592 0 0
5000.00 1483.15 33.706541 80.056435 -415077.324552 10.281973 40.069374 cpx Na0.03Ca0.64Fe''0.28Mg0.89Fe'''0.05Ti0.02Al0.25Si1.84O6 49.8101 0.830059 5.83017 1.74707 9.11105 0 16.1049 16.1903 0.376445 0 0
5000.00 1478.15 35.336535 83.777869 -433924.436327 10.760391 41.947090 cpx Na0.03Ca0.63Fe''0.29Mg0.88Fe'''0.05Ti0.02Al0.25Si1.84O6 49.6709 0.888039 5.85103 1.79814 9.44472 0 15.973 15.9876 0.386553 0 0
