Title: Gale2013MORB-7

Solid Composition:
Pressure Temperature mass SiO2 TiO2 Al2O3 Fe2O3 FeO MnO MgO CaO Na2O K2O P2O5 
5000.00 1573.15 0.000000 ---
5000.00 1568.15 0.000000 ---
5000.00 1563.15 0.000000 ---
5000.00 1558.15 0.000000 ---
5000.00 1553.15 0.000000 ---
5000.00 1548.15 0.000000 ---
5000.00 1543.15 0.000000 ---
5000.00 1538.15 2.962800 51.1698 0.387476 5.17493 1.29247 5.54881 0 16.7957 19.3637 0.267119 0 0
5000.00 1533.15 6.072817 50.9485 0.423613 5.40321 1.34689 5.68103 0 16.5745 19.3429 0.279341 0 0
5000.00 1528.15 9.044361 50.7268 0.461602 5.63077 1.40131 5.81729 0 16.3577 19.3128 0.291821 0 0
5000.00 1523.15 11.889301 50.5048 0.501413 5.85724 1.45562 5.95734 0 16.1448 19.2743 0.30456 0 0
5000.00 1518.15 16.656730 50.3725 0.48748 8.45696 1.35219 5.60921 0 14.5132 18.5979 0.607416 0.0031398 0
5000.00 1513.15 23.632813 50.4423 0.449044 11.4987 1.19059 5.17353 0 12.6244 17.5901 1.02325 0.00807074 0
5000.00 1508.15 30.146559 50.5573 0.437322 13.0604 1.11193 5.04719 0 11.6189 16.8638 1.29128 0.0119288 0
5000.00 1503.15 36.233689 50.6848 0.437612 14.002 1.06937 5.04817 0 10.9748 16.2718 1.49592 0.0155547 0
5000.00 1498.15 41.903246 50.8121 0.445139 14.6195 1.04682 5.11095 0 10.5124 15.7683 1.66551 0.0192551 0
5000.00 1493.15 47.160037 50.9332 0.4579 15.0439 1.03714 5.20549 0 10.1534 15.3336 1.8122 0.0231783 0
5000.00 1488.15 52.017644 51.0455 0.47482 15.3432 1.03642 5.3164 0 9.85895 14.9551 1.94225 0.027416 0
5000.00 1483.15 56.500374 51.1478 0.49519 15.5572 1.04225 5.4354 0 9.60773 14.623 2.05935 0.0320408 0
5000.00 1478.15 60.654408 51.2391 0.519196 15.7124 1.05333 5.55925 0 9.38746 14.3261 2.16596 0.0371386 0