Title: Gale2013MORB

Liquid Composition:
Pressure Temperature mass SiO2 TiO2 Al2O3 Fe2O3 FeO MnO MgO CaO Na2O K2O P2O5 H2O 
5000.00 1573.15 99.399075 50.4612 1.54156 14.9651 1.39953 8.82086 0.17314 7.69786 11.3615 2.7628 0.144166 0.169217 0.503023
5000.00 1563.15 99.399374 50.4611 1.54156 14.9651 1.40253 8.81814 0.17314 7.69784 11.3614 2.76279 0.144166 0.169216 0.503021
5000.00 1553.15 99.399695 50.4609 1.54155 14.965 1.40574 8.81521 0.173139 7.69781 11.3614 2.76279 0.144165 0.169216 0.50302
5000.00 1543.15 99.400037 50.4607 1.54155 14.965 1.40917 8.81209 0.173139 7.69778 11.3614 2.76278 0.144165 0.169215 0.503018
5000.00 1533.15 99.400402 50.4606 1.54154 14.9649 1.41283 8.80876 0.173138 7.69776 11.3613 2.76277 0.144164 0.169215 0.503016
5000.00 1523.15 99.400791 50.4604 1.54154 14.9649 1.41673 8.80521 0.173137 7.69773 11.3613 2.76275 0.144164 0.169214 0.503014
5000.00 1513.15 94.353936 50.3999 1.60468 15.5171 1.42451 8.93147 0.182398 7.15269 11.0292 2.89792 0.151875 0.178265 0.52992
5000.00 1503.15 89.476840 50.3584 1.66849 16.0878 1.43039 9.05567 0.19234 6.59887 10.6592 3.04186 0.160153 0.187982 0.558804
5000.00 1493.15 85.115578 50.3398 1.72753 16.6323 1.43426 9.16613 0.202196 6.07764 10.2833 3.18341 0.168359 0.197614 0.587437
5000.00 1483.15 81.199697 50.3432 1.78146 17.1507 1.43628 9.26236 0.211947 5.58731 9.90509 3.32235 0.176478 0.207144 0.615766
5000.00 1473.15 77.438865 50.3667 1.83553 17.605 1.44018 9.3704 0.22224 5.13804 9.51462 3.45938 0.184971 0.217204 0.645671
5000.00 1463.15 71.071572 50.3733 1.96681 17.5049 1.49251 9.83715 0.24215 4.87003 8.97371 3.59908 0.200188 0.236663 0.703516
5000.00 1453.15 64.814779 50.3317 2.13148 17.2966 1.55426 10.2903 0.265526 4.5288 8.61244 3.74027 0.217686 0.259509 0.771429
5000.00 1443.15 59.382509 50.2709 2.30298 17.0612 1.61673 10.7264 0.289816 4.19048 8.30716 3.87349 0.235604 0.283248 0.841999
5000.00 1433.15 54.778372 50.2033 2.47148 16.8291 1.67703 11.1461 0.314175 3.87402 8.0142 3.9975 0.253355 0.307055 0.912769
5000.00 1423.15 50.822616 50.1308 2.63636 16.6014 1.7353 11.5504 0.338629 3.57703 7.73095 4.11335 0.270964 0.330955 0.983814
5000.00 1413.15 47.383020 50.0568 2.79623 16.3801 1.79156 11.9401 0.36321 3.2971 7.4539 4.22226 0.288466 0.354979 1.05523
5000.00 1403.15 44.357740 49.989 2.94702 16.1692 1.84555 12.3149 0.387982 3.03106 7.17673 4.32623 0.305925 0.37919 1.1272
5000.00 1393.15 40.173646 50.7365 2.80137 15.9984 1.83795 12.0958 0.42839 2.70762 6.87597 4.5202 0.334479 0.418682 1.2446
5000.00 1383.15 35.880786 51.964 2.48818 15.8171 1.7895 11.4956 0.479644 2.38497 6.59211 4.75633 0.370229 0.468775 1.3935
5000.00 1373.15 32.470774 53.0695 2.2196 15.602 1.74544 10.9566 0.530015 2.11088 6.33924 4.96419 0.404701 0.518004 1.53985
5000.00 1363.15 29.689907 54.0749 1.98651 15.3614 1.70503 10.4679 0.579658 1.87489 6.11295 5.1481 0.438047 0.566522 1.68407
5000.00 1353.15 27.373046 54.9975 1.78216 15.1016 1.66757 10.0204 0.628721 1.66945 5.90955 5.31153 0.470404 0.614473 1.82661
5000.00 1343.15 25.408525 55.8505 1.60153 14.8272 1.63251 9.60692 0.677332 1.48895 5.72603 5.45724 0.501886 0.661983 1.96784
5000.00 1333.15 23.675640 56.7076 1.44041 14.5536 1.59765 9.22431 0.726907 1.32646 5.51431 5.59467 0.53348 0.670468 2.11018
5000.00 1323.15 22.135383 57.5728 1.29618 14.2816 1.563 8.86898 0.777488 1.17995 5.2746 5.72475 0.5652 0.641647 2.25383
5000.00 1313.15 20.791260 58.3847 1.16684 14.0004 1.5302 8.53475 0.827752 1.0497 5.05433 5.84117 0.596141 0.61722 2.39674
5000.00 1303.15 19.605847 59.1508 1.05041 13.7121 1.49886 8.21812 0.877799 0.933316 4.85107 5.94549 0.626381 0.596476 2.5392
5000.00 1293.15 18.550790 59.8768 0.945285 13.4181 1.46867 7.9163 0.927723 0.828877 4.66288 6.03902 0.655988 0.578882 2.68143
5000.00 1283.15 17.604414 60.5678 0.850171 13.1196 1.43936 7.62693 0.977596 0.734852 4.48816 6.12282 0.685013 0.564029 2.82364
5000.00 1273.15 16.749772 61.2277 0.763988 12.8176 1.41068 7.34809 1.02748 0.649988 4.32557 6.19781 0.713497 0.551602 2.96597
5000.00 1263.15 15.973390 61.8599 0.685826 12.5128 1.38244 7.07813 1.07742 0.573253 4.17401 6.26477 0.741474 0.541356 3.10856
5000.00 1253.15 15.264413 62.4672 0.614911 12.206 1.35445 6.81571 1.12746 0.503787 4.03251 6.32438 0.768968 0.533103 3.25153
5000.00 1243.15 14.613993 63.0519 0.550576 11.8976 1.32655 6.55968 1.17764 0.440864 3.90025 6.37722 0.795999 0.526697 3.39497
5000.00 1233.15 14.014845 63.6161 0.492241 11.5882 1.29861 6.30914 1.22798 0.383871 3.77651 6.4238 0.822582 0.522028 3.53896
5000.00 1223.15 13.460913 64.1613 0.439393 11.2781 1.27051 6.06332 1.27852 0.332282 3.66067 6.46459 0.848725 0.519018 3.68355
5000.00 1213.15 12.947120 64.689 0.39158 10.9677 1.24214 5.82166 1.32925 0.285648 3.55217 6.49999 0.874433 0.517612 3.8288
5000.00 1203.15 12.469179 65.2002 0.348394 10.6574 1.21342 5.58371 1.3802 0.243578 3.4505 6.53035 0.899704 0.517783 3.97473
5000.00 1193.15 11.956795 65.8628 0.331046 10.3568 1.15529 5.19736 1.36287 0.19616 3.37488 6.57244 0.92892 0.517399 4.1441
5000.00 1183.15 11.501620 66.4719 0.311116 10.0495 1.10397 4.85976 1.35425 0.160995 3.30304 6.60309 0.956333 0.518759 4.30729
5000.00 1173.15 11.080960 67.0593 0.293509 9.74119 1.05321 4.5364 1.34539 0.130876 3.23681 6.62858 0.98312 0.521527 4.47009
5000.00 1163.15 10.691446 67.6253 0.27796 9.43211 1.00316 4.22734 1.33642 0.10524 3.17611 6.64911 1.00925 0.52569 4.63232
5000.00 1153.15 10.330141 68.1702 0.264235 9.12259 0.953957 3.9326 1.32742 0.0835731 3.12083 6.66487 1.03469 0.531255 4.7938
5000.00 1143.15 9.994481 68.6942 0.25213 8.81299 0.905727 3.6521 1.31849 0.0654092 3.07092 6.67608 1.0594 0.538239 4.95433
5000.00 1133.15 9.682215 69.1975 0.241464 8.50372 0.858577 3.3857 1.3097 0.0503249 3.02635 6.68292 1.08336 0.54668 5.11374
5000.00 1123.15 9.391364 69.6802 0.232079 8.19518 0.812602 3.13317 1.30109 0.0379366 2.9871 6.68561 1.10654 0.556627 5.27182