Title: Gale2013MORB

liquid_0 thermodynamic data and composition:
Pressure Temperature mass S H V Cp viscosity SiO2 TiO2 Al2O3 Fe2O3 FeO MnO MgO CaO Na2O K2O P2O5 H2O Mg#
5000.00 1573.15 99.399075 278.544290 -1179858.946275 36.775398 149.410719 1.866 50.4612 1.54156 14.9651 1.39953 8.82086 0.17314 7.69786 11.3615 2.7628 0.144166 0.169217 0.503023 60.9
5000.00 1563.15 99.399374 277.592169 -1181357.300154 36.746535 149.408687 1.905 50.4611 1.54156 14.9651 1.40253 8.81814 0.17314 7.69784 11.3614 2.76279 0.144166 0.169216 0.503021 60.9
5000.00 1553.15 99.399695 276.633982 -1182855.954951 36.717695 149.406792 1.944 50.4609 1.54155 14.965 1.40574 8.81521 0.173139 7.69781 11.3614 2.76279 0.144165 0.169216 0.50302 60.9
5000.00 1543.15 99.400037 275.669650 -1184354.923381 36.688880 149.405038 1.984 50.4607 1.54155 14.965 1.40917 8.81209 0.173139 7.69778 11.3614 2.76278 0.144165 0.169215 0.503018 60.9
5000.00 1533.15 99.400402 274.699090 -1185854.218688 36.660089 149.403427 2.024 50.4606 1.54154 14.9649 1.41283 8.80876 0.173138 7.69776 11.3613 2.76277 0.144164 0.169215 0.503016 60.9
5000.00 1523.15 99.400791 273.722219 -1187353.854670 36.631325 149.401964 2.065 50.4604 1.54154 14.9649 1.41673 8.80521 0.173137 7.69773 11.3613 2.76275 0.144164 0.169214 0.503014 60.9
5000.00 1513.15 94.353936 259.195473 -1127380.061249 34.799906 141.418074 2.142 50.3999 1.60468 15.5171 1.42451 8.93147 0.182398 7.15269 11.0292 2.89792 0.151875 0.178265 0.52992 58.8
5000.00 1503.15 89.476840 245.218333 -1069480.747149 33.034106 133.722955 2.222 50.3584 1.66849 16.0878 1.43039 9.05567 0.19234 6.59887 10.6592 3.04186 0.160153 0.187982 0.558804 56.5
5000.00 1493.15 85.115578 232.707235 -1017865.773711 31.456924 126.859343 2.304 50.3398 1.72753 16.6323 1.43426 9.16613 0.202196 6.07764 10.2833 3.18341 0.168359 0.197614 0.587437 54.2
5000.00 1483.15 81.199697 221.460092 -971676.504049 30.042578 120.712452 2.387 50.3432 1.78146 17.1507 1.43628 9.26236 0.211947 5.58731 9.90509 3.32235 0.176478 0.207144 0.615766 51.8
5000.00 1473.15 77.438865 210.703056 -927115.723936 28.681034 111.850445 2.468 50.3667 1.83553 17.605 1.44018 9.3704 0.22224 5.13804 9.51462 3.45938 0.184971 0.217204 0.645671 49.4
5000.00 1463.15 71.071572 193.052343 -847642.864229 26.313411 102.288856 2.503 50.3733 1.96681 17.5049 1.49251 9.83715 0.24215 4.87003 8.97371 3.59908 0.200188 0.236663 0.703516 46.9
5000.00 1453.15 64.814779 175.788326 -769623.915597 23.986834 92.940058 2.529 50.3317 2.13148 17.2966 1.55426 10.2903 0.265526 4.5288 8.61244 3.74027 0.217686 0.259509 0.771429 44.0
5000.00 1443.15 59.382509 160.808586 -702010.985586 21.965801 84.849078 2.551 50.2709 2.30298 17.0612 1.61673 10.7264 0.289816 4.19048 8.30716 3.87349 0.235604 0.283248 0.841999 41.1
5000.00 1433.15 54.778372 148.105172 -644834.206760 20.252058 78.008257 2.571 50.2033 2.47148 16.8291 1.67703 11.1461 0.314175 3.87402 8.0142 3.9975 0.253355 0.307055 0.912769 38.3
5000.00 1423.15 50.822616 137.185081 -595826.212518 18.779151 72.144821 2.590 50.1308 2.63636 16.6014 1.7353 11.5504 0.338629 3.57703 7.73095 4.11335 0.270964 0.330955 0.983814 35.6
5000.00 1413.15 47.383020 127.685885 -553325.674829 17.498376 67.058128 2.608 50.0568 2.79623 16.3801 1.79156 11.9401 0.36321 3.2971 7.4539 4.22226 0.288466 0.354979 1.05523 33.0
5000.00 1403.15 44.357740 119.329201 -516068.015986 16.372732 62.593292 2.627 49.989 2.94702 16.1692 1.84555 12.3149 0.387982 3.03106 7.17673 4.32623 0.305925 0.37919 1.1272 30.5
5000.00 1393.15 40.173646 108.104325 -468720.452514 14.921371 56.531546 2.725 50.7365 2.80137 15.9984 1.83795 12.0958 0.42839 2.70762 6.87597 4.5202 0.334479 0.418682 1.2446 28.5
5000.00 1383.15 35.880786 96.697648 -421549.789666 13.464093 50.370601 2.866 51.964 2.48818 15.8171 1.7895 11.4956 0.479644 2.38497 6.59211 4.75633 0.370229 0.468775 1.3935 27.0
5000.00 1373.15 32.470774 87.611068 -383854.333372 12.296865 45.488960 2.989 53.0695 2.2196 15.602 1.74544 10.9566 0.530015 2.11088 6.33924 4.96419 0.404701 0.518004 1.53985 25.6
5000.00 1363.15 29.689907 80.180930 -352942.874601 11.337566 41.516887 3.098 54.0749 1.98651 15.3614 1.70503 10.4679 0.579658 1.87489 6.11295 5.1481 0.438047 0.566522 1.68407 24.2
5000.00 1353.15 27.373046 73.974731 -327058.150009 10.532496 38.214288 3.194 54.9975 1.78216 15.1016 1.66757 10.0204 0.628721 1.66945 5.90955 5.31153 0.470404 0.614473 1.82661 22.9
5000.00 1343.15 25.408525 68.699641 -305007.705487 9.845174 35.419142 3.280 55.8505 1.60153 14.8272 1.63251 9.60692 0.677332 1.48895 5.72603 5.45724 0.501886 0.661983 1.96784 21.6
5000.00 1333.15 23.675640 64.045085 -285463.598533 9.235075 32.948117 3.364 56.7076 1.44041 14.5536 1.59765 9.22431 0.726907 1.32646 5.51431 5.59467 0.53348 0.670468 2.11018 20.4
5000.00 1323.15 22.135383 59.907447 -268014.331684 8.689591 30.746763 3.447 57.5728 1.29618 14.2816 1.563 8.86898 0.777488 1.17995 5.2746 5.72475 0.5652 0.641647 2.25383 19.2
5000.00 1313.15 20.791260 56.288756 -252731.193397 8.210755 28.829482 3.521 58.3847 1.16684 14.0004 1.5302 8.53475 0.827752 1.0497 5.05433 5.84117 0.596141 0.61722 2.39674 18.0
5000.00 1303.15 19.605847 53.090775 -239207.370618 7.786092 27.141661 3.588 59.1508 1.05041 13.7121 1.49886 8.21812 0.877799 0.933316 4.85107 5.94549 0.626381 0.596476 2.5392 16.8
5000.00 1293.15 18.550790 50.238983 -227133.446726 7.406106 25.642003 3.648 59.8768 0.945285 13.4181 1.46867 7.9163 0.927723 0.828877 4.66288 6.03902 0.655988 0.578882 2.68143 15.7
5000.00 1283.15 17.604414 47.676324 -216272.468173 7.063523 24.298982 3.702 60.5678 0.850171 13.1196 1.43936 7.62693 0.977596 0.734852 4.48816 6.12282 0.685013 0.564029 2.82364 14.7
5000.00 1273.15 16.749772 45.358118 -206438.671651 6.752637 23.087976 3.751 61.2277 0.763988 12.8176 1.41068 7.34809 1.02748 0.649988 4.32557 6.19781 0.713497 0.551602 2.96597 13.6
5000.00 1263.15 15.973390 43.248792 -197483.970328 6.468898 21.989440 3.794 61.8599 0.685826 12.5128 1.38244 7.07813 1.07742 0.573253 4.17401 6.26477 0.741474 0.541356 3.10856 12.6
5000.00 1253.15 15.264413 41.319645 -189288.732947 6.208628 20.987644 3.833 62.4672 0.614911 12.206 1.35445 6.81571 1.12746 0.503787 4.03251 6.32438 0.768968 0.533103 3.25153 11.6
5000.00 1243.15 14.613993 39.547246 -181755.177240 5.968822 20.069782 3.867 63.0519 0.550576 11.8976 1.32655 6.55968 1.17764 0.440864 3.90025 6.37722 0.795999 0.526697 3.39497 10.7
5000.00 1233.15 14.014845 37.912270 -174802.543300 5.746995 19.225316 3.896 63.6161 0.492241 11.5882 1.29861 6.30914 1.22798 0.383871 3.77651 6.4238 0.822582 0.522028 3.53896 9.8
5000.00 1223.15 13.460913 36.398623 -168363.504960 5.541077 18.445497 3.922 64.1613 0.439393 11.2781 1.27051 6.06332 1.27852 0.332282 3.66067 6.46459 0.848725 0.519018 3.68355 8.9
5000.00 1213.15 12.947120 34.992790 -162381.458767 5.349327 17.722996 3.944 64.689 0.39158 10.9677 1.24214 5.82166 1.32925 0.285648 3.55217 6.49999 0.874433 0.517612 3.8288 8.0
5000.00 1203.15 12.469179 33.683333 -156808.445738 5.170269 17.051628 3.963 65.2002 0.348394 10.6574 1.21342 5.58371 1.3802 0.243578 3.4505 6.53035 0.899704 0.517783 3.97473 7.2
5000.00 1193.15 11.956795 32.303681 -151046.802889 4.982933 16.339758 3.997 65.8628 0.331046 10.3568 1.15529 5.19736 1.36287 0.19616 3.37488 6.57244 0.92892 0.517399 4.1441 6.3
5000.00 1183.15 11.501620 31.069535 -145880.102087 4.814796 15.706613 4.024 66.4719 0.311116 10.0495 1.10397 4.85976 1.35425 0.160995 3.30304 6.60309 0.956333 0.518759 4.30729 5.6
5000.00 1173.15 11.080960 29.926212 -141089.014950 4.658602 15.121668 4.048 67.0593 0.293509 9.74119 1.05321 4.5364 1.34539 0.130876 3.23681 6.62858 0.98312 0.521527 4.47009 4.9
5000.00 1163.15 10.691446 28.864752 -136637.302811 4.513211 14.580125 4.068 67.6253 0.27796 9.43211 1.00316 4.22734 1.33642 0.10524 3.17611 6.64911 1.00925 0.52569 4.63232 4.2
5000.00 1153.15 10.330141 27.877347 -132493.515808 4.377629 14.077817 4.084 68.1702 0.264235 9.12259 0.953957 3.9326 1.32742 0.0835731 3.12083 6.66487 1.03469 0.531255 4.7938 3.6
5000.00 1143.15 9.994481 26.957168 -128630.261210 4.250987 13.611110 4.097 68.6942 0.25213 8.81299 0.905727 3.6521 1.31849 0.0654092 3.07092 6.67608 1.0594 0.538239 4.95433 3.1
5000.00 1133.15 9.682215 26.098216 -125023.601050 4.132526 13.176829 4.107 69.1975 0.241464 8.50372 0.858577 3.3857 1.3097 0.0503249 3.02635 6.68292 1.08336 0.54668 5.11374 2.6
5000.00 1123.15 9.391364 25.295208 -121652.552727 4.021574 12.772186 4.115 69.6802 0.232079 8.19518 0.812602 3.13317 1.30109 0.0379366 2.9871 6.68561 1.10654 0.556627 5.27182 2.1

spinel_0 thermodynamic data and composition:
Pressure Temperature mass S H V Cp formula SiO2 TiO2 Al2O3 Fe2O3 FeO MnO MgO CaO Na2O K2O P2O5 H2O
5000.00 1393.15 0.689589 1.478824 -4271.875100 0.150841 0.653690 Fe''1.32Mg0.28Fe'''0.55Al0.25Cr0.00Ti0.60O4 0 22.7228 6.05871 20.9069 44.9074 0 5.40414 0 0 0 0 0
5000.00 1383.15 0.947053 2.019550 -5780.227665 0.206179 0.892792 Fe''1.34Mg0.26Fe'''0.57Al0.24Cr0.00Ti0.60O4 0 22.5391 5.68743 21.4535 45.3689 0 4.95111 0 0 0 0 0
5000.00 1373.15 0.717413 1.521540 -4319.741935 0.155514 0.672965 Fe''1.35Mg0.24Fe'''0.59Al0.22Cr0.00Ti0.59O4 0 22.3151 5.37144 22.0395 45.7263 0 4.54766 0 0 0 0 0
5000.00 1363.15 0.558602 1.178434 -3321.443542 0.120609 0.521640 Fe''1.37Mg0.22Fe'''0.61Al0.21Cr0.00Ti0.59O4 0 22.0549 5.09654 22.6681 45.9973 0 4.18314 0 0 0 0 0
5000.00 1353.15 0.445015 0.933906 -2614.839417 0.095728 0.413857 Fe''1.38Mg0.20Fe'''0.63Al0.20Cr0.00Ti0.58O4 0 21.7607 4.85344 23.3422 46.1934 0 3.85032 0 0 0 0 0
5000.00 1343.15 0.361342 0.754393 -2099.272401 0.077456 0.334765 Fe''1.39Mg0.19Fe'''0.65Al0.20Cr0.00Ti0.58O4 0 21.4336 4.63568 24.0642 46.3223 0 3.54415 0 0 0 0 0
5000.00 1333.15 0.301622 0.626473 -1733.277636 0.064438 0.278447 Fe''1.40Mg0.17Fe'''0.67Al0.19Cr0.00Ti0.57O4 0 21.0847 4.43403 24.8216 46.3994 0 3.26029 0 0 0 0 0
5000.00 1323.15 0.253946 0.524744 -1443.932221 0.054079 0.233661 Fe''1.40Mg0.16Fe'''0.70Al0.18Cr0.00Ti0.56O4 0 20.7132 4.24642 25.6166 46.4273 0 2.99639 0 0 0 0 0
5000.00 1313.15 0.213203 0.438297 -1199.794439 0.045262 0.195571 Fe''1.40Mg0.15Fe'''0.72Al0.17Cr0.00Ti0.55O4 0 20.3082 4.07517 26.4672 46.3986 0 2.75085 0 0 0 0 0
5000.00 1303.15 0.181089 0.370365 -1008.768187 0.038329 0.165639 Fe''1.41Mg0.14Fe'''0.75Al0.17Cr0.00Ti0.54O4 0 19.8704 3.91767 27.3737 46.3163 0 2.52189 0 0 0 0 0
5000.00 1293.15 0.155364 0.316112 -856.827057 0.032788 0.141732 Fe''1.41Mg0.13Fe'''0.78Al0.16Cr0.00Ti0.53O4 0 19.4011 3.77182 28.3356 46.1833 0 2.30817 0 0 0 0 0
5000.00 1283.15 0.134451 0.272139 -734.164326 0.028293 0.122353 Fe''1.40Mg0.11Fe'''0.81Al0.16Cr0.00Ti0.52O4 0 18.9017 3.63598 29.3516 46.0022 0 2.10859 0 0 0 0 0
5000.00 1273.15 0.117234 0.236046 -633.870385 0.024601 0.106442 Fe''1.40Mg0.10Fe'''0.84Al0.15Cr0.00Ti0.51O4 0 18.374 3.50879 30.419 45.776 0 1.92226 0 0 0 0 0
5000.00 1263.15 0.102898 0.206084 -550.937401 0.021533 0.093229 Fe''1.40Mg0.10Fe'''0.87Al0.15Cr0.00Ti0.49O4 0 17.8205 3.38912 31.5341 45.5078 0 1.74842 0 0 0 0 0
5000.00 1253.15 0.090838 0.180956 -481.657532 0.018958 0.082142 Fe''1.39Mg0.09Fe'''0.90Al0.14Cr0.00Ti0.48O4 0 17.2443 3.27603 32.6918 45.2014 0 1.58643 0 0 0 0 0
5000.00 1243.15 0.080594 0.159680 -423.237957 0.016776 0.072748 Fe''1.38Mg0.08Fe'''0.94Al0.14Cr0.00Ti0.46O4 0 16.6488 3.1687 33.886 44.8608 0 1.43567 0 0 0 0 0
5000.00 1233.15 0.071814 0.141505 -373.543684 0.014909 0.064716 Fe''1.37Mg0.07Fe'''0.98Al0.13Cr0.00Ti0.45O4 0 16.038 3.06646 35.1095 44.4905 0 1.29556 0 0 0 0 0
5000.00 1223.15 0.064223 0.125846 -330.921927 0.013299 0.057787 Fe''1.36Mg0.06Fe'''1.01Al0.13Cr0.00Ti0.43O4 0 15.4163 2.96867 36.3541 44.0954 0 1.16553 0 0 0 0 0
5000.00 1213.15 0.057605 0.112247 -294.079630 0.011899 0.051759 Fe''1.35Mg0.06Fe'''1.05Al0.13Cr0.00Ti0.41O4 0 14.7883 2.87482 37.6115 43.6804 0 1.045 0 0 0 0 0
5000.00 1203.15 0.051791 0.100345 -261.996266 0.010672 0.046473 Fe''1.34Mg0.05Fe'''1.09Al0.12Cr0.00Ti0.40O4 0 14.1586 2.7844 38.8729 43.2507 0 0.933374 0 0 0 0 0
5000.00 1193.15 0.028172 0.054319 -142.064532 0.005797 0.025241 Fe''1.35Mg0.05Fe'''1.09Al0.11Cr0.00Ti0.40O4 0 14.2298 2.61833 38.8768 43.4416 0 0.833435 0 0 0 0 0
5000.00 1183.15 0.027794 0.053326 -139.656181 0.005711 0.024870 Fe''1.36Mg0.04Fe'''1.10Al0.11Cr0.00Ti0.40O4 0 14.1806 2.47587 39.0932 43.5024 0 0.74795 0 0 0 0 0
5000.00 1173.15 0.024015 0.045850 -120.302379 0.004928 0.021461 Fe''1.36Mg0.04Fe'''1.10Al0.10Cr0.00Ti0.40O4 0 14.1641 2.33758 39.2449 43.5846 0 0.668858 0 0 0 0 0
5000.00 1163.15 0.020785 0.039488 -103.859039 0.004260 0.018551 Fe''1.37Mg0.03Fe'''1.11Al0.10Cr0.00Ti0.40O4 0 14.1804 2.20342 39.3316 43.689 0 0.595602 0 0 0 0 0
5000.00 1153.15 0.018018 0.034066 -89.859635 0.003689 0.016063 Fe''1.37Mg0.03Fe'''1.11Al0.09Cr0.00Ti0.40O4 0 14.2294 2.07335 39.3533 43.8163 0 0.527687 0 0 0 0 0
5000.00 1143.15 0.015646 0.029439 -77.918703 0.003200 0.013932 Fe''1.38Mg0.03Fe'''1.11Al0.09Cr0.00Ti0.40O4 0 14.311 1.9474 39.3098 43.9671 0 0.464676 0 0 0 0 0
5000.00 1133.15 0.013609 0.025484 -67.715895 0.002781 0.012105 Fe''1.38Mg0.02Fe'''1.11Al0.08Cr0.00Ti0.41O4 0 14.4251 1.82561 39.2013 44.1418 0 0.406179 0 0 0 0 0
5000.00 1123.15 0.011858 0.022100 -58.983466 0.002421 0.010536 Fe''1.39Mg0.02Fe'''1.10Al0.08Cr0.00Ti0.41O4 0 14.5714 1.70804 39.0278 44.3409 0 0.351852 0 0 0 0 0

feldspar_0 thermodynamic data and composition:
Pressure Temperature mass S H V Cp formula SiO2 TiO2 Al2O3 Fe2O3 FeO MnO MgO CaO Na2O K2O P2O5 H2O
5000.00 1473.15 0.222390 0.546265 -3027.278851 0.083263 0.274071 K0.00Na0.29Ca0.71Al1.71Si2.29O8 50.3426 0 31.8277 0 0 0 0 14.5115 3.29116 0.0270938 0 0
5000.00 1463.15 3.150338 7.722427 -42908.675946 1.180810 3.880011 K0.00Na0.31Ca0.69Al1.69Si2.31O8 50.8115 0 31.5111 0 0 0 0 14.1408 3.50601 0.0305836 0 0
5000.00 1453.15 3.432382 8.394694 -46779.028027 1.287734 4.224540 K0.00Na0.33Ca0.67Al1.67Si2.33O8 51.2196 0 31.2353 0 0 0 0 13.8181 3.69251 0.0344998 0 0
5000.00 1443.15 3.064821 7.478007 -41795.863404 1.150850 3.769546 K0.00Na0.34Ca0.66Al1.66Si2.34O8 51.6093 0 30.9719 0 0 0 0 13.5098 3.87031 0.0386844 0 0
5000.00 1433.15 2.608281 6.348754 -35592.202920 0.980277 3.205875 K0.00Na0.36Ca0.64Al1.64Si2.36O8 51.999 0 30.7084 0 0 0 0 13.2015 4.04797 0.0431046 0 0
5000.00 1423.15 2.245351 5.451991 -30658.886552 0.844616 2.757867 K0.00Na0.37Ca0.63Al1.63Si2.37O8 52.3899 0 30.4441 0 0 0 0 12.8922 4.22607 0.0477807 0 0
5000.00 1413.15 1.948420 4.719280 -26621.047196 0.733568 2.391480 K0.00Na0.39Ca0.61Al1.61Si2.39O8 52.784 0 30.1775 0 0 0 0 12.5803 4.40546 0.0527362 0 0
5000.00 1403.15 1.694491 4.093967 -23165.937884 0.638538 2.078345 K0.00Na0.40Ca0.59Al1.59Si2.41O8 53.185 0 29.9062 0 0 0 0 12.2629 4.58784 0.0580105 0 0
5000.00 1393.15 2.054549 4.951522 -28105.220252 0.774956 2.518204 K0.00Na0.42Ca0.58Al1.58Si2.42O8 53.6065 0 29.6208 0 0 0 0 11.9291 4.77887 0.0647148 0 0
5000.00 1383.15 2.112559 5.078453 -28915.937536 0.797596 2.587477 K0.00Na0.44Ca0.56Al1.56Si2.44O8 54.0299 0 29.3338 0 0 0 0 11.5936 4.97015 0.072521 0 0
5000.00 1373.15 1.775586 4.257335 -24318.081917 0.670997 2.173191 K0.00Na0.45Ca0.54Al1.54Si2.46O8 54.4471 0 29.051 0 0 0 0 11.2629 5.15836 0.0806724 0 0
5000.00 1363.15 1.518781 3.631922 -20813.416711 0.574471 1.857524 K0.01Na0.47Ca0.53Al1.53Si2.47O8 54.857 0 28.773 0 0 0 0 10.9379 5.34296 0.0891878 0 0
5000.00 1353.15 1.318051 3.143329 -18073.520391 0.498984 1.610829 K0.01Na0.48Ca0.51Al1.51Si2.49O8 55.2588 0 28.5003 0 0 0 0 10.6192 5.52357 0.098082 0 0
5000.00 1343.15 1.157710 2.753238 -15884.518117 0.438656 1.413802 K0.01Na0.50Ca0.50Al1.50Si2.50O8 55.652 0 28.2334 0 0 0 0 10.3072 5.69999 0.107368 0 0
5000.00 1333.15 1.038497 2.462696 -14257.510126 0.393815 1.267246 K0.01Na0.51Ca0.48Al1.48Si2.52O8 56.0405 0 27.9695 0 0 0 0 9.99884 5.87387 0.117285 0 0
5000.00 1323.15 0.936076 2.213357 -12859.204205 0.355266 1.141374 K0.01Na0.53Ca0.47Al1.47Si2.53O8 56.4232 0 27.7094 0 0 0 0 9.69493 6.04466 0.127858 0 0
5000.00 1313.15 0.839197 1.978370 -11535.422559 0.318747 1.022433 K0.01Na0.54Ca0.45Al1.45Si2.55O8 56.7955 0 27.4561 0 0 0 0 9.39914 6.2104 0.138861 0 0
5000.00 1303.15 0.757953 1.781360 -10425.141005 0.288105 0.929197 K0.01Na0.55Ca0.44Al1.44Si2.56O8 57.1579 0 27.2095 0 0 0 0 9.11107 6.3713 0.150308 0 0
5000.00 1293.15 0.689105 1.614445 -9484.136194 0.262124 0.844296 K0.01Na0.57Ca0.42Al1.42Si2.58O8 57.511 0 26.9689 0 0 0 0 8.83023 6.52763 0.162219 0 0
5000.00 1283.15 0.629987 1.471183 -8675.966787 0.239802 0.771398 K0.01Na0.58Ca0.41Al1.41Si2.59O8 57.8553 0 26.7342 0 0 0 0 8.55625 6.67961 0.174611 0 0
5000.00 1273.15 0.578706 1.346977 -7974.802700 0.220429 0.708171 K0.01Na0.59Ca0.40Al1.40Si2.60O8 58.1913 0 26.505 0 0 0 0 8.28878 6.82742 0.187505 0 0
5000.00 1263.15 0.533836 1.238358 -7361.168530 0.203469 0.652855 K0.01Na0.60Ca0.38Al1.38Si2.62O8 58.5193 0 26.2811 0 0 0 0 8.02749 6.97124 0.200921 0 0
5000.00 1253.15 0.494268 1.142633 -6819.917021 0.188505 0.604084 K0.01Na0.62Ca0.37Al1.37Si2.63O8 58.8397 0 26.0621 0 0 0 0 7.77204 7.11126 0.214882 0 0
5000.00 1243.15 0.459126 1.057676 -6339.101192 0.175207 0.560777 K0.01Na0.63Ca0.36Al1.36Si2.64O8 59.1531 0 25.8478 0 0 0 0 7.52211 7.24764 0.229415 0 0
5000.00 1233.15 0.427713 0.981791 -5909.182405 0.163314 0.522075 K0.01Na0.64Ca0.35Al1.35Si2.65O8 59.4597 0 25.6378 0 0 0 0 7.27736 7.38057 0.24455 0 0
5000.00 1223.15 0.399465 0.913610 -5522.464109 0.152614 0.487282 K0.01Na0.65Ca0.34Al1.34Si2.66O8 59.76 0 25.432 0 0 0 0 7.03746 7.5102 0.260321 0 0
5000.00 1213.15 0.373922 0.852019 -5172.680369 0.142933 0.455835 K0.02Na0.66Ca0.32Al1.32Si2.68O8 60.0545 0 25.23 0 0 0 0 6.80209 7.63671 0.276767 0 0
5000.00 1203.15 0.350709 0.796107 -4854.692502 0.134131 0.427268 K0.02Na0.67Ca0.31Al1.31Si2.69O8 60.3434 0 25.0315 0 0 0 0 6.57091 7.76026 0.293934 0 0
5000.00 1193.15 0.362613 0.819887 -5022.894403 0.138738 0.441477 K0.02Na0.68Ca0.30Al1.30Si2.70O8 60.5858 0 24.8649 0 0 0 0 6.37691 7.86365 0.308763 0 0
5000.00 1183.15 0.332280 0.748298 -4605.833946 0.127183 0.404286 K0.02Na0.69Ca0.29Al1.29Si2.71O8 60.8271 0 24.6988 0 0 0 0 6.18358 7.96598 0.324531 0 0
5000.00 1173.15 0.310355 0.696080 -4304.851747 0.118836 0.377377 K0.02Na0.70Ca0.29Al1.29Si2.71O8 61.0629 0 24.5363 0 0 0 0 5.9945 8.06542 0.340874 0 0
5000.00 1163.15 0.290433 0.648700 -4031.244404 0.111248 0.352944 K0.02Na0.70Ca0.28Al1.28Si2.72O8 61.2933 0 24.3773 0 0 0 0 5.80957 8.16201 0.357832 0 0
5000.00 1153.15 0.272254 0.605536 -3781.488000 0.104321 0.330672 K0.02Na0.71Ca0.27Al1.27Si2.73O8 61.5184 0 24.2217 0 0 0 0 5.62866 8.25576 0.375453 0 0
5000.00 1143.15 0.255600 0.566059 -3552.586176 0.097973 0.310293 K0.02Na0.72Ca0.26Al1.26Si2.74O8 61.7384 0 24.0694 0 0 0 0 5.45166 8.34673 0.39379 0 0
5000.00 1133.15 0.240285 0.529821 -3341.979246 0.092132 0.291578 K0.02Na0.73Ca0.25Al1.25Si2.75O8 61.9535 0 23.9202 0 0 0 0 5.27843 8.43495 0.412899 0 0
5000.00 1123.15 0.226147 0.496434 -3147.471538 0.086737 0.274331 K0.02Na0.73Ca0.24Al1.24Si2.76O8 62.1638 0 23.7741 0 0 0 0 5.10882 8.52046 0.432847 0 0

clinopyroxene_0 thermodynamic data and composition:
Pressure Temperature mass S H V Cp structure formula SiO2 TiO2 Al2O3 Fe2O3 FeO MnO MgO CaO Na2O K2O P2O5 H2O
5000.00 1513.15 5.046392 12.116076 -63624.550912 1.563146 6.073555 cpx Na0.02Ca0.69Fe''0.20Mg0.97Fe'''0.03Ti0.01Al0.20Si1.88O6 51.5955 0.361092 4.64036 1.17983 6.5277 0 17.8891 17.5707 0.235714 0 0 0
5000.00 1503.15 4.877930 11.660432 -61406.405865 1.507273 5.851040 cpx Na0.02Ca0.70Fe''0.20Mg0.94Fe'''0.04Ti0.01Al0.22Si1.87O6 51.1625 0.434037 5.04737 1.28259 6.68371 0 17.3139 17.8186 0.257194 0 0 0
5000.00 1493.15 4.362408 10.383784 -54820.713664 1.344549 5.215678 cpx Na0.02Ca0.71Fe''0.21Mg0.92Fe'''0.04Ti0.01Al0.24Si1.86O6 50.7205 0.516222 5.46114 1.38828 6.86942 0 16.7709 17.9942 0.279331 0 0 0
5000.00 1483.15 3.917296 9.285141 -49132.491707 1.204170 4.668460 cpx Na0.02Ca0.71Fe''0.22Mg0.89Fe'''0.04Ti0.02Al0.25Si1.85O6 50.265 0.609071 5.88307 1.49774 7.07492 0 16.2436 18.1242 0.302345 0 0 0
5000.00 1473.15 3.540026 8.357025 -44299.851905 1.085216 4.206011 cpx Na0.02Ca0.72Fe''0.23Mg0.87Fe'''0.04Ti0.02Al0.27Si1.83O6 49.8193 0.709928 6.28301 1.6059 7.33041 0 15.7681 18.158 0.325312 0 0 0
5000.00 1463.15 3.218715 7.588375 -40028.427267 0.983759 3.824732 cpx Na0.02Ca0.67Fe''0.26Mg0.88Fe'''0.04Ti0.02Al0.27Si1.83O6 49.7903 0.73252 6.20716 1.61939 8.29987 0 16.0871 16.9354 0.328346 0 0 0
5000.00 1453.15 1.630539 3.891283 -19621.709880 0.494134 1.970807 cpx Na0.01Ca0.29Fe''0.43Mg1.13Fe'''0.04Ti0.01Al0.22Si1.87O6 50.9059 0.386273 5.11518 1.30094 13.9524 0 20.6786 7.48484 0.175826 0 0 0
5000.00 1443.15 1.715252 4.075111 -20514.000872 0.517977 2.065567 cpx Na0.01Ca0.29Fe''0.45Mg1.11Fe'''0.04Ti0.01Al0.22Si1.86O6 50.6583 0.426131 5.15005 1.35954 14.7096 0 20.2641 7.25231 0.180014 0 0 0
5000.00 1433.15 1.423080 3.365595 -16909.705943 0.428187 1.707272 cpx Na0.01Ca0.28Fe''0.48Mg1.09Fe'''0.04Ti0.01Al0.23Si1.86O6 50.4055 0.465748 5.18427 1.41876 15.4984 0 19.8457 6.99818 0.18349 0 0 0
5000.00 1423.15 1.193416 2.809385 -14084.034774 0.357735 1.426204 cpx Na0.01Ca0.27Fe''0.51Mg1.07Fe'''0.04Ti0.01Al0.23Si1.86O6 50.1465 0.504662 5.21785 1.47888 16.3239 0 19.4198 6.72209 0.18619 0 0 0
5000.00 1413.15 1.009119 2.364330 -11822.704102 0.301307 1.201136 cpx Na0.01Ca0.26Fe''0.53Mg1.05Fe'''0.04Ti0.02Al0.23Si1.85O6 49.8802 0.542152 5.25068 1.54014 17.1943 0 18.9838 6.4207 0.187985 0 0 0
5000.00 1403.15 0.859117 2.003172 -9986.594726 0.255462 1.018344 cpx Na0.01Ca0.24Fe''0.57Mg1.03Fe'''0.05Ti0.02Al0.23Si1.85O6 49.6055 0.576706 5.28225 1.60268 18.1252 0 18.5356 6.0834 0.188564 0 0 0
5000.00 1393.15 0.760281 1.763756 -8777.684525 0.225306 0.897552 cpx Na0.01Ca0.24Fe''0.59Mg1.01Fe'''0.05Ti0.02Al0.23Si1.85O6 49.4724 0.557859 5.19368 1.62633 18.9542 0 18.0911 5.91528 0.189159 0 0 0
5000.00 1383.15 0.639009 1.474792 -7336.873458 0.188859 0.751538 cpx Na0.01Ca0.24Fe''0.62Mg0.99Fe'''0.05Ti0.01Al0.22Si1.86O6 49.4442 0.507046 5.02807 1.61979 19.6513 0 17.6731 5.88604 0.190471 0 0 0
5000.00 1373.15 0.517809 1.188908 -5912.317821 0.152622 0.606713 cpx Na0.01Ca0.24Fe''0.64Mg0.97Fe'''0.05Ti0.01Al0.22Si1.86O6 49.4074 0.460953 4.8734 1.61338 20.3507 0 17.2649 5.8377 0.191468 0 0 0
5000.00 1363.15 0.430315 0.982887 -4885.572497 0.126482 0.502299 cpx Na0.01Ca0.23Fe''0.67Mg0.95Fe'''0.05Ti0.01Al0.21Si1.87O6 49.3614 0.418904 4.72775 1.6075 21.058 0 16.8593 5.77501 0.192176 0 0 0
5000.00 1353.15 0.364094 0.827269 -4109.789112 0.106714 0.423379 cpx Na0.01Ca0.23Fe''0.69Mg0.93Fe'''0.05Ti0.01Al0.21Si1.87O6 49.3055 0.380405 4.58973 1.60243 21.7775 0 16.4508 5.70105 0.192606 0 0 0
5000.00 1343.15 0.312306 0.705827 -3504.119915 0.091267 0.361745 cpx Na0.01Ca0.23Fe''0.72Mg0.91Fe'''0.05Ti0.01Al0.20Si1.87O6 49.2394 0.345079 4.45828 1.59839 22.5124 0 16.0357 5.61802 0.192767 0 0 0
5000.00 1333.15 0.281649 0.633103 -3140.423659 0.082058 0.324930 cpx Na0.01Ca0.23Fe''0.74Mg0.89Fe'''0.05Ti0.01Al0.19Si1.88O6 49.1633 0.312627 4.33037 1.59512 23.2694 0 15.609 5.52751 0.192632 0 0 0
5000.00 1323.15 0.254216 0.568293 -2816.035549 0.073832 0.292070 cpx Na0.01Ca0.22Fe''0.77Mg0.87Fe'''0.05Ti0.01Al0.19Si1.88O6 49.0768 0.282824 4.20576 1.5928 24.0504 0 15.1684 5.43088 0.192205 0 0 0
5000.00 1313.15 0.221029 0.491337 -2431.756589 0.063984 0.252861 cpx Na0.01Ca0.22Fe''0.80Mg0.84Fe'''0.05Ti0.01Al0.19Si1.88O6 48.979 0.255448 4.08616 1.59204 24.8531 0 14.7132 5.3295 0.191527 0 0 0
5000.00 1303.15 0.193873 0.428509 -2117.831970 0.055933 0.220819 cpx Na0.01Ca0.22Fe''0.83Mg0.82Fe'''0.05Ti0.01Al0.18Si1.89O6 48.8699 0.230315 3.97082 1.59289 25.6792 0 14.2418 5.22447 0.190604 0 0 0
5000.00 1293.15 0.171389 0.376605 -1858.320875 0.049272 0.194322 cpx Na0.01Ca0.21Fe''0.86Mg0.79Fe'''0.05Ti0.01Al0.18Si1.89O6 48.7496 0.207262 3.85898 1.59537 26.5297 0 13.7528 5.1168 0.189442 0 0 0
5000.00 1283.15 0.152514 0.333135 -1640.841149 0.043687 0.172109 cpx Na0.01Ca0.21Fe''0.89Mg0.77Fe'''0.05Ti0.01Al0.17Si1.89O6 48.6184 0.186145 3.75001 1.59944 27.4053 0 13.2452 5.00745 0.188048 0 0 0
5000.00 1273.15 0.136506 0.296354 -1456.716758 0.038954 0.153294 cpx Na0.01Ca0.21Fe''0.93Mg0.74Fe'''0.05Ti0.00Al0.17Si1.89O6 48.4766 0.16683 3.64328 1.60505 28.3062 0 12.7183 4.89735 0.186428 0 0 0
5000.00 1263.15 0.122812 0.264965 -1299.503863 0.034909 0.137221 cpx Na0.01Ca0.20Fe''0.96Mg0.71Fe'''0.05Ti0.00Al0.16Si1.90O6 48.3246 0.149195 3.5382 1.61213 29.232 0 12.1718 4.78741 0.184593 0 0 0
5000.00 1253.15 0.111008 0.237973 -1164.261897 0.031427 0.123387 cpx Na0.01Ca0.20Fe''1.00Mg0.68Fe'''0.05Ti0.00Al0.16Si1.90O6 48.1631 0.133125 3.43422 1.62052 30.182 0 11.606 4.67854 0.182551 0 0 0
5000.00 1243.15 0.100762 0.214601 -1047.135251 0.028408 0.111398 cpx Na0.01Ca0.19Fe''1.03Mg0.65Fe'''0.05Ti0.00Al0.16Si1.90O6 47.9927 0.118512 3.3308 1.63002 31.1546 0 11.0214 4.57162 0.180315 0 0 0
5000.00 1233.15 0.091810 0.194232 -945.066474 0.025774 0.100942 cpx Na0.01Ca0.19Fe''1.07Mg0.62Fe'''0.05Ti0.00Al0.15Si1.90O6 47.8145 0.105254 3.22746 1.64039 32.1478 0 10.4191 4.46753 0.177897 0 0 0
5000.00 1223.15 0.083939 0.176371 -855.595677 0.023462 0.091766 cpx Na0.01Ca0.19Fe''1.11Mg0.58Fe'''0.05Ti0.00Al0.15Si1.91O6 47.6296 0.093253 3.12376 1.65128 33.159 0 9.80065 4.36711 0.175313 0 0 0
5000.00 1213.15 0.076976 0.160611 -776.718362 0.021420 0.083665 cpx Na0.01Ca0.18Fe''1.15Mg0.55Fe'''0.05Ti0.00Al0.14Si1.91O6 47.4392 0.0824177 3.01934 1.66231 34.1849 0 9.16808 4.27112 0.172579 0 0 0
5000.00 1203.15 0.070774 0.146620 -706.784206 0.019605 0.076471 cpx Na0.01Ca0.18Fe''1.19Mg0.51Fe'''0.05Ti0.00Al0.14Si1.91O6 47.2449 0.0726608 2.91392 1.673 35.2216 0 8.52395 4.18028 0.169715 0 0 0

olivine_0 thermodynamic data and composition:
Pressure Temperature mass S H V Cp formula SiO2 TiO2 Al2O3 Fe2O3 FeO MnO MgO CaO Na2O K2O P2O5 H2O
5000.00 1193.15 0.118966 0.234099 -872.982914 0.029038 0.116246 (Ca0.00Mg0.14Fe''0.75Mn0.11Co0.00Ni0.00)2SiO4 30.8646 0 0 0 55.4211 7.68705 5.75284 0.274465 0 0 0 0
5000.00 1183.15 0.092846 0.181468 -675.000848 0.022572 0.090292 (Ca0.00Mg0.13Fe''0.76Mn0.11Co0.00Ni0.00)2SiO4 30.729 0 0 0 56.0062 7.83112 5.16492 0.26875 0 0 0 0
5000.00 1173.15 0.084740 0.164521 -610.776510 0.020525 0.082036 (Ca0.00Mg0.12Fe''0.77Mn0.11Co0.00Ni0.00)2SiO4 30.6028 0 0 0 56.543 7.97345 4.61785 0.262938 0 0 0 0
5000.00 1163.15 0.077387 0.149252 -553.336819 0.018678 0.074594 (Ca0.00Mg0.10Fe''0.78Mn0.11Co0.00Ni0.00)2SiO4 30.4854 0 0 0 57.0333 8.11536 4.10885 0.257082 0 0 0 0
5000.00 1153.15 0.070706 0.135473 -501.844771 0.017009 0.067872 (Ca0.00Mg0.09Fe''0.79Mn0.12Co0.00Ni0.00)2SiO4 30.3762 0 0 0 57.4791 8.25808 3.63536 0.251229 0 0 0 0
5000.00 1143.15 0.064627 0.123022 -455.589012 0.015499 0.061791 (Ca0.00Mg0.08Fe''0.80Mn0.12Co0.00Ni0.00)2SiO4 30.2747 0 0 0 57.8821 8.40281 3.19503 0.24542 0 0 0 0
5000.00 1133.15 0.059089 0.111756 -413.962573 0.014130 0.056283 (Ca0.00Mg0.07Fe''0.81Mn0.12Co0.00Ni0.00)2SiO4 30.1803 0 0 0 58.2436 8.55064 2.78573 0.23969 0 0 0 0
5000.00 1123.15 0.054041 0.101555 -376.445954 0.012888 0.051287 (Ca0.00Mg0.06Fe''0.81Mn0.12Co0.00Ni0.00)2SiO4 30.0927 0 0 0 58.5651 8.70264 2.40556 0.234069 0 0 0 0

clinopyroxene_1 thermodynamic data and composition:
Pressure Temperature mass S H V Cp structure formula SiO2 TiO2 Al2O3 Fe2O3 FeO MnO MgO CaO Na2O K2O P2O5 H2O
5000.00 1453.15 1.194687 2.805903 -14797.347295 0.364076 1.415730 cpx Na0.02Ca0.66Fe''0.27Mg0.87Fe'''0.05Ti0.02Al0.27Si1.83O6 49.5196 0.840282 6.28795 1.70228 8.79018 0 15.8082 16.7076 0.343838 0 0 0
5000.00 1443.15 0.653983 1.528381 -8078.874649 0.198732 0.771828 cpx Na0.03Ca0.67Fe''0.28Mg0.84Fe'''0.05Ti0.03Al0.28Si1.82O6 49.1065 1.01647 6.46251 1.82417 8.99375 0 15.2457 16.9832 0.367703 0 0 0
5000.00 1433.15 0.574776 1.336421 -7082.107859 0.174135 0.675444 cpx Na0.03Ca0.69Fe''0.28Mg0.81Fe'''0.05Ti0.03Al0.29Si1.81O6 48.628 1.23907 6.67167 1.96027 9.15992 0 14.6532 17.2944 0.393421 0 0 0
5000.00 1423.15 0.519175 1.200729 -6380.910122 0.156770 0.607309 cpx Na0.03Ca0.70Fe''0.29Mg0.78Fe'''0.06Ti0.04Al0.30Si1.79O6 48.0481 1.53369 6.93387 2.1163 9.27615 0 14.0163 17.6542 0.421365 0 0 0
5000.00 1413.15 0.484419 1.113990 -5939.196533 0.145715 0.563766 cpx Na0.03Ca0.72Fe''0.29Mg0.74Fe'''0.06Ti0.06Al0.32Si1.77O6 47.2871 1.95688 7.29093 2.30352 9.31286 0 13.3025 18.0941 0.45213 0 0 0
5000.00 1403.15 0.474230 1.083442 -5801.079491 0.141919 0.548446 cpx Na0.04Ca0.75Fe''0.29Mg0.69Fe'''0.07Ti0.08Al0.35Si1.73O6 46.0835 2.69414 7.88332 2.55413 9.17467 0 12.4067 18.7166 0.486949 0 0 0
5000.00 1393.15 0.692169 1.572770 -8445.935948 0.206474 0.797155 cpx Na0.04Ca0.77Fe''0.29Mg0.67Fe'''0.08Ti0.09Al0.36Si1.72O6 45.5487 3.02196 8.05531 2.67871 9.3164 0 11.8848 18.986 0.508225 0 0 0
5000.00 1383.15 0.611577 1.384666 -7441.538397 0.182409 0.703497 cpx Na0.04Ca0.76Fe''0.31Mg0.67Fe'''0.07Ti0.08Al0.34Si1.74O6 46.0659 2.64842 7.62433 2.63703 9.8665 0 11.86 18.7813 0.51662 0 0 0
5000.00 1373.15 0.413391 0.932291 -5016.312934 0.123227 0.474760 cpx Na0.04Ca0.75Fe''0.33Mg0.66Fe'''0.07Ti0.07Al0.32Si1.75O6 46.4295 2.37938 7.28532 2.61033 10.3621 0 11.768 18.6394 0.525874 0 0 0
5000.00 1363.15 0.285197 0.640534 -3451.332160 0.084943 0.326928 cpx Na0.04Ca0.75Fe''0.34Mg0.66Fe'''0.07Ti0.06Al0.31Si1.77O6 46.7077 2.16669 6.99862 2.59269 10.8299 0 11.6358 18.5328 0.535797 0 0 0
5000.00 1353.15 0.200198 0.447710 -2416.050834 0.059566 0.229023 cpx Na0.04Ca0.75Fe''0.36Mg0.65Fe'''0.07Ti0.06Al0.30Si1.78O6 46.9293 1.98991 6.74683 2.58175 11.283 0 11.4742 18.4488 0.546273 0 0 0
5000.00 1343.15 0.142540 0.317365 -1715.373720 0.042362 0.162705 cpx Na0.04Ca0.75Fe''0.37Mg0.64Fe'''0.07Ti0.05Al0.29Si1.79O6 47.1093 1.83821 6.52044 2.57634 11.7297 0 11.2886 18.3802 0.557231 0 0 0
5000.00 1333.15 0.097306 0.215672 -1167.575695 0.028881 0.110811 cpx Na0.04Ca0.75Fe''0.39Mg0.63Fe'''0.07Ti0.05Al0.28Si1.79O6 47.2571 1.70563 6.3114 2.57542 12.1783 0 11.0811 18.3225 0.568606 0 0 0
5000.00 1323.15 0.064432 0.142146 -770.732649 0.019096 0.073191 cpx Na0.04Ca0.74Fe''0.40Mg0.62Fe'''0.07Ti0.05Al0.27Si1.80O6 47.3781 1.58794 6.11624 2.57873 12.6331 0 10.8532 18.2724 0.580349 0 0 0
5000.00 1313.15 0.045671 0.100280 -544.546467 0.013515 0.051743 cpx Na0.04Ca0.74Fe''0.42Mg0.60Fe'''0.07Ti0.04Al0.27Si1.81O6 47.4756 1.4816 5.93441 2.58662 13.0959 0 10.6066 18.2269 0.592445 0 0 0
5000.00 1303.15 0.032538 0.071098 -386.630483 0.009613 0.036762 cpx Na0.04Ca0.74Fe''0.43Mg0.59Fe'''0.07Ti0.04Al0.26Si1.82O6 47.5523 1.38454 5.76362 2.59901 13.5702 0 10.3414 18.1841 0.604882 0 0 0
5000.00 1293.15 0.023220 0.050487 -274.912658 0.006848 0.026159 cpx Na0.05Ca0.74Fe''0.45Mg0.57Fe'''0.08Ti0.04Al0.25Si1.82O6 47.6101 1.29522 5.60198 2.61587 14.0593 0 10.0578 18.142 0.617641 0 0 0
5000.00 1283.15 0.016630 0.035975 -196.124269 0.004895 0.018678 cpx Na0.05Ca0.74Fe''0.47Mg0.56Fe'''0.08Ti0.03Al0.25Si1.83O6 47.6505 1.21247 5.448 2.63724 14.5662 0 9.75563 18.0992 0.630705 0 0 0
5000.00 1273.15 0.011990 0.025805 -140.825777 0.003522 0.013424 cpx Na0.05Ca0.74Fe''0.49Mg0.54Fe'''0.08Ti0.03Al0.24Si1.83O6 47.6746 1.13535 5.30041 2.66318 15.0936 0 9.43455 18.0543 0.644053 0 0 0
5000.00 1263.15 0.008761 0.018756 -102.443432 0.002568 0.009776 cpx Na0.05Ca0.74Fe''0.50Mg0.52Fe'''0.08Ti0.03Al0.23Si1.84O6 47.683 1.06313 5.15808 2.69374 15.6443 0 9.09428 18.0059 0.65766 0 0 0
5000.00 1253.15 0.006565 0.013978 -76.398119 0.001920 0.007299 cpx Na0.05Ca0.74Fe''0.52Mg0.50Fe'''0.08Ti0.03Al0.23Si1.84O6 47.6765 0.995193 5.02001 2.72898 16.2205 0 8.73454 17.9528 0.67149 0 0 0
5000.00 1243.15 0.005135 0.010874 -59.462584 0.001498 0.005689 cpx Na0.05Ca0.74Fe''0.55Mg0.48Fe'''0.08Ti0.03Al0.22Si1.85O6 47.6556 0.931039 4.88523 2.7689 16.8246 0 8.35514 17.894 0.685498 0 0 0
5000.00 1233.15 0.004284 0.009022 -49.341632 0.001247 0.004729 cpx Na0.05Ca0.74Fe''0.57Mg0.46Fe'''0.08Ti0.03Al0.22Si1.85O6 47.621 0.87025 4.75284 2.81346 17.4583 0 7.9561 17.8284 0.699622 0 0 0
5000.00 1223.15 0.003877 0.008117 -44.391397 0.001125 0.004262 cpx Na0.05Ca0.74Fe''0.59Mg0.44Fe'''0.08Ti0.02Al0.21Si1.85O6 47.5732 0.812476 4.62198 2.86249 18.1233 0 7.53773 17.755 0.713788 0 0 0
5000.00 1213.15 0.003816 0.007942 -43.426965 0.001104 0.004178 cpx Na0.06Ca0.74Fe''0.62Mg0.41Fe'''0.09Ti0.02Al0.21Si1.86O6 47.513 0.757433 4.4918 2.91571 18.8203 0 7.10068 17.6732 0.727903 0 0 0
5000.00 1203.15 0.004033 0.008342 -45.586989 0.001163 0.004395 cpx Na0.06Ca0.74Fe''0.64Mg0.39Fe'''0.09Ti0.02Al0.20Si1.86O6 47.4412 0.704888 4.36152 2.97266 19.5496 0 6.64612 17.5821 0.741857 0 0 0

apatite thermodynamic data and composition:
Pressure Temperature mass S H V Cp formula
5000.00 1333.15 0.022324 0.050891 -269.954246 0.007290 0.025843 Ca5(PO4)3OH
5000.00 1323.15 0.040415 0.091781 -489.187218 0.013197 0.046732 Ca5(PO4)3OH
5000.00 1313.15 0.033329 0.075397 -403.807064 0.010883 0.038494 Ca5(PO4)3OH
5000.00 1303.15 0.027857 0.062772 -337.826911 0.009096 0.032136 Ca5(PO4)3OH
5000.00 1293.15 0.023547 0.052852 -285.837404 0.007689 0.027133 Ca5(PO4)3OH
5000.00 1283.15 0.020094 0.044921 -244.145956 0.006561 0.023125 Ca5(PO4)3OH
5000.00 1273.15 0.017283 0.038482 -210.196397 0.005644 0.019867 Ca5(PO4)3OH
5000.00 1263.15 0.014965 0.033184 -182.167658 0.004886 0.017180 Ca5(PO4)3OH
5000.00 1253.15 0.013027 0.028769 -158.732536 0.004254 0.014937 Ca5(PO4)3OH
5000.00 1243.15 0.011389 0.025047 -138.904936 0.003719 0.013042 Ca5(PO4)3OH
5000.00 1233.15 0.009989 0.021875 -121.939181 0.003262 0.011424 Ca5(PO4)3OH
5000.00 1223.15 0.008778 0.019142 -107.262063 0.002866 0.010027 Ca5(PO4)3OH
5000.00 1213.15 0.007721 0.016763 -94.426005 0.002521 0.008807 Ca5(PO4)3OH
5000.00 1203.15 0.006786 0.014671 -83.076151 0.002216 0.007731 Ca5(PO4)3OH
5000.00 1193.15 0.007367 0.015857 -90.276234 0.002406 0.008382 Ca5(PO4)3OH
5000.00 1183.15 0.006187 0.013258 -75.883706 0.002020 0.007029 Ca5(PO4)3OH
5000.00 1173.15 0.005425 0.011572 -66.595474 0.001771 0.006154 Ca5(PO4)3OH
5000.00 1163.15 0.004742 0.010070 -58.271337 0.001549 0.005373 Ca5(PO4)3OH
5000.00 1153.15 0.004125 0.008719 -50.731209 0.001347 0.004666 Ca5(PO4)3OH
5000.00 1143.15 0.003560 0.007490 -43.824273 0.001162 0.004022 Ca5(PO4)3OH
5000.00 1133.15 0.003037 0.006360 -37.422381 0.000992 0.003426 Ca5(PO4)3OH
5000.00 1123.15 0.002547 0.005308 -31.414846 0.000832 0.002869 Ca5(PO4)3OH
