Title: Gale2013MORB

Solid Composition:
Pressure Temperature mass SiO2 TiO2 Al2O3 Fe2O3 FeO MnO MgO CaO Na2O K2O P2O5 H2O 
5000.00 1573.15 0.000000 ---
5000.00 1563.15 0.000000 ---
5000.00 1553.15 0.000000 ---
5000.00 1543.15 0.000000 ---
5000.00 1533.15 0.000000 ---
5000.00 1523.15 0.000000 ---
5000.00 1513.15 5.046392 51.5955 0.361092 4.64036 1.17983 6.5277 0 17.8891 17.5707 0.235714 0 0 0
5000.00 1503.15 4.877930 51.1625 0.434037 5.04737 1.28259 6.68371 0 17.3139 17.8186 0.257194 0 0 0
5000.00 1493.15 4.362408 50.7205 0.516222 5.46114 1.38828 6.86942 0 16.7709 17.9942 0.279331 0 0 0
5000.00 1483.15 3.917296 50.265 0.609071 5.88307 1.49774 7.07492 0 16.2436 18.1242 0.302345 0 0 0
5000.00 1473.15 3.762416 49.8502 0.667965 7.79291 1.51097 6.89712 0 14.8361 17.9425 0.500618 0.00160146 0 0
5000.00 1463.15 6.369052 50.2954 0.370192 18.7233 0.818385 4.19449 0 8.1299 15.5531 1.90012 0.0151276 0 0
5000.00 1453.15 6.257608 50.8133 0.261075 19.6663 0.663978 5.31377 0 8.40628 12.7195 2.13685 0.0189236 0 0
5000.00 1443.15 5.434057 51.0079 0.256839 19.8716 0.648674 5.72545 0 8.23113 11.9527 2.28394 0.0218181 0 0
5000.00 1433.15 4.606136 51.086 0.298512 19.8232 0.682942 5.93128 0 7.95988 11.7957 2.398 0.0244085 0 0
5000.00 1423.15 3.957942 51.144 0.353346 19.7538 0.723519 6.13885 0 7.69412 11.6564 2.50887 0.0271061 0 0
5000.00 1413.15 3.441959 51.159 0.434359 19.6484 0.775737 6.35175 0 7.43789 11.5504 2.61259 0.0298528 0 0
5000.00 1403.15 3.027838 51.0571 0.585599 19.4701 0.85478 6.57981 0 7.20246 11.5204 2.6973 0.0324649 0 0
5000.00 1393.15 4.196588 42.7198 4.33334 17.7667 4.17191 12.3497 0 6.12574 10.0433 2.45772 0.0316828 0 0
5000.00 1383.15 4.310197 40.3484 5.40333 17.4543 5.32815 14.282 0 5.39082 9.21989 2.53756 0.0355448 0 0
5000.00 1373.15 3.424199 41.3097 5.03226 17.806 5.17666 13.9087 0 4.98432 8.9733 2.76726 0.0418319 0 0
5000.00 1363.15 2.792895 42.2063 4.69696 18.1092 5.04624 13.5502 0 4.62244 8.73029 2.98983 0.0485005 0 0
5000.00 1353.15 2.327359 43.0449 4.39155 18.367 4.93603 13.2101 0 4.29681 8.49279 3.20528 0.0555467 0 0
5000.00 1343.15 1.973898 43.8329 4.11099 18.584 4.84413 12.8887 0 4.0011 8.26143 3.41384 0.0629722 0 0
5000.00 1333.15 1.741398 44.0124 3.79787 18.5009 4.70117 12.4807 0 3.70845 8.59631 3.56586 0.0699437 0.543376 0.0229879
5000.00 1323.15 1.549084 44.1197 3.50804 18.3849 4.56805 12.0833 0 3.43187 8.966 3.70833 0.0772618 1.10584 0.0467835
5000.00 1313.15 1.352429 44.8501 3.29326 18.5475 4.51995 11.8185 0 3.19644 8.69442 3.90493 0.0861646 1.04457 0.0441913
5000.00 1303.15 1.193310 45.5412 3.09058 18.6794 4.48372 11.5707 0 2.97851 8.43477 4.09431 0.0954708 0.989478 0.0418606
5000.00 1293.15 1.062626 46.1986 2.89833 18.7854 4.45737 11.3385 0 2.77542 8.18501 4.27717 0.105198 0.939272 0.0397366
5000.00 1283.15 0.953675 46.8246 2.71571 18.8676 4.43983 11.1222 0 2.58559 7.94469 4.45354 0.115346 0.893078 0.0377823
5000.00 1273.15 0.861719 47.4222 2.54195 18.9283 4.42972 10.9217 0 2.40751 7.71309 4.62359 0.125923 0.850138 0.0359657
5000.00 1263.15 0.783271 47.9939 2.37636 18.9695 4.42553 10.7367 0 2.23987 7.48959 4.78752 0.136937 0.809802 0.0342593
5000.00 1253.15 0.715705 48.5424 2.21843 18.993 4.42565 10.5671 0 2.08159 7.27374 4.94553 0.148398 0.771512 0.0326394
5000.00 1243.15 0.657006 49.07 2.06773 19.0005 4.42838 10.4125 0 1.93172 7.0652 5.09778 0.160319 0.734768 0.0310849
5000.00 1233.15 0.605610 49.5791 1.92391 18.9933 4.43189 10.2728 0 1.78945 6.86373 5.24446 0.172714 0.699109 0.0295763
5000.00 1223.15 0.560282 50.072 1.7867 18.9725 4.43431 10.1476 0 1.65406 6.66919 5.38576 0.185601 0.664091 0.0280949
5000.00 1213.15 0.520040 50.5513 1.65588 18.9393 4.43371 10.0366 0 1.52491 6.48149 5.52188 0.199002 0.629271 0.0266218
5000.00 1203.15 0.484093 51.0192 1.53126 18.8947 4.42819 9.93941 0 1.40141 6.30053 5.65305 0.212945 0.594191 0.0251377
5000.00 1193.15 0.517118 49.5845 0.775214 17.5784 2.11793 15.1165 1.76845 1.36888 5.33004 5.51414 0.21651 0.603891 0.025548
5000.00 1183.15 0.459107 50.2381 0.858487 18.0257 2.36669 13.9598 1.5837 1.08979 5.28199 5.7654 0.23488 0.571224 0.0241661
5000.00 1173.15 0.424536 50.7483 0.801243 18.0694 2.22003 13.7519 1.59156 0.959593 5.14803 5.89619 0.249194 0.541627 0.0229139
5000.00 1163.15 0.393347 51.2544 0.749299 18.1157 2.0783 13.5293 1.59662 0.83985 5.01314 6.02652 0.26421 0.511032 0.0216196
5000.00 1153.15 0.365103 51.7564 0.702232 18.1642 1.94211 13.2938 1.59926 0.730066 4.87655 6.15625 0.279972 0.478883 0.0202595
5000.00 1143.15 0.339433 52.2546 0.659653 18.2145 1.81195 13.0471 1.59986 0.629739 4.7374 6.28527 0.296532 0.444561 0.0188075
5000.00 1133.15 0.316020 52.7492 0.621203 18.2663 1.68817 12.7913 1.59879 0.538365 4.59473 6.41348 0.313946 0.40737 0.0172341
5000.00 1123.15 0.294593 53.2407 0.586549 18.3191 1.571 12.5282 1.59644 0.455447 4.44743 6.54078 0.332278 0.366511 0.0155055