Title: MORB_Gale2013_0

liquid_0 thermodynamic data and composition:
Pressure Temperature mass S H V Cp viscosity SiO2 TiO2 Al2O3 Fe2O3 FeO MnO MgO CaO Na2O K2O P2O5 H2O Mg#
5000.00 1673.15 100.138469 289.872286 -1173579.586264 37.338980 150.549328 1.503 50.4634 1.54163 14.9658 1.38015 8.83879 0.173183 7.69815 11.362 2.76293 0.144153 0.169179 0.50053 60.8
5000.00 1663.15 100.138585 288.970094 -1175086.656683 37.309715 150.546068 1.537 50.4634 1.54163 14.9658 1.38131 8.83774 0.173183 7.69814 11.362 2.76292 0.144152 0.169179 0.500529 60.8
5000.00 1653.15 100.138718 288.062516 -1176593.926467 37.280468 150.542921 1.572 50.4633 1.54163 14.9658 1.38263 8.83654 0.173183 7.69813 11.362 2.76292 0.144152 0.169179 0.500529 60.8
5000.00 1643.15 100.138867 287.149485 -1178101.404344 37.251241 150.539889 1.607 50.4632 1.54163 14.9658 1.38411 8.83519 0.173183 7.69812 11.362 2.76291 0.144152 0.169178 0.500528 60.8
5000.00 1633.15 100.139034 286.230934 -1179609.099368 37.222033 150.536973 1.643 50.4631 1.54162 14.9658 1.38577 8.83368 0.173182 7.69811 11.362 2.76291 0.144152 0.169178 0.500527 60.8
5000.00 1623.15 100.139218 285.306794 -1181117.020931 37.192845 150.534177 1.679 50.463 1.54162 14.9657 1.3876 8.83202 0.173182 7.69809 11.3619 2.7629 0.144152 0.169178 0.500526 60.8
5000.00 1613.15 100.139420 284.376993 -1182625.178783 37.163678 150.531502 1.716 50.4629 1.54162 14.9657 1.38962 8.83018 0.173182 7.69808 11.3619 2.7629 0.144151 0.169178 0.500525 60.8
5000.00 1603.15 100.139641 283.441461 -1184133.583049 37.134531 150.528950 1.753 50.4628 1.54161 14.9657 1.39182 8.82818 0.173181 7.69806 11.3619 2.76289 0.144151 0.169177 0.500524 60.9
5000.00 1593.15 100.139882 282.500125 -1185642.244248 37.105407 150.526525 1.790 50.4627 1.54161 14.9656 1.39421 8.826 0.173181 7.69804 11.3619 2.76289 0.144151 0.169177 0.500523 60.9
5000.00 1583.15 100.140142 281.552910 -1187151.173312 37.076304 150.524229 1.828 50.4626 1.54161 14.9656 1.3968 8.82365 0.17318 7.69802 11.3618 2.76288 0.14415 0.169176 0.500522 60.9
5000.00 1573.15 100.140422 280.599739 -1188660.381607 37.047224 150.522065 1.867 50.4624 1.5416 14.9656 1.39959 8.82111 0.17318 7.698 11.3618 2.76287 0.14415 0.169176 0.50052 60.9
5000.00 1563.15 100.140723 279.640536 -1190169.880957 37.018168 150.520036 1.905 50.4623 1.5416 14.9655 1.40259 8.81838 0.173179 7.69798 11.3618 2.76286 0.144149 0.169175 0.500519 60.9
5000.00 1553.15 100.141046 278.675222 -1191679.683665 36.989135 150.518145 1.945 50.4621 1.54159 14.9655 1.4058 8.81546 0.173179 7.69795 11.3617 2.76285 0.144149 0.169175 0.500517 60.9
5000.00 1543.15 100.141391 277.703717 -1193189.802543 36.960127 150.516396 1.985 50.462 1.54159 14.9654 1.40924 8.81233 0.173178 7.69793 11.3617 2.76284 0.144148 0.169174 0.500515 60.9
5000.00 1533.15 100.141759 276.725937 -1194700.250930 36.931143 150.514790 2.025 50.4618 1.54158 14.9654 1.4129 8.809 0.173178 7.6979 11.3617 2.76283 0.144148 0.169174 0.500513 60.9
5000.00 1523.15 100.142150 275.741799 -1196211.042729 36.902186 150.513333 2.066 50.4616 1.54158 14.9653 1.41679 8.80546 0.173177 7.69787 11.3616 2.76282 0.144147 0.169173 0.500511 60.9
5000.00 1513.15 95.011100 260.981924 -1135224.728544 35.040531 142.396482 2.143 50.4008 1.60531 15.5227 1.42459 8.93282 0.182529 7.14783 11.0264 2.89929 0.151932 0.178309 0.527541 58.8
5000.00 1503.15 90.100813 246.909619 -1076933.422290 33.262759 134.649205 2.224 50.3596 1.66912 16.0933 1.43045 9.05689 0.192477 6.5941 10.6563 3.04326 0.160212 0.188026 0.556291 56.5
5000.00 1493.15 85.709879 234.313348 -1024969.234017 31.674889 127.739095 2.305 50.3413 1.72816 16.6377 1.4343 9.16722 0.202337 6.07297 10.2803 3.18483 0.16842 0.197659 0.58479 54.1
5000.00 1483.15 81.767359 222.989632 -978467.622903 30.250963 121.550576 2.388 50.3449 1.78208 17.156 1.4363 9.2633 0.212093 5.58275 9.90204 3.3238 0.17654 0.207189 0.612987 51.8
5000.00 1473.15 77.902677 211.949977 -932571.066171 28.850265 112.512616 2.468 50.3684 1.83803 17.5974 1.44137 9.38003 0.222615 5.13749 9.50745 3.46112 0.185194 0.217468 0.643396 49.4
5000.00 1463.15 71.488190 194.169248 -852510.248424 26.465061 102.880769 2.503 50.3742 1.96986 17.4963 1.49384 9.84764 0.24259 4.86883 8.96744 3.6008 0.200448 0.236981 0.701127 46.8
5000.00 1453.15 65.172169 176.743847 -773751.900668 24.116408 93.444634 2.529 50.331 2.1358 17.2843 1.55601 10.3018 0.2661 4.52571 8.61019 3.74205 0.218029 0.259947 0.769075 43.9
5000.00 1443.15 59.709489 161.680209 -705761.990496 22.084006 85.308842 2.551 50.2694 2.30769 17.048 1.61861 10.7389 0.290445 4.18758 8.30512 3.87508 0.235972 0.283729 0.839436 41.0
5000.00 1433.15 55.079518 148.905494 -648265.727423 20.360599 78.430060 2.571 50.2011 2.47656 16.815 1.67904 11.1595 0.31486 3.87131 8.01239 3.99888 0.253747 0.30758 0.909999 38.2
5000.00 1423.15 51.101503 137.923962 -598983.217235 18.879365 72.534008 2.590 50.1279 2.64183 16.5865 1.73743 11.5648 0.33937 3.57451 7.72937 4.1145 0.271381 0.331523 0.980838 35.5
5000.00 1413.15 47.642485 128.371159 -556243.919685 17.591329 67.418930 2.608 50.0531 2.80207 16.3645 1.79382 11.9555 0.364009 3.29476 7.45255 4.22318 0.288907 0.355593 1.05205 32.9
5000.00 1403.15 44.600019 119.967067 -518775.960864 16.459273 62.929025 2.627 49.9846 2.9532 16.1528 1.84792 12.3312 0.388841 3.02887 7.17556 4.32692 0.306391 0.37985 1.12382 30.5
5000.00 1393.15 40.359146 108.594757 -470847.047712 14.989704 56.786921 2.727 50.7496 2.8015 15.982 1.83909 12.0999 0.4297 2.70402 6.87457 4.52277 0.335239 0.419765 1.24191 28.5
5000.00 1383.15 36.046286 97.134944 -423460.520822 13.525625 50.597750 2.868 51.9778 2.48822 15.7999 1.79064 11.4995 0.481112 2.38159 6.59092 4.75873 0.371061 0.469988 1.3905 27.0
5000.00 1373.15 32.620603 88.006588 -385594.761175 12.353020 45.694046 2.991 53.0839 2.21958 15.584 1.7466 10.9605 0.531637 2.1077 6.33829 4.96639 0.405599 0.519345 1.53652 25.5
5000.00 1363.15 29.827069 80.542581 -354544.892684 11.389342 41.704179 3.099 54.0898 1.98644 15.3428 1.70619 10.4717 0.581429 1.8719 6.11226 5.15009 0.439007 0.567985 1.68043 24.2
5000.00 1353.15 27.499724 74.308271 -328545.102644 10.580622 38.386882 3.196 55.0129 1.78205 15.0824 1.66874 10.0242 0.630636 1.66662 5.90912 5.3133 0.47142 0.616055 1.82265 22.9
5000.00 1343.15 25.526363 69.009414 -306397.274863 9.890205 35.579365 3.282 55.8663 1.60139 14.8075 1.63368 9.61063 0.679388 1.48627 5.72585 5.45878 0.502955 0.66368 1.96355 21.6
5000.00 1333.15 23.784002 64.329737 -286747.583213 9.276774 33.094627 3.366 56.7264 1.44023 14.5337 1.59875 9.22807 0.729159 1.32383 5.51257 5.59626 0.534635 0.670739 2.10564 20.4
5000.00 1323.15 22.236928 60.173772 -269222.596979 8.728875 30.883676 3.449 57.5923 1.29598 14.2613 1.5641 8.87272 0.779888 1.17745 5.27294 5.72613 0.566406 0.641881 2.24894 19.1
5000.00 1313.15 20.886894 56.539148 -253873.670044 8.247937 28.958090 3.524 58.4049 1.16662 13.9797 1.53129 8.53843 0.830297 1.04734 5.05276 5.84234 0.597394 0.617421 2.39151 17.9
5000.00 1303.15 19.696298 53.327165 -240292.087678 7.821422 27.263002 3.591 59.1716 1.05018 13.6911 1.49995 8.22173 0.880486 0.931071 4.84958 5.94646 0.627677 0.596646 2.53361 16.8
5000.00 1293.15 18.636654 50.462954 -228166.995302 7.439792 25.756925 3.651 59.8983 0.945043 13.3968 1.46974 7.91981 0.930549 0.826747 4.66146 6.03978 0.657324 0.579022 2.67549 15.7
5000.00 1283.15 17.686187 47.889193 -217260.345258 7.095737 24.408187 3.705 60.5899 0.849923 13.098 1.4404 7.63033 0.980557 0.732831 4.48681 6.12339 0.686385 0.564141 2.81732 14.6
5000.00 1273.15 16.827871 45.560993 -207385.520344 6.783525 23.192056 3.754 61.2505 0.763736 12.7958 1.4117 7.35134 1.03057 0.648072 4.3243 6.1982 0.714902 0.551687 2.95928 13.6
5000.00 1263.15 16.048169 43.442619 -198393.755576 6.498584 22.088896 3.797 61.8833 0.685573 12.4908 1.38343 7.08121 1.08064 0.571438 4.17279 6.26498 0.742908 0.541414 3.10149 12.6
5000.00 1253.15 15.336177 41.505238 -190164.873703 6.237220 21.082908 3.835 62.4912 0.61466 12.1839 1.3554 6.81859 1.13081 0.502068 4.03135 6.32441 0.770429 0.533134 3.24406 11.6
5000.00 1243.15 14.683007 39.725312 -182600.647519 5.996412 20.161226 3.870 63.0766 0.550329 11.8754 1.32746 6.56236 1.18111 0.43924 3.89913 6.37709 0.797483 0.526701 3.3871 10.7
5000.00 1233.15 14.081341 38.083426 -175619.950543 5.773667 19.313267 3.899 63.6414 0.492 11.5659 1.29948 6.31158 1.23158 0.382339 3.77544 6.42352 0.824087 0.522005 3.53067 9.7
5000.00 1223.15 13.525094 36.563416 -169155.151511 5.566903 18.530242 3.925 64.1873 0.439161 11.2558 1.27132 6.06552 1.28223 0.330841 3.65963 6.46417 0.850247 0.518966 3.67484 8.9
5000.00 1213.15 13.009169 35.151703 -163149.390565 5.374372 17.804789 3.947 64.7156 0.391358 10.9455 1.2429 5.8236 1.33308 0.284297 3.55114 6.49943 0.875969 0.517531 3.81965 8.0
5000.00 1203.15 12.529257 33.836798 -157554.491171 5.194591 17.130696 3.966 65.2274 0.348185 10.6352 1.21412 5.58538 1.38415 0.242316 3.44948 6.52967 0.901252 0.51767 3.96512 7.2
5000.00 1193.15 12.012057 32.445069 -151744.519632 5.005638 16.412375 4.001 65.8951 0.331608 10.3353 1.155 5.19385 1.36536 0.194155 3.37431 6.57254 0.930668 0.517191 4.13488 6.2
5000.00 1183.15 11.555062 31.205948 -146558.059644 4.836836 15.776765 4.028 66.505 0.311706 10.0278 1.10361 4.85607 1.35656 0.159211 3.30279 6.60305 0.958098 0.51849 4.2976 5.5
5000.00 1173.15 11.132766 30.058122 -141749.191049 4.680043 15.189602 4.052 67.0931 0.294123 9.71936 1.05279 4.53256 1.34752 0.129299 3.23689 6.62841 0.984897 0.521192 4.4599 4.8
5000.00 1163.15 10.741779 28.992578 -137281.459526 4.534110 14.646059 4.072 67.6597 0.278595 9.41018 1.00268 4.22341 1.33836 0.103855 3.17648 6.64882 1.01103 0.525284 4.62161 4.2
5000.00 1153.15 10.379148 28.001462 -133123.230613 4.398037 14.141945 4.088 68.2051 0.264888 9.10062 0.95343 3.92862 1.32919 0.0823661 3.1215 6.66448 1.03647 0.53077 4.78254 3.6
5000.00 1143.15 10.042291 27.077902 -129246.952543 4.270952 13.673606 4.101 68.7296 0.252799 8.79103 0.905157 3.6481 1.32009 0.0643663 3.07186 6.67559 1.06119 0.537669 4.9425 3.0

clinopyroxene_0 thermodynamic data and composition:
Pressure Temperature mass S H V Cp structure formula SiO2 TiO2 Al2O3 Fe2O3 FeO MnO MgO CaO Na2O K2O P2O5 H2O
5000.00 1513.15 5.130578 12.318155 -64684.108829 1.589191 6.174760 cpx Na0.02Ca0.69Fe''0.20Mg0.97Fe'''0.03Ti0.01Al0.20Si1.88O6 51.5916 0.361452 4.64466 1.1808 6.53022 0 17.8846 17.5707 0.235997 0 0 0
5000.00 1503.15 4.911123 11.739734 -61822.351380 1.517496 5.890740 cpx Na0.02Ca0.70Fe''0.20Mg0.94Fe'''0.04Ti0.01Al0.22Si1.87O6 51.1584 0.43445 5.052 1.28364 6.68643 0 17.3092 17.8184 0.257507 0 0 0
5000.00 1493.15 4.392084 10.454384 -55191.831771 1.353665 5.251052 cpx Na0.02Ca0.71Fe''0.21Mg0.92Fe'''0.04Ti0.01Al0.24Si1.86O6 50.7161 0.516692 5.46608 1.38942 6.87231 0 16.7659 17.9938 0.279675 0 0 0
5000.00 1483.15 3.943941 9.348262 -49464.954118 1.212331 4.700113 cpx Na0.02Ca0.71Fe''0.22Mg0.89Fe'''0.04Ti0.02Al0.25Si1.85O6 50.2603 0.609602 5.88832 1.49897 7.07798 0 16.2384 18.1237 0.302722 0 0 0
5000.00 1473.15 3.566857 8.420766 -44631.005836 1.093413 4.238057 cpx Na0.02Ca0.72Fe''0.23Mg0.87Fe'''0.04Ti0.02Al0.27Si1.83O6 49.8232 0.709073 6.27814 1.60529 7.34596 0 15.7781 18.1349 0.325362 0 0 0
5000.00 1463.15 3.239872 7.638840 -40284.790495 0.990186 3.850138 cpx Na0.02Ca0.67Fe''0.26Mg0.88Fe'''0.04Ti0.02Al0.27Si1.83O6 49.7966 0.730559 6.20011 1.61811 8.32595 0 16.1046 16.896 0.328125 0 0 0
5000.00 1453.15 1.682299 4.014728 -20242.805248 0.509801 2.033276 cpx Na0.01Ca0.29Fe''0.43Mg1.13Fe'''0.04Ti0.01Al0.22Si1.87O6 50.9037 0.3867 5.11367 1.30178 13.9607 0 20.6716 7.4858 0.176017 0 0 0
5000.00 1443.15 1.723984 4.095770 -20616.452169 0.520594 2.075983 cpx Na0.01Ca0.29Fe''0.45Mg1.11Fe'''0.04Ti0.01Al0.22Si1.86O6 50.656 0.426549 5.14835 1.36043 14.7188 0 20.2568 7.25286 0.180205 0 0 0
5000.00 1433.15 1.430248 3.382473 -16993.104878 0.430326 1.715786 cpx Na0.01Ca0.28Fe''0.48Mg1.09Fe'''0.04Ti0.01Al0.23Si1.86O6 50.4033 0.466144 5.18236 1.4197 15.5084 0 19.8381 6.99835 0.183679 0 0 0
5000.00 1423.15 1.199379 2.823357 -14152.802392 0.359506 1.433254 cpx Na0.01Ca0.27Fe''0.51Mg1.07Fe'''0.04Ti0.01Al0.23Si1.86O6 50.1442 0.505022 5.21571 1.47987 16.3349 0 19.412 6.72186 0.186375 0 0 0
5000.00 1413.15 1.014139 2.376032 -11880.045483 0.302791 1.207043 cpx Na0.01Ca0.26Fe''0.54Mg1.05Fe'''0.04Ti0.02Al0.23Si1.86O6 49.8779 0.542459 5.24829 1.54117 17.2063 0 18.9757 6.42007 0.188162 0 0 0
5000.00 1403.15 0.863412 2.013134 -10035.173232 0.256726 1.023375 cpx Na0.01Ca0.24Fe''0.57Mg1.03Fe'''0.05Ti0.02Al0.23Si1.85O6 49.6032 0.576939 5.2796 1.60376 18.1383 0 18.5272 6.08228 0.188731 0 0 0
5000.00 1393.15 0.763633 1.771478 -8815.422282 0.226292 0.901458 cpx Na0.01Ca0.24Fe''0.59Mg1.01Fe'''0.05Ti0.02Al0.23Si1.85O6 49.473 0.557032 5.18838 1.62662 18.9646 0 18.0824 5.9185 0.189349 0 0 0
5000.00 1383.15 0.640161 1.477401 -7349.204967 0.189192 0.752846 cpx Na0.01Ca0.24Fe''0.62Mg0.99Fe'''0.05Ti0.01Al0.22Si1.86O6 49.4445 0.506233 5.02275 1.62015 19.6629 0 17.6639 5.88892 0.190653 0 0 0
5000.00 1373.15 0.518826 1.191198 -5923.126009 0.152915 0.607863 cpx Na0.01Ca0.24Fe''0.64Mg0.97Fe'''0.05Ti0.01Al0.22Si1.86O6 49.4074 0.460159 4.86807 1.61381 20.3636 0 17.255 5.84032 0.191643 0 0 0
5000.00 1363.15 0.431183 0.984832 -4894.705509 0.126731 0.503276 cpx Na0.01Ca0.23Fe''0.67Mg0.95Fe'''0.05Ti0.01Al0.21Si1.87O6 49.361 0.418134 4.72241 1.60802 21.0721 0 16.8486 5.77738 0.192343 0 0 0
5000.00 1353.15 0.364830 0.828906 -4117.421776 0.106923 0.424201 cpx Na0.01Ca0.23Fe''0.69Mg0.93Fe'''0.05Ti0.01Al0.21Si1.87O6 49.3047 0.379661 4.5844 1.60305 21.7929 0 16.4393 5.70318 0.192766 0 0 0
5000.00 1343.15 0.312928 0.707202 -3510.477067 0.091443 0.362435 cpx Na0.01Ca0.23Fe''0.72Mg0.91Fe'''0.05Ti0.01Al0.20Si1.87O6 49.2382 0.344364 4.45296 1.5991 22.5292 0 16.0233 5.61993 0.192919 0 0 0
5000.00 1333.15 0.282659 0.635342 -3151.066746 0.082347 0.326065 cpx Na0.01Ca0.23Fe''0.74Mg0.89Fe'''0.05Ti0.01Al0.19Si1.88O6 49.1617 0.311942 4.32498 1.59591 23.2879 0 15.5956 5.5292 0.192775 0 0 0
5000.00 1323.15 0.254726 0.569403 -2821.082227 0.073975 0.292627 cpx Na0.01Ca0.22Fe''0.77Mg0.87Fe'''0.05Ti0.01Al0.19Si1.88O6 49.0747 0.282172 4.20038 1.5937 24.0704 0 15.154 5.43235 0.192338 0 0 0
5000.00 1313.15 0.221451 0.492247 -2435.832655 0.064101 0.253316 cpx Na0.01Ca0.22Fe''0.80Mg0.84Fe'''0.05Ti0.01Al0.19Si1.88O6 48.9764 0.254829 4.0808 1.59307 24.8748 0 14.6977 5.33078 0.191651 0 0 0
5000.00 1303.15 0.194225 0.429260 -2121.141370 0.056029 0.221194 cpx Na0.01Ca0.22Fe''0.83Mg0.82Fe'''0.05Ti0.01Al0.18Si1.89O6 48.8667 0.229731 3.96547 1.59404 25.7025 0 14.2252 5.22557 0.190719 0 0 0
5000.00 1293.15 0.171685 0.377230 -1861.021513 0.049353 0.194633 cpx Na0.01Ca0.21Fe''0.86Mg0.79Fe'''0.05Ti0.01Al0.18Si1.89O6 48.7459 0.206713 3.85366 1.59664 26.5548 0 13.735 5.11775 0.189548 0 0 0
5000.00 1283.15 0.152765 0.333659 -1643.053112 0.043754 0.172368 cpx Na0.01Ca0.21Fe''0.89Mg0.77Fe'''0.05Ti0.01Al0.17Si1.89O6 48.6142 0.185631 3.7447 1.60084 27.4321 0 13.2262 5.00827 0.188145 0 0 0
5000.00 1273.15 0.136719 0.296795 -1458.533628 0.039010 0.153511 cpx Na0.01Ca0.21Fe''0.93Mg0.74Fe'''0.05Ti0.00Al0.17Si1.89O6 48.4718 0.166351 3.63797 1.60659 28.3346 0 12.6981 4.89806 0.186517 0 0 0
5000.00 1263.15 0.122994 0.265337 -1300.999211 0.034957 0.137404 cpx Na0.01Ca0.20Fe''0.96Mg0.71Fe'''0.05Ti0.00Al0.16Si1.90O6 48.3192 0.148751 3.5329 1.6138 29.2621 0 12.1504 4.78805 0.184673 0 0 0
5000.00 1253.15 0.111165 0.238289 -1165.493657 0.031467 0.123542 cpx Na0.01Ca0.20Fe''1.00Mg0.68Fe'''0.05Ti0.00Al0.16Si1.90O6 48.1572 0.132716 3.42891 1.62232 30.2137 0 11.5834 4.67913 0.182623 0 0 0
5000.00 1243.15 0.100897 0.214870 -1048.148940 0.028442 0.111529 cpx Na0.01Ca0.19Fe''1.03Mg0.65Fe'''0.05Ti0.00Al0.16Si1.90O6 47.9863 0.118136 3.32549 1.63195 31.1878 0 10.9977 4.57221 0.180379 0 0 0
5000.00 1233.15 0.091927 0.194461 -945.897632 0.025803 0.101052 cpx Na0.01Ca0.19Fe''1.07Mg0.62Fe'''0.05Ti0.00Al0.15Si1.90O6 47.8076 0.10491 3.22213 1.64244 32.1825 0 10.3943 4.46816 0.177954 0 0 0
5000.00 1223.15 0.084041 0.176565 -856.271774 0.023487 0.091859 cpx Na0.01Ca0.19Fe''1.11Mg0.58Fe'''0.05Ti0.00Al0.15Si1.91O6 47.6223 0.0929394 3.1184 1.65344 33.195 0 9.77477 4.36781 0.175364 0 0 0
5000.00 1213.15 0.077063 0.160775 -777.260384 0.021441 0.083744 cpx Na0.01Ca0.18Fe''1.15Mg0.55Fe'''0.05Ti0.00Al0.14Si1.91O6 47.4316 0.0821331 3.01396 1.66455 34.2219 0 9.14129 4.27194 0.172625 0 0 0
5000.00 1203.15 0.070848 0.146757 -707.208044 0.019623 0.076536 cpx Na0.01Ca0.18Fe''1.19Mg0.51Fe'''0.05Ti0.00Al0.14Si1.91O6 47.2369 0.0724036 2.90852 1.67531 35.2595 0 8.49639 4.18125 0.169756 0 0 0

clinopyroxene_1 thermodynamic data and composition:
Pressure Temperature mass S H V Cp structure formula SiO2 TiO2 Al2O3 Fe2O3 FeO MnO MgO CaO Na2O K2O P2O5 H2O
5000.00 1453.15 1.161326 2.727523 -14383.184056 0.353900 1.376154 cpx Na0.02Ca0.66Fe''0.27Mg0.87Fe'''0.05Ti0.02Al0.27Si1.83O6 49.5176 0.841491 6.2865 1.7035 8.79618 0 15.8039 16.7066 0.344181 0 0 0
5000.00 1443.15 0.657849 1.537395 -8126.054047 0.199900 0.776363 cpx Na0.03Ca0.67Fe''0.28Mg0.84Fe'''0.05Ti0.03Al0.28Si1.82O6 49.1041 1.01795 6.46107 1.82557 8.99978 0 15.2409 16.9826 0.368087 0 0 0
5000.00 1433.15 0.578273 1.344532 -7124.670763 0.175188 0.679527 cpx Na0.03Ca0.69Fe''0.28Mg0.81Fe'''0.05Ti0.03Al0.29Si1.81O6 48.6251 1.24093 6.67031 1.96189 9.16591 0 14.6479 17.2942 0.393851 0 0 0
5000.00 1423.15 0.522416 1.208203 -6420.244625 0.157742 0.611073 cpx Na0.03Ca0.70Fe''0.29Mg0.78Fe'''0.06Ti0.04Al0.30Si1.79O6 48.0444 1.53612 6.93271 2.11819 9.28197 0 14.0103 17.6545 0.421845 0 0 0
5000.00 1413.15 0.487520 1.121097 -5976.734944 0.146641 0.567347 cpx Na0.03Ca0.73Fe''0.29Mg0.74Fe'''0.06Ti0.06Al0.32Si1.77O6 47.2818 1.96038 7.29033 2.3058 9.31822 0 13.2956 18.0952 0.452671 0 0 0
5000.00 1403.15 0.477381 1.090608 -5839.148721 0.142854 0.552056 cpx Na0.04Ca0.75Fe''0.29Mg0.69Fe'''0.07Ti0.08Al0.35Si1.73O6 46.0739 2.70082 7.88487 2.55718 9.17847 0 12.3977 18.7195 0.487571 0 0 0
5000.00 1393.15 0.702457 1.596193 -8570.608645 0.209551 0.809026 cpx Na0.04Ca0.77Fe''0.29Mg0.67Fe'''0.08Ti0.09Al0.36Si1.72O6 45.5725 3.00616 8.03726 2.67685 9.33384 0 11.8911 18.9739 0.50848 0 0 0
5000.00 1383.15 0.616014 1.394734 -7494.728058 0.183736 0.708608 cpx Na0.04Ca0.76Fe''0.31Mg0.67Fe'''0.07Ti0.07Al0.34Si1.74O6 46.0833 2.63694 7.6096 2.63585 9.88285 0 11.8632 18.7714 0.516877 0 0 0
5000.00 1373.15 0.416563 0.939451 -5054.216466 0.124173 0.478401 cpx Na0.04Ca0.75Fe''0.33Mg0.66Fe'''0.07Ti0.07Al0.32Si1.75O6 46.4437 2.37 7.27218 2.60955 10.3784 0 11.7693 18.6307 0.526132 0 0 0
5000.00 1363.15 0.287593 0.645915 -3479.880858 0.085656 0.329669 cpx Na0.04Ca0.75Fe''0.34Mg0.66Fe'''0.07Ti0.06Al0.31Si1.77O6 46.7198 2.15861 6.98645 2.59223 10.8466 0 11.6356 18.5247 0.536056 0 0 0
5000.00 1353.15 0.202083 0.451924 -2438.465502 0.060126 0.231174 cpx Na0.04Ca0.75Fe''0.36Mg0.65Fe'''0.07Ti0.06Al0.30Si1.78O6 46.9397 1.98273 6.73535 2.58156 11.3003 0 11.4727 18.4411 0.546534 0 0 0
5000.00 1343.15 0.144073 0.320775 -1733.563763 0.042816 0.164449 cpx Na0.04Ca0.75Fe''0.37Mg0.64Fe'''0.07Ti0.05Al0.29Si1.79O6 47.1184 1.83172 6.50948 2.5764 11.7477 0 11.286 18.3728 0.557495 0 0 0
5000.00 1333.15 0.098349 0.217980 -1179.892605 0.029190 0.111993 cpx Na0.04Ca0.75Fe''0.39Mg0.63Fe'''0.07Ti0.05Al0.28Si1.79O6 47.2651 1.6997 6.30076 2.57572 12.1972 0 11.0773 18.3153 0.568872 0 0 0
5000.00 1323.15 0.065458 0.144408 -782.872128 0.019400 0.074353 cpx Na0.04Ca0.74Fe''0.40Mg0.62Fe'''0.07Ti0.05Al0.27Si1.80O6 47.385 1.58246 6.10594 2.57928 12.653 0 10.8483 18.2653 0.580618 0 0 0
5000.00 1313.15 0.046564 0.102238 -555.088351 0.013779 0.052752 cpx Na0.04Ca0.74Fe''0.42Mg0.60Fe'''0.07Ti0.04Al0.27Si1.81O6 47.4816 1.47649 5.9244 2.58743 13.117 0 10.6005 18.22 0.592718 0 0 0
5000.00 1303.15 0.033328 0.072822 -395.938762 0.009846 0.037653 cpx Na0.04Ca0.74Fe''0.43Mg0.59Fe'''0.07Ti0.04Al0.26Si1.82O6 47.5573 1.37977 5.75386 2.60009 13.5926 0 10.3341 18.1771 0.605159 0 0 0
5000.00 1293.15 0.023929 0.052027 -283.242038 0.007056 0.026956 cpx Na0.05Ca0.74Fe''0.45Mg0.57Fe'''0.08Ti0.04Al0.25Si1.82O6 47.6143 1.29074 5.59245 2.61723 14.083 0 10.0493 18.1351 0.617922 0 0 0
5000.00 1283.15 0.017273 0.037365 -203.662531 0.005084 0.019398 cpx Na0.05Ca0.74Fe''0.47Mg0.56Fe'''0.08Ti0.03Al0.25Si1.83O6 47.6538 1.20825 5.43868 2.63888 14.5913 0 9.74591 18.0922 0.630991 0 0 0
5000.00 1273.15 0.012580 0.027073 -147.714011 0.003695 0.014083 cpx Na0.05Ca0.74Fe''0.49Mg0.54Fe'''0.08Ti0.03Al0.24Si1.83O6 47.6769 1.13138 5.29127 2.66512 15.1203 0 9.42358 18.0471 0.644343 0 0 0
5000.00 1263.15 0.009306 0.019922 -108.790377 0.002728 0.010383 cpx Na0.05Ca0.74Fe''0.51Mg0.52Fe'''0.08Ti0.03Al0.23Si1.84O6 47.6845 1.05937 5.1491 2.69599 15.6725 0 9.08204 17.9985 0.657954 0 0 0
5000.00 1253.15 0.007073 0.015060 -82.289862 0.002068 0.007864 cpx Na0.05Ca0.74Fe''0.53Mg0.50Fe'''0.08Ti0.03Al0.23Si1.84O6 47.6771 0.991634 5.01116 2.73155 16.2505 0 8.721 17.9452 0.671787 0 0 0
5000.00 1243.15 0.005613 0.011885 -64.969047 0.001637 0.006217 cpx Na0.05Ca0.74Fe''0.55Mg0.48Fe'''0.08Ti0.03Al0.22Si1.85O6 47.6554 0.927661 4.87649 2.77179 16.8564 0 8.34031 17.8861 0.685795 0 0 0
5000.00 1233.15 0.004736 0.009971 -54.520954 0.001378 0.005226 cpx Na0.05Ca0.74Fe''0.57Mg0.46Fe'''0.08Ti0.03Al0.22Si1.85O6 47.6199 0.867037 4.74418 2.81667 17.4921 0 7.93999 17.8202 0.699917 0 0 0
5000.00 1223.15 0.004307 0.009016 -49.292874 0.001250 0.004733 cpx Na0.05Ca0.74Fe''0.59Mg0.44Fe'''0.08Ti0.02Al0.21Si1.86O6 47.5713 0.809415 4.61337 2.86602 18.159 0 7.52036 17.7465 0.714078 0 0 0
5000.00 1213.15 0.004228 0.008799 -48.092955 0.001223 0.004628 cpx Na0.06Ca0.74Fe''0.62Mg0.41Fe'''0.09Ti0.02Al0.21Si1.86O6 47.5103 0.754511 4.48323 2.91954 18.8579 0 7.08211 17.6642 0.728184 0 0 0
5000.00 1203.15 0.004430 0.009162 -50.054063 0.001278 0.004827 cpx Na0.06Ca0.74Fe''0.64Mg0.39Fe'''0.09Ti0.02Al0.20Si1.86O6 47.4379 0.702096 4.35295 2.97676 19.5891 0 6.62644 17.5726 0.742123 0 0 0

olivine_0 thermodynamic data and composition:
Pressure Temperature mass S H V Cp formula SiO2 TiO2 Al2O3 Fe2O3 FeO MnO MgO CaO Na2O K2O P2O5 H2O
5000.00 1193.15 0.121983 0.240001 -894.548279 0.029768 0.119165 (Ca0.00Mg0.14Fe''0.75Mn0.11Co0.00Ni0.00)2SiO4 30.8557 0 0 0 55.4377 7.71814 5.71355 0.274923 0 0 0 0
5000.00 1183.15 0.093283 0.182297 -677.764621 0.022674 0.090696 (Ca0.00Mg0.13Fe''0.76Mn0.11Co0.00Ni0.00)2SiO4 30.7205 0 0 0 56.0204 7.86219 5.12762 0.269227 0 0 0 0
5000.00 1173.15 0.085129 0.165252 -613.220117 0.020615 0.082394 (Ca0.00Mg0.12Fe''0.77Mn0.11Co0.00Ni0.00)2SiO4 30.5948 0 0 0 56.5548 8.00455 4.58245 0.263436 0 0 0 0
5000.00 1163.15 0.077733 0.149900 -555.504905 0.018758 0.074911 (Ca0.00Mg0.10Fe''0.78Mn0.11Co0.00Ni0.00)2SiO4 30.4778 0 0 0 57.0428 8.14652 4.07524 0.257604 0 0 0 0
5000.00 1153.15 0.071015 0.136048 -503.775298 0.017081 0.068154 (Ca0.00Mg0.09Fe''0.79Mn0.12Co0.00Ni0.00)2SiO4 30.369 0 0 0 57.4864 8.28937 3.60343 0.251775 0 0 0 0
5000.00 1143.15 0.064903 0.123533 -457.314434 0.015563 0.062043 (Ca0.00Mg0.08Fe''0.80Mn0.12Co0.00Ni0.00)2SiO4 30.2678 0 0 0 57.8872 8.43426 3.16468 0.245991 0 0 0 0

spinel_0 thermodynamic data and composition:
Pressure Temperature mass S H V Cp formula SiO2 TiO2 Al2O3 Fe2O3 FeO MnO MgO CaO Na2O K2O P2O5 H2O
5000.00 1393.15 0.708963 1.520291 -4390.454659 0.155066 0.671988 Fe''1.32Mg0.28Fe'''0.55Al0.25Cr0.00Ti0.60O4 0 22.7271 6.04619 20.9089 44.922 0 5.39586 0 0 0 0 0
5000.00 1383.15 0.951668 2.029289 -5806.548522 0.207166 0.897059 Fe''1.34Mg0.26Fe'''0.57Al0.24Cr0.00Ti0.60O4 0 22.5422 5.67593 21.4566 45.3821 0 4.94316 0 0 0 0 0
5000.00 1373.15 0.720830 1.528711 -4338.961598 0.156242 0.676110 Fe''1.35Mg0.24Fe'''0.59Al0.22Cr0.00Ti0.59O4 0 22.3172 5.36076 22.0439 45.7382 0 4.54 0 0 0 0 0
5000.00 1363.15 0.561231 1.183921 -3336.042447 0.121167 0.524050 Fe''1.37Mg0.22Fe'''0.61Al0.21Cr0.00Ti0.59O4 0 22.056 5.08655 22.6739 46.0079 0 4.17573 0 0 0 0 0
5000.00 1353.15 0.447096 0.938226 -2626.259547 0.096168 0.415758 Fe''1.38Mg0.20Fe'''0.63Al0.20Cr0.00Ti0.58O4 0 21.7607 4.84403 23.3494 46.2027 0 3.84316 0 0 0 0 0
5000.00 1343.15 0.363027 0.757873 -2108.414404 0.077811 0.336300 Fe''1.39Mg0.19Fe'''0.65Al0.20Cr0.00Ti0.58O4 0 21.4326 4.62678 24.0729 46.3305 0 3.53722 0 0 0 0 0
5000.00 1333.15 0.303167 0.629652 -1741.625950 0.064764 0.279853 Fe''1.40Mg0.17Fe'''0.67Al0.19Cr0.00Ti0.57O4 0 21.083 4.42541 24.8314 46.4067 0 3.25356 0 0 0 0 0
5000.00 1323.15 0.255110 0.527123 -1450.103689 0.054322 0.234715 Fe''1.40Mg0.16Fe'''0.70Al0.18Cr0.00Ti0.56O4 0 20.7105 4.23823 25.6281 46.4333 0 2.98989 0 0 0 0 0
5000.00 1313.15 0.214182 0.440287 -1204.927969 0.045466 0.196455 Fe''1.40Mg0.15Fe'''0.72Al0.17Cr0.00Ti0.55O4 0 20.3043 4.06736 26.4804 46.4033 0 2.74456 0 0 0 0 0
5000.00 1303.15 0.181922 0.372051 -1013.095066 0.038502 0.166391 Fe''1.41Mg0.14Fe'''0.75Al0.17Cr0.00Ti0.54O4 0 19.8655 3.91021 27.3887 46.3197 0 2.51584 0 0 0 0 0
5000.00 1293.15 0.156082 0.317556 -860.515307 0.032937 0.142379 Fe''1.41Mg0.12Fe'''0.78Al0.16Cr0.00Ti0.53O4 0 19.3951 3.7647 28.3524 46.1854 0 2.30235 0 0 0 0 0
5000.00 1283.15 0.135075 0.273388 -737.338453 0.028422 0.122914 Fe''1.40Mg0.11Fe'''0.81Al0.16Cr0.00Ti0.52O4 0 18.8946 3.62915 29.3702 46.003 0 2.103 0 0 0 0 0
5000.00 1273.15 0.117781 0.237135 -636.624520 0.024714 0.106933 Fe''1.40Mg0.10Fe'''0.84Al0.15Cr0.00Ti0.51O4 0 18.366 3.50224 30.4393 45.7756 0 1.91691 0 0 0 0 0
5000.00 1263.15 0.103381 0.207040 -553.343839 0.021633 0.093662 Fe''1.40Mg0.10Fe'''0.87Al0.15Cr0.00Ti0.49O4 0 17.8115 3.38283 31.5561 45.5062 0 1.74331 0 0 0 0 0
5000.00 1253.15 0.091266 0.181799 -483.772522 0.019046 0.082526 Fe''1.39Mg0.09Fe'''0.91Al0.14Cr0.00Ti0.48O4 0 17.2344 3.26998 32.7155 45.1986 0 1.58156 0 0 0 0 0
5000.00 1243.15 0.080976 0.160428 -425.105762 0.016854 0.073090 Fe''1.38Mg0.08Fe'''0.94Al0.14Cr0.00Ti0.46O4 0 16.638 3.16289 33.9111 44.8569 0 1.43104 0 0 0 0 0
5000.00 1233.15 0.072155 0.142170 -375.199499 0.014979 0.065021 Fe''1.37Mg0.07Fe'''0.98Al0.13Cr0.00Ti0.45O4 0 16.0265 3.06086 35.1358 44.4857 0 1.29117 0 0 0 0 0
5000.00 1223.15 0.064529 0.126440 -332.394014 0.013362 0.058061 Fe''1.36Mg0.06Fe'''1.01Al0.13Cr0.00Ti0.43O4 0 15.4043 2.96328 36.3815 44.0896 0 1.16137 0 0 0 0 0
5000.00 1213.15 0.057881 0.112777 -295.390917 0.011955 0.052005 Fe''1.35Mg0.06Fe'''1.05Al0.13Cr0.00Ti0.41O4 0 14.7758 2.86961 37.6397 43.6739 0 1.04106 0 0 0 0 0
5000.00 1203.15 0.052039 0.100820 -263.165546 0.010722 0.046694 Fe''1.34Mg0.05Fe'''1.09Al0.12Cr0.00Ti0.40O4 0 14.1457 2.77938 38.9018 43.2435 0 0.929651 0 0 0 0 0
5000.00 1193.15 0.027677 0.053364 -139.550724 0.005695 0.024797 Fe''1.35Mg0.05Fe'''1.09Al0.11Cr0.00Ti0.40O4 0 14.2398 2.61082 38.8638 43.4568 0 0.828725 0 0 0 0 0
5000.00 1183.15 0.027886 0.053500 -140.098172 0.005729 0.024951 Fe''1.36Mg0.04Fe'''1.10Al0.11Cr0.00Ti0.40O4 0 14.1918 2.46856 39.0777 43.5185 0 0.74345 0 0 0 0 0
5000.00 1173.15 0.024094 0.045999 -120.682577 0.004944 0.021531 Fe''1.36Mg0.04Fe'''1.10Al0.10Cr0.00Ti0.40O4 0 14.1765 2.33049 39.2269 43.6015 0 0.66455 0 0 0 0 0
5000.00 1163.15 0.020852 0.039616 -104.187146 0.004273 0.018611 Fe''1.37Mg0.03Fe'''1.11Al0.10Cr0.00Ti0.40O4 0 14.194 2.19655 39.3112 43.7068 0 0.591471 0 0 0 0 0
5000.00 1153.15 0.018076 0.034175 -90.143445 0.003700 0.016114 Fe''1.37Mg0.03Fe'''1.11Al0.09Cr0.00Ti0.40O4 0 14.2441 2.06672 39.3305 43.8349 0 0.523721 0 0 0 0 0
5000.00 1143.15 0.015696 0.029532 -78.164497 0.003210 0.013976 Fe''1.38Mg0.03Fe'''1.11Al0.09Cr0.00Ti0.40O4 0 14.3268 1.94102 39.2848 43.9865 0 0.460861 0 0 0 0 0

apatite thermodynamic data and composition:
Pressure Temperature mass S H V Cp formula
5000.00 1333.15 0.023321 0.053164 -282.009508 0.007615 0.026997 Ca5(PO4)3OH
5000.00 1323.15 0.040621 0.092248 -491.679627 0.013264 0.046970 Ca5(PO4)3OH
5000.00 1313.15 0.033498 0.075778 -405.848018 0.010938 0.038689 Ca5(PO4)3OH
5000.00 1303.15 0.027997 0.063087 -339.521394 0.009142 0.032297 Ca5(PO4)3OH
5000.00 1293.15 0.023665 0.053115 -287.260672 0.007727 0.027268 Ca5(PO4)3OH
5000.00 1283.15 0.020193 0.045143 -245.353094 0.006594 0.023240 Ca5(PO4)3OH
5000.00 1273.15 0.017368 0.038671 -211.228644 0.005671 0.019964 Ca5(PO4)3OH
5000.00 1263.15 0.015038 0.033346 -183.056449 0.004910 0.017264 Ca5(PO4)3OH
5000.00 1253.15 0.013090 0.028908 -159.502199 0.004274 0.015010 Ca5(PO4)3OH
5000.00 1243.15 0.011444 0.025168 -139.574544 0.003737 0.013105 Ca5(PO4)3OH
5000.00 1233.15 0.010037 0.021980 -122.523853 0.003277 0.011479 Ca5(PO4)3OH
5000.00 1223.15 0.008820 0.019234 -107.773897 0.002880 0.010074 Ca5(PO4)3OH
5000.00 1213.15 0.007757 0.016843 -94.874756 0.002533 0.008849 Ca5(PO4)3OH
5000.00 1203.15 0.006818 0.014740 -83.469740 0.002226 0.007767 Ca5(PO4)3OH
5000.00 1193.15 0.007452 0.016040 -91.316433 0.002433 0.008478 Ca5(PO4)3OH
5000.00 1183.15 0.006222 0.013332 -76.310181 0.002032 0.007069 Ca5(PO4)3OH
5000.00 1173.15 0.005456 0.011639 -66.978944 0.001782 0.006190 Ca5(PO4)3OH
5000.00 1163.15 0.004771 0.010130 -58.618532 0.001558 0.005405 Ca5(PO4)3OH
5000.00 1153.15 0.004151 0.008773 -51.047766 0.001355 0.004696 Ca5(PO4)3OH
5000.00 1143.15 0.003584 0.007539 -44.114962 0.001170 0.004048 Ca5(PO4)3OH

feldspar_0 thermodynamic data and composition:
Pressure Temperature mass S H V Cp formula SiO2 TiO2 Al2O3 Fe2O3 FeO MnO MgO CaO Na2O K2O P2O5 H2O
5000.00 1473.15 0.299394 0.735441 -4075.459436 0.112097 0.368973 K0.00Na0.29Ca0.71Al1.71Si2.29O8 50.3555 0 31.819 0 0 0 0 14.5012 3.29711 0.0271796 0 0
5000.00 1463.15 3.176361 7.786527 -43262.714640 1.190611 3.912095 K0.00Na0.31Ca0.69Al1.69Si2.31O8 50.8252 0 31.5019 0 0 0 0 14.13 3.51229 0.0306862 0 0
5000.00 1453.15 3.473176 8.494779 -47334.566658 1.303088 4.274782 K0.00Na0.33Ca0.67Al1.67Si2.33O8 51.2325 0 31.2266 0 0 0 0 13.8078 3.69842 0.0346251 0 0
5000.00 1443.15 3.082626 7.521743 -42038.268159 1.157581 3.791477 K0.00Na0.34Ca0.66Al1.66Si2.34O8 51.623 0 30.9626 0 0 0 0 13.499 3.87658 0.0388296 0 0
5000.00 1433.15 2.623445 6.385923 -35798.763315 0.986017 3.224542 K0.00Na0.36Ca0.64Al1.64Si2.36O8 52.0134 0 30.6987 0 0 0 0 13.1901 4.05457 0.0432713 0 0
5000.00 1423.15 2.258401 5.483909 -30836.748271 0.849562 2.773922 K0.00Na0.37Ca0.63Al1.63Si2.37O8 52.4051 0 30.4338 0 0 0 0 12.8802 4.23297 0.0479706 0 0
5000.00 1413.15 1.959718 4.746851 -26775.111207 0.737855 2.405370 K0.00Na0.39Ca0.61Al1.61Si2.39O8 52.7998 0 30.1668 0 0 0 0 12.5678 4.41264 0.0529512 0 0
5000.00 1403.15 1.704230 4.117678 -23298.802362 0.642238 2.090311 K0.00Na0.40Ca0.59Al1.59Si2.41O8 53.2014 0 29.8951 0 0 0 0 12.25 4.59528 0.0582527 0 0
5000.00 1393.15 2.078587 5.009685 -28433.708284 0.784061 2.547695 K0.00Na0.42Ca0.58Al1.58Si2.42O8 53.6235 0 29.6093 0 0 0 0 11.9156 4.78657 0.0650124 0 0
5000.00 1383.15 2.122418 5.102391 -29050.529272 0.801359 2.599581 K0.00Na0.44Ca0.56Al1.56Si2.44O8 54.0473 0 29.3221 0 0 0 0 11.5798 4.97799 0.0728565 0 0
5000.00 1373.15 1.783701 4.276991 -24428.909768 0.674097 2.183147 K0.00Na0.45Ca0.54Al1.54Si2.46O8 54.4648 0 29.039 0 0 0 0 11.2489 5.16631 0.0810468 0 0
5000.00 1363.15 1.525595 3.648387 -20906.527847 0.577077 1.865880 K0.01Na0.47Ca0.53Al1.53Si2.47O8 54.8749 0 28.7608 0 0 0 0 10.9237 5.35097 0.0896023 0 0
5000.00 1353.15 1.323866 3.157344 -18153.022965 0.501211 1.617955 K0.01Na0.48Ca0.51Al1.51Si2.49O8 55.2768 0 28.4881 0 0 0 0 10.6049 5.53162 0.0985375 0 0
5000.00 1343.15 1.162738 2.765325 -15953.300356 0.440584 1.419959 K0.01Na0.50Ca0.50Al1.50Si2.50O8 55.67 0 28.2211 0 0 0 0 10.2929 5.70805 0.107865 0 0
5000.00 1333.15 1.043401 2.474441 -14324.648683 0.395696 1.273246 K0.01Na0.51Ca0.48Al1.48Si2.52O8 56.0587 0 27.9571 0 0 0 0 9.98434 5.88198 0.117836 0 0
5000.00 1323.15 0.940006 2.222753 -12913.025494 0.356776 1.146180 K0.01Na0.53Ca0.47Al1.47Si2.53O8 56.4414 0 27.6969 0 0 0 0 9.68043 6.05274 0.128457 0 0
5000.00 1313.15 0.842664 1.986635 -11582.927585 0.320081 1.026670 K0.01Na0.54Ca0.45Al1.45Si2.55O8 56.8137 0 27.4437 0 0 0 0 9.38466 6.21843 0.139508 0 0
5000.00 1303.15 0.761037 1.788687 -10467.410044 0.289292 0.932997 K0.01Na0.55Ca0.44Al1.44Si2.56O8 57.176 0 27.1971 0 0 0 0 9.09665 6.37927 0.151005 0 0
5000.00 1293.15 0.691867 1.620987 -9522.013776 0.263188 0.847697 K0.01Na0.57Ca0.42Al1.42Si2.58O8 57.529 0 26.9566 0 0 0 0 8.81588 6.53552 0.162966 0 0
5000.00 1283.15 0.632474 1.477057 -8710.107232 0.240761 0.774460 K0.01Na0.58Ca0.41Al1.41Si2.59O8 57.8732 0 26.722 0 0 0 0 8.54198 6.68742 0.175411 0 0
5000.00 1273.15 0.580958 1.352276 -8005.727134 0.221298 0.710941 K0.01Na0.59Ca0.40Al1.40Si2.60O8 58.209 0 26.4929 0 0 0 0 8.27461 6.83513 0.188357 0 0
5000.00 1263.15 0.535883 1.243160 -7389.298695 0.204260 0.655373 K0.01Na0.60Ca0.38Al1.38Si2.62O8 58.5369 0 26.269 0 0 0 0 8.01343 6.97885 0.201827 0 0
5000.00 1253.15 0.496136 1.146999 -6845.598174 0.189226 0.606379 K0.01Na0.62Ca0.37Al1.37Si2.63O8 58.8572 0 26.0501 0 0 0 0 7.75811 7.11876 0.215842 0 0
5000.00 1243.15 0.460836 1.061658 -6362.618935 0.175868 0.562877 K0.01Na0.63Ca0.36Al1.36Si2.64O8 59.1703 0 25.8359 0 0 0 0 7.5083 7.25503 0.230431 0 0
5000.00 1233.15 0.429282 0.985432 -5930.775339 0.163921 0.524001 K0.01Na0.64Ca0.35Al1.35Si2.65O8 59.4768 0 25.6261 0 0 0 0 7.26367 7.38784 0.245623 0 0
5000.00 1223.15 0.400908 0.916945 -5542.333532 0.153172 0.489052 K0.01Na0.65Ca0.34Al1.34Si2.66O8 59.7769 0 25.4203 0 0 0 0 7.02391 7.51736 0.261452 0 0
5000.00 1213.15 0.375252 0.855081 -5190.997866 0.143448 0.457464 K0.02Na0.66Ca0.32Al1.32Si2.68O8 60.0712 0 25.2184 0 0 0 0 6.78867 7.64375 0.277958 0 0
5000.00 1203.15 0.351936 0.798922 -4871.605966 0.134606 0.428771 K0.02Na0.67Ca0.31Al1.31Si2.69O8 60.36 0 25.02 0 0 0 0 6.55761 7.76719 0.295186 0 0
5000.00 1193.15 0.364780 0.824815 -5052.841050 0.139574 0.444123 K0.02Na0.68Ca0.30Al1.30Si2.70O8 60.6013 0 24.8542 0 0 0 0 6.36448 7.87007 0.309997 0 0
5000.00 1183.15 0.333534 0.751147 -4623.160779 0.127668 0.405820 K0.02Na0.69Ca0.29Al1.29Si2.71O8 60.8418 0 24.6886 0 0 0 0 6.17175 7.97204 0.325796 0 0
5000.00 1173.15 0.311491 0.698648 -4320.544206 0.119275 0.378764 K0.02Na0.70Ca0.28Al1.28Si2.72O8 61.0768 0 24.5266 0 0 0 0 5.98326 8.07111 0.342167 0 0
5000.00 1163.15 0.291461 0.651016 -4045.466823 0.111646 0.354200 K0.02Na0.70Ca0.28Al1.28Si2.72O8 61.3065 0 24.3681 0 0 0 0 5.79892 8.16733 0.359153 0 0
5000.00 1153.15 0.273186 0.607624 -3794.381941 0.104682 0.331809 K0.02Na0.71Ca0.27Al1.27Si2.73O8 61.5309 0 24.213 0 0 0 0 5.6186 8.26072 0.376802 0 0
5000.00 1143.15 0.256444 0.567943 -3564.274348 0.098299 0.311322 K0.02Na0.72Ca0.26Al1.26Si2.74O8 61.7501 0 24.0612 0 0 0 0 5.44218 8.35133 0.395163 0 0
