Title: MORB_Gale2013_0

Solid Composition:
Pressure Temperature mass SiO2 TiO2 Al2O3 Fe2O3 FeO MnO MgO CaO Na2O K2O P2O5 H2O 
5000.00 1673.15 0.000000 ---
5000.00 1663.15 0.000000 ---
5000.00 1653.15 0.000000 ---
5000.00 1643.15 0.000000 ---
5000.00 1633.15 0.000000 ---
5000.00 1623.15 0.000000 ---
5000.00 1613.15 0.000000 ---
5000.00 1603.15 0.000000 ---
5000.00 1593.15 0.000000 ---
5000.00 1583.15 0.000000 ---
5000.00 1573.15 0.000000 ---
5000.00 1563.15 0.000000 ---
5000.00 1553.15 0.000000 ---
5000.00 1543.15 0.000000 ---
5000.00 1533.15 0.000000 ---
5000.00 1523.15 0.000000 ---
5000.00 1513.15 5.130578 51.5916 0.361452 4.64466 1.1808 6.53022 0 17.8846 17.5707 0.235997 0 0 0
5000.00 1503.15 4.911123 51.1584 0.43445 5.052 1.28364 6.68643 0 17.3092 17.8184 0.257507 0 0 0
5000.00 1493.15 4.392084 50.7161 0.516692 5.46608 1.38942 6.87231 0 16.7659 17.9938 0.279675 0 0 0
5000.00 1483.15 3.943941 50.2603 0.609602 5.88832 1.49897 7.07798 0 16.2384 18.1237 0.302722 0 0 0
5000.00 1473.15 3.866251 49.8644 0.654164 8.25597 1.48098 6.7771 0 14.5563 17.8535 0.555487 0.00210473 0 0
5000.00 1463.15 6.416233 50.3058 0.368895 18.7258 0.817063 4.20418 0 8.13198 15.5267 1.90445 0.0151912 0 0
5000.00 1453.15 6.316802 50.8297 0.257692 19.687 0.659875 5.3352 0 8.41079 12.6571 2.14366 0.019038 0 0
5000.00 1443.15 5.464459 51.0147 0.257119 19.8688 0.648978 5.72708 0 8.22562 11.9478 2.28803 0.0219047 0 0
5000.00 1433.15 4.631965 51.0932 0.298857 19.82 0.683301 5.93295 0 7.95427 11.7906 2.4023 0.0245079 0 0
5000.00 1423.15 3.980196 51.1514 0.353803 19.7501 0.723958 6.1406 0 7.68846 11.6511 2.51336 0.027219 0 0
5000.00 1413.15 3.461377 51.1665 0.435044 19.6439 0.776305 6.35365 0 7.43226 11.5451 2.61718 0.0299792 0 0
5000.00 1403.15 3.045023 51.0637 0.587008 19.4648 0.855643 6.58205 0 7.197 11.5154 2.70183 0.0326027 0 0
5000.00 1393.15 4.253641 42.6113 4.38442 17.7354 4.21901 12.4333 0 6.1093 10.0186 2.45698 0.031769 0 0
5000.00 1383.15 4.330262 40.3558 5.40411 17.4443 5.33004 14.2864 0 5.38532 9.21665 2.54161 0.0357096 0 0
5000.00 1373.15 3.439920 41.3177 5.03294 17.7958 5.17867 13.9125 0 4.97906 8.96984 2.7715 0.0420252 0 0
5000.00 1363.15 2.805602 42.2144 4.69759 18.0987 5.04852 13.5537 0 4.61744 8.72676 2.99419 0.0487228 0 0
5000.00 1353.15 2.337876 43.053 4.39215 18.3559 4.93865 13.2134 0 4.29204 8.48926 3.20971 0.0557988 0 0
5000.00 1343.15 1.982766 43.8409 4.11157 18.5724 4.84713 12.892 0 3.99656 8.25795 3.41828 0.0632546 0 0
5000.00 1333.15 1.750897 43.9982 3.79634 18.4787 4.70187 12.4799 0 3.70327 8.61479 3.56829 0.0702212 0.564562 0.0238842
5000.00 1323.15 1.555921 44.1267 3.50847 18.3725 4.57142 12.0862 0 3.42753 8.9635 3.71267 0.0776071 1.10659 0.0468152
5000.00 1313.15 1.358359 44.8568 3.29368 18.5345 4.52376 11.8217 0 3.19229 8.69201 3.9092 0.0865446 1.04527 0.0442208
5000.00 1303.15 1.198509 45.5476 3.091 18.666 4.48797 11.5741 0 2.97453 8.43248 4.09848 0.0958861 0.990127 0.0418881
5000.00 1293.15 1.067227 46.2045 2.89873 18.7715 4.46207 11.3422 0 2.77159 8.18286 4.28123 0.105649 0.939879 0.0397623
5000.00 1283.15 0.957780 46.8301 2.7161 18.8531 4.44498 11.1263 0 2.58191 7.9427 4.45745 0.115833 0.893647 0.0378064
5000.00 1273.15 0.865406 47.4272 2.54231 18.9133 4.43532 10.9262 0 2.40395 7.71128 4.62734 0.126446 0.850673 0.0359883
5000.00 1263.15 0.786602 47.9985 2.37671 18.954 4.43156 10.7416 0 2.23643 7.48799 4.79109 0.137497 0.810307 0.0342806
5000.00 1253.15 0.718730 48.5464 2.21875 18.9772 4.43209 10.5725 0 2.07824 7.27235 4.9489 0.148995 0.771989 0.0326596
5000.00 1243.15 0.659766 49.0735 2.06801 18.9842 4.4352 10.4184 0 1.92845 7.06405 5.10094 0.160953 0.735222 0.0311041
5000.00 1233.15 0.608138 49.582 1.92416 18.9765 4.43907 10.2792 0 1.78625 6.86284 5.2474 0.173384 0.699542 0.0295946
5000.00 1223.15 0.562605 50.0745 1.78691 18.9553 4.44179 10.1546 0 1.65091 6.66859 5.38847 0.186308 0.664506 0.0281124
5000.00 1213.15 0.522181 50.5532 1.65605 18.9217 4.44146 10.0441 0 1.5218 6.4812 5.52435 0.199747 0.62967 0.0266386
5000.00 1203.15 0.486071 51.0206 1.53139 18.8767 4.43614 9.94749 0 1.39832 6.30059 5.65528 0.213727 0.594576 0.025154
5000.00 1193.15 0.521893 49.5696 0.755178 17.5104 2.06106 15.2622 1.80397 1.37938 5.30984 5.50084 0.216674 0.605261 0.025606
5000.00 1183.15 0.460925 50.2436 0.858603 18.0145 2.36419 13.9704 1.59117 1.08272 5.27399 5.76872 0.235752 0.572169 0.024206
5000.00 1173.15 0.426170 50.753 0.801489 18.0585 2.21774 13.7621 1.59893 0.95293 5.14048 5.89924 0.250093 0.542658 0.0229575
5000.00 1163.15 0.394817 51.2581 0.749656 18.105 2.07622 13.5392 1.60392 0.833588 5.00607 6.02926 0.265133 0.512163 0.0216674
5000.00 1153.15 0.366428 51.7592 0.702681 18.1537 1.94023 13.3035 1.60651 0.724192 4.86997 6.15868 0.28092 0.480129 0.0203122
5000.00 1143.15 0.340627 52.2564 0.660176 18.2041 1.81024 13.0568 1.60707 0.624237 4.73134 6.28738 0.297502 0.44594 0.0188658