Title: MORB_Gale2013_0

liquid_0 thermodynamic data and composition:
Pressure Temperature mass S H V Cp viscosity SiO2 TiO2 Al2O3 Fe2O3 FeO MnO MgO CaO Na2O K2O P2O5 Mg#
5000.00 1673.15 99.394566 282.859816 -1165425.170983 36.534333 148.812201 1.648 50.7171 1.54938 15.0411 1.39148 8.87927 0.174054 7.73684 11.4191 2.77681 0.144877 0.170029 60.8
5000.00 1663.15 99.394683 281.968023 -1166914.894456 36.509728 148.812796 1.684 50.717 1.54938 15.041 1.39264 8.87821 0.174054 7.73683 11.4191 2.77681 0.144877 0.170029 60.8
5000.00 1653.15 99.394815 281.070882 -1168404.856411 36.485136 148.813476 1.720 50.7169 1.54938 15.041 1.39397 8.877 0.174053 7.73682 11.4191 2.7768 0.144877 0.170029 60.8
5000.00 1643.15 99.394964 280.168329 -1169895.065309 36.460558 148.814242 1.756 50.7169 1.54937 15.041 1.39547 8.87564 0.174053 7.73681 11.4191 2.7768 0.144877 0.170029 60.8
5000.00 1633.15 99.395131 279.260296 -1171385.529939 36.435992 148.815096 1.793 50.7168 1.54937 15.041 1.39714 8.87412 0.174053 7.7368 11.4191 2.7768 0.144876 0.170028 60.8
5000.00 1623.15 99.395315 278.346714 -1172876.259431 36.411441 148.816042 1.830 50.7167 1.54937 15.041 1.39899 8.87244 0.174052 7.73678 11.419 2.77679 0.144876 0.170028 60.9
5000.00 1613.15 99.395518 277.427514 -1174367.263274 36.386903 148.817080 1.868 50.7166 1.54937 15.0409 1.40102 8.87059 0.174052 7.73677 11.419 2.77679 0.144876 0.170028 60.9
5000.00 1603.15 99.395739 276.502625 -1175858.551334 36.362380 148.818215 1.906 50.7165 1.54936 15.0409 1.40323 8.86857 0.174052 7.73675 11.419 2.77678 0.144875 0.170027 60.9
5000.00 1593.15 99.395979 275.571975 -1177350.133871 36.337870 148.819448 1.945 50.7163 1.54936 15.0408 1.40564 8.86638 0.174051 7.73673 11.419 2.77677 0.144875 0.170027 60.9
5000.00 1583.15 99.396239 274.635489 -1178842.021562 36.313376 148.820782 1.984 50.7162 1.54935 15.0408 1.40825 8.86401 0.174051 7.73671 11.4189 2.77677 0.144875 0.170027 60.9
5000.00 1573.15 99.396520 273.693093 -1180334.225519 36.288896 148.822221 2.024 50.7161 1.54935 15.0408 1.41106 8.86145 0.17405 7.73669 11.4189 2.77676 0.144874 0.170026 60.9
5000.00 1563.15 99.396821 272.744710 -1181826.757314 36.264431 148.823767 2.064 50.7159 1.54935 15.0407 1.41409 8.8587 0.17405 7.73667 11.4189 2.77675 0.144874 0.170026 60.9
5000.00 1553.15 99.397144 271.790261 -1183319.629000 36.239981 148.825423 2.105 50.7157 1.54934 15.0407 1.41732 8.85575 0.174049 7.73664 11.4188 2.77674 0.144873 0.170025 60.9
5000.00 1543.15 99.397489 270.829668 -1184812.853136 36.215546 148.827193 2.146 50.7156 1.54933 15.0406 1.42079 8.8526 0.174049 7.73661 11.4188 2.77673 0.144873 0.170024 60.9
5000.00 1533.15 95.072783 258.182849 -1133818.144966 34.645144 141.986583 2.227 50.6738 1.60593 15.5094 1.42771 8.94951 0.181966 7.26338 11.1675 2.89156 0.151463 0.177759 59.1
5000.00 1523.15 89.681273 242.749330 -1069902.798023 32.698457 133.484714 2.324 50.6454 1.67999 16.1285 1.4333 9.07403 0.192905 6.6533 10.795 3.04855 0.160569 0.188445 56.7
5000.00 1513.15 82.485992 222.517522 -982196.029228 30.060813 122.304284 2.405 50.6254 1.79844 16.4708 1.46451 9.39202 0.209733 6.12997 10.3178 3.21263 0.173849 0.204883 53.8
5000.00 1503.15 69.245858 186.046328 -816081.031553 25.120566 102.037133 2.424 50.4545 2.10732 15.9526 1.59227 10.3762 0.249834 5.69734 9.74121 3.38196 0.202746 0.244058 49.5
5000.00 1493.15 58.473975 156.411296 -681186.436538 21.094789 85.609051 2.423 50.1606 2.46649 15.2783 1.73466 11.3969 0.295858 5.23287 9.39354 3.51732 0.23439 0.289017 45.0
5000.00 1483.15 50.411241 134.223075 -580438.227440 18.076905 73.355284 2.412 49.8031 2.8324 14.601 1.87366 12.4146 0.343177 4.82232 9.09158 3.61736 0.265559 0.335243 40.9
5000.00 1473.15 44.130974 116.945171 -502110.092861 15.722509 62.238059 2.390 49.3836 3.20708 13.9169 2.01048 13.4386 0.392015 4.45629 8.83001 3.68578 0.296279 0.382951 37.2
5000.00 1463.15 39.080456 103.053789 -439232.894123 13.826071 54.818334 2.360 48.9011 3.59315 13.2215 2.14623 14.4784 0.442676 4.12764 8.60541 3.72491 0.326567 0.432441 33.7
5000.00 1453.15 34.914865 91.598521 -387463.696863 12.259327 48.723625 2.319 48.3527 3.99331 12.5105 2.28183 15.5429 0.495491 3.831 8.41578 3.73609 0.356378 0.484035 30.5
5000.00 1443.15 31.405191 81.950696 -343917.970199 10.937038 43.609693 2.267 47.7334 4.41086 11.7793 2.41817 16.6414 0.550864 3.56212 8.26035 3.71973 0.385617 0.538128 27.6
5000.00 1433.15 28.392687 73.674494 -306598.610470 9.800065 39.238494 2.204 47.0353 4.84992 11.0221 2.55615 17.7852 0.609312 3.31759 8.13966 3.67537 0.414109 0.595224 25.0
5000.00 1423.15 25.763317 66.456864 -274073.039489 8.805871 35.439532 2.129 46.247 5.31588 10.2321 2.69681 18.9874 0.671497 3.09457 8.05567 3.60155 0.441546 0.655971 22.5
5000.00 1413.15 23.432800 60.066445 -245284.740189 7.922982 32.087219 2.039 45.3523 5.8157 9.40084 2.84124 20.2648 0.738281 2.8906 8.01192 3.49569 0.4674 0.721211 20.3
5000.00 1403.15 15.527188 39.955844 -172358.325750 5.542751 21.042671 2.970 53.0423 3.66387 9.93057 2.40969 15.1445 1.11417 1.67193 7.20822 4.44225 0.67438 0.698074 16.4
5000.00 1393.15 13.488087 34.605911 -151398.908890 4.871734 18.176491 3.238 55.22 3.20433 9.58277 2.32196 14.1572 1.28261 1.32792 6.81107 4.6583 0.755919 0.677875 14.3
5000.00 1383.15 12.009000 30.708008 -136072.586099 4.379892 16.104523 3.468 57.1016 2.83513 9.20654 2.24371 13.3125 1.44059 1.06367 6.4774 4.82342 0.828833 0.666612 12.5
5000.00 1373.15 10.878283 27.716533 -124289.694786 4.000770 14.525413 3.671 58.772 2.52896 8.82265 2.17106 12.561 1.59032 0.85399 6.19034 4.95327 0.894959 0.661423 10.8
5000.00 1363.15 9.978059 25.327083 -114870.294737 3.696900 13.271108 3.855 60.2946 2.26929 8.44242 2.10128 11.8745 1.7338 0.683783 5.93159 5.05852 0.955769 0.654442 9.3
5000.00 1353.15 9.243502 23.370978 -107163.010084 3.447543 12.250269 4.022 61.6917 2.04609 8.07007 2.03341 11.2357 1.87158 0.544201 5.70051 5.14439 1.01188 0.650467 7.9
5000.00 1343.15 8.631004 21.734829 -100724.699057 3.238617 11.401134 4.175 62.9865 1.85223 7.70848 1.96651 10.633 2.0044 0.428949 5.49175 5.21527 1.06391 0.648971 6.7
5000.00 1333.15 7.932577 19.898681 -93607.999770 3.003698 10.448911 4.410 64.6904 1.75135 7.28109 1.85718 9.6807 1.92203 0.290117 5.44556 5.30572 1.13075 0.645068 5.1
5000.00 1323.15 7.390707 18.465392 -88062.229036 2.820355 9.710604 4.618 66.1918 1.65689 6.88947 1.75406 8.8545 1.86884 0.192807 5.37876 5.37941 1.18961 0.643817 3.7

olivine_0 thermodynamic data and composition:
Pressure Temperature mass S H V Cp formula SiO2 TiO2 Al2O3 Fe2O3 FeO MnO MgO CaO Na2O K2O P2O5
5000.00 1333.15 0.154000 0.320729 -1117.320585 0.037933 0.151844 (Ca0.01Mg0.13Fe''0.68Mn0.18Co0.00Ni0.00)2SiO4 30.7709 0 0 0 50.1634 13.3332 5.14025 0.592331 0 0 0
5000.00 1323.15 0.104666 0.216235 -747.209785 0.025621 0.102444 (Ca0.01Mg0.11Fe''0.70Mn0.19Co0.00Ni0.00)2SiO4 30.5401 0 0 0 50.8934 13.8343 4.12732 0.604949 0 0 0

whitlockite thermodynamic data and composition:
Pressure Temperature mass S H V Cp formula
5000.00 1403.15 0.132445 0.312623 -1563.785888 0.041683 0.140013 Ca3(PO4)2
5000.00 1393.15 0.038059 0.089547 -449.767306 0.011978 0.040200 Ca3(PO4)2
5000.00 1383.15 0.025866 0.060661 -305.946223 0.008140 0.027298 Ca3(PO4)2
5000.00 1373.15 0.018705 0.043724 -221.439800 0.005887 0.019724 Ca3(PO4)2
5000.00 1363.15 0.015534 0.035638 -184.825141 0.004889 0.022025 Ca3(PO4)2
5000.00 1353.15 0.012308 0.028109 -146.615245 0.003873 0.017347 Ca3(PO4)2
5000.00 1343.15 0.009988 0.022708 -119.126598 0.003144 0.013995 Ca3(PO4)2
5000.00 1333.15 0.011581 0.026208 -138.285263 0.003645 0.016132 Ca3(PO4)2
5000.00 1323.15 0.008840 0.019913 -105.681317 0.002782 0.012242 Ca3(PO4)2

clinopyroxene_0 thermodynamic data and composition:
Pressure Temperature mass S H V Cp structure formula SiO2 TiO2 Al2O3 Fe2O3 FeO MnO MgO CaO Na2O K2O P2O5
5000.00 1533.15 4.324319 10.467224 -54338.425018 1.340148 5.220345 cpx Na0.02Ca0.66Fe''0.21Mg0.99Fe'''0.03Ti0.01Al0.20Si1.88O6 51.6378 0.305222 4.73634 1.17925 6.80319 0 18.1416 16.9442 0.252409 0 0
5000.00 1523.15 5.392309 12.990219 -67661.634504 1.666841 6.483663 cpx Na0.02Ca0.68Fe''0.21Mg0.95Fe'''0.04Ti0.01Al0.22Si1.87O6 51.1486 0.373953 5.21028 1.29764 6.9119 0 17.412 17.3654 0.280237 0 0
5000.00 1513.15 5.330209 12.798314 -66641.690529 1.642801 6.393750 cpx Na0.02Ca0.67Fe''0.23Mg0.93Fe'''0.04Ti0.01Al0.24Si1.86O6 50.7984 0.434933 5.51491 1.3904 7.38505 0 17.0832 17.0912 0.301861 0 0
5000.00 1503.15 4.395479 10.553881 -54375.336742 1.348901 5.278285 cpx Na0.02Ca0.59Fe''0.28Mg0.97Fe'''0.04Ti0.01Al0.23Si1.86O6 50.8275 0.447997 5.30422 1.40935 8.96607 0 17.7072 15.0398 0.297844 0 0
5000.00 1493.15 3.504764 8.467561 -42310.484966 1.067583 4.247950 cpx Na0.01Ca0.35Fe''0.40Mg1.12Fe'''0.04Ti0.01Al0.20Si1.88O6 51.326 0.330297 4.64183 1.27707 12.9277 0 20.4626 8.82841 0.206153 0 0
5000.00 1483.15 2.521194 6.062263 -30189.887801 0.764746 3.041972 cpx Na0.02Ca0.34Fe''0.43Mg1.09Fe'''0.04Ti0.01Al0.20Si1.88O6 51.0697 0.369508 4.59788 1.35457 13.8757 0 19.9189 8.59791 0.215896 0 0
5000.00 1473.15 1.885603 4.512219 -22389.486355 0.569513 2.264794 cpx Na0.02Ca0.33Fe''0.46Mg1.07Fe'''0.04Ti0.01Al0.20Si1.88O6 50.824 0.403648 4.54049 1.42842 14.8582 0 19.3918 8.32928 0.224121 0 0
5000.00 1463.15 1.458919 3.474122 -17171.863191 0.438727 1.744254 cpx Na0.02Ca0.32Fe''0.49Mg1.04Fe'''0.04Ti0.01Al0.20Si1.88O6 50.5871 0.43207 4.46893 1.49892 15.8764 0 18.8672 8.03832 0.231045 0 0
5000.00 1453.15 1.160827 2.750443 -13538.942371 0.347537 1.381321 cpx Na0.02Ca0.31Fe''0.53Mg1.02Fe'''0.04Ti0.01Al0.19Si1.88O6 50.3581 0.454196 4.38221 1.56615 16.931 0 18.3351 7.73634 0.23683 0 0
5000.00 1443.15 0.946826 2.231831 -10938.122505 0.282183 1.121183 cpx Na0.02Ca0.30Fe''0.56Mg0.99Fe'''0.05Ti0.01Al0.19Si1.88O6 50.1368 0.469525 4.27892 1.62997 18.0233 0 17.7881 7.43182 0.241609 0 0
5000.00 1433.15 0.789935 1.852092 -9035.030503 0.234332 0.930666 cpx Na0.02Ca0.29Fe''0.60Mg0.97Fe'''0.05Ti0.01Al0.18Si1.88O6 49.9234 0.47763 4.1572 1.69007 19.1545 0 17.22 7.13167 0.245503 0 0
5000.00 1423.15 0.673077 1.569383 -7618.399693 0.198717 0.788799 cpx Na0.02Ca0.28Fe''0.64Mg0.94Fe'''0.05Ti0.01Al0.18Si1.88O6 49.7186 0.478172 4.01474 1.7459 20.3263 0 16.6255 6.84216 0.248641 0 0
5000.00 1413.15 0.584994 1.356151 -6549.169456 0.171868 0.681771 cpx Na0.02Ca0.27Fe''0.69Mg0.91Fe'''0.05Ti0.01Al0.17Si1.88O6 49.5232 0.470924 3.84878 1.79676 21.541 0 15.9987 6.56944 0.251169 0 0
5000.00 1403.15 3.090243 7.006428 -36254.549336 0.916347 3.516902 cpx Na0.05Ca0.75Fe''0.43Mg0.59Fe'''0.08Ti0.04Al0.23Si1.82O6 47.6668 1.51106 5.06198 2.93903 13.4778 0 10.4179 18.3111 0.614387 0 0
5000.00 1393.15 0.675704 1.523110 -7854.710255 0.199633 0.764915 cpx Na0.05Ca0.75Fe''0.47Mg0.56Fe'''0.09Ti0.04Al0.22Si1.83O6 47.6636 1.37348 4.77596 3.03289 14.488 0 9.79772 18.2417 0.626627 0 0
5000.00 1383.15 0.468059 1.048834 -5390.222318 0.137757 0.526995 cpx Na0.05Ca0.75Fe''0.50Mg0.53Fe'''0.09Ti0.04Al0.21Si1.84O6 47.6172 1.25988 4.52543 3.13373 15.4963 0 9.16602 18.1612 0.640236 0 0
5000.00 1373.15 0.346330 0.771396 -3950.204349 0.101523 0.387785 cpx Na0.05Ca0.75Fe''0.54Mg0.49Fe'''0.09Ti0.03Al0.20Si1.84O6 47.5337 1.16446 4.30197 3.243 16.5113 0 8.51817 18.0725 0.654898 0 0
5000.00 1363.15 0.269525 0.596634 -3043.809464 0.078680 0.300077 cpx Na0.05Ca0.75Fe''0.57Mg0.46Fe'''0.10Ti0.03Al0.19Si1.85O6 47.4195 1.0829 4.09877 3.36091 17.5382 0 7.85335 17.976 0.670386 0 0
5000.00 1353.15 0.216940 0.477212 -2425.039899 0.063057 0.240133 cpx Na0.05Ca0.75Fe''0.61Mg0.42Fe'''0.10Ti0.03Al0.18Si1.85O6 47.2806 1.01199 3.91114 3.48658 18.5764 0 7.17516 17.8716 0.686506 0 0
5000.00 1343.15 0.179768 0.392907 -1988.575434 0.052022 0.197817 cpx Na0.05Ca0.75Fe''0.65Mg0.38Fe'''0.11Ti0.03Al0.17Si1.86O6 47.1232 0.949355 3.73522 3.61842 19.6231 0 6.4885 17.7592 0.703076 0 0
5000.00 1333.15 0.095463 0.206944 -1044.351236 0.027477 0.104184 cpx Na0.06Ca0.77Fe''0.68Mg0.32Fe'''0.12Ti0.03Al0.17Si1.85O6 46.6345 1.04622 3.68267 3.94801 20.4216 0 5.40595 18.1213 0.73975 0 0
5000.00 1323.15 0.088078 0.189442 -952.502979 0.025216 0.095396 cpx Na0.06Ca0.78Fe''0.71Mg0.27Fe'''0.13Ti0.03Al0.17Si1.85O6 46.2122 1.11303 3.6039 4.23745 21.3281 0 4.45192 18.283 0.770388 0 0

clinopyroxene_1 thermodynamic data and composition:
Pressure Temperature mass S H V Cp structure formula SiO2 TiO2 Al2O3 Fe2O3 FeO MnO MgO CaO Na2O K2O P2O5
5000.00 1503.15 1.582747 3.842297 -19258.889015 0.484143 1.927291 cpx Na0.01Ca0.35Fe''0.37Mg1.14Fe'''0.03Ti0.01Al0.20Si1.88O6 51.5965 0.286777 4.67235 1.19534 12.0127 0 21.0425 8.99915 0.194633 0 0
5000.00 1493.15 0.987915 2.360218 -12159.724863 0.302145 1.180780 cpx Na0.02Ca0.60Fe''0.29Mg0.94Fe'''0.04Ti0.02Al0.23Si1.86O6 50.5087 0.547487 5.33785 1.53152 9.46388 0 17.0589 15.2264 0.32529 0 0
5000.00 1483.15 0.774868 1.841758 -9492.030365 0.236197 0.921730 cpx Na0.03Ca0.61Fe''0.31Mg0.90Fe'''0.05Ti0.02Al0.23Si1.85O6 50.18 0.658584 5.37618 1.65949 9.91089 0 16.3976 15.4627 0.354574 0 0
5000.00 1473.15 0.629959 1.489529 -7681.468517 0.191390 0.745742 cpx Na0.03Ca0.63Fe''0.32Mg0.87Fe'''0.05Ti0.02Al0.24Si1.85O6 49.841 0.782675 5.41637 1.79407 10.3212 0 15.7311 15.7279 0.385706 0 0
5000.00 1463.15 0.521771 1.227200 -6333.502988 0.157996 0.614662 cpx Na0.03Ca0.64Fe''0.33Mg0.84Fe'''0.05Ti0.03Al0.24Si1.84O6 49.4914 0.920883 5.45561 1.93583 10.7071 0 15.0634 16.0071 0.418694 0 0
5000.00 1453.15 0.437678 1.023901 -5288.642730 0.132088 0.513061 cpx Na0.03Ca0.65Fe''0.35Mg0.80Fe'''0.06Ti0.03Al0.24Si1.84O6 49.1312 1.07384 5.49117 2.08514 11.079 0 14.3969 16.2892 0.45353 0 0
5000.00 1443.15 0.369927 0.860714 -4449.290773 0.111260 0.431487 cpx Na0.04Ca0.67Fe''0.36Mg0.77Fe'''0.06Ti0.04Al0.24Si1.83O6 48.7615 1.24119 5.51963 2.24199 11.4471 0 13.7329 16.5655 0.490188 0 0
5000.00 1433.15 0.313830 0.726185 -3756.446983 0.094059 0.364220 cpx Na0.04Ca0.68Fe''0.37Mg0.73Fe'''0.07Ti0.04Al0.25Si1.82O6 48.3864 1.42054 5.53592 2.40569 11.8225 0 13.0731 16.8274 0.528584 0 0
5000.00 1423.15 0.266415 0.613048 -3172.714561 0.079564 0.307630 cpx Na0.04Ca0.69Fe''0.39Mg0.70Fe'''0.07Ti0.05Al0.25Si1.82O6 48.0151 1.6057 5.53188 2.5743 12.2195 0 12.4203 17.0647 0.568512 0 0
5000.00 1413.15 0.225939 0.517000 -2676.005377 0.067231 0.259574 cpx Na0.04Ca0.70Fe''0.40Mg0.67Fe'''0.08Ti0.05Al0.25Si1.81O6 47.666 1.78395 5.49437 2.74394 12.6584 0 11.7799 17.264 0.609547 0 0

spinel_0 thermodynamic data and composition:
Pressure Temperature mass S H V Cp formula SiO2 TiO2 Al2O3 Fe2O3 FeO MnO MgO CaO Na2O K2O P2O5
5000.00 1403.15 3.171504 6.717586 -17919.040270 0.677239 2.929817 Fe''1.48Mg0.16Fe'''0.59Al0.13Cr0.00Ti0.64O4 0 23.5602 3.09848 21.4893 48.8224 0 3.02963 0 0 0 0
5000.00 1393.15 0.551577 1.161646 -3069.590427 0.117258 0.507152 Fe''1.49Mg0.14Fe'''0.61Al0.12Cr0.00Ti0.63O4 0 23.1451 2.86413 22.3422 49.0335 0 2.61502 0 0 0 0
5000.00 1383.15 0.378937 0.793719 -2080.819534 0.080243 0.347021 Fe''1.50Mg0.12Fe'''0.64Al0.11Cr0.00Ti0.62O4 0 22.7164 2.66716 23.2142 49.1337 0 2.26856 0 0 0 0
5000.00 1373.15 0.276404 0.575904 -1499.520168 0.058326 0.252240 Fe''1.51Mg0.11Fe'''0.66Al0.11Cr0.00Ti0.61O4 0 22.2754 2.49695 24.1053 49.1507 0 1.9717 0 0 0 0
5000.00 1363.15 0.210731 0.436806 -1130.551673 0.044326 0.191713 Fe''1.51Mg0.09Fe'''0.69Al0.10Cr0.00Ti0.60O4 0 21.825 2.34643 25.0118 49.104 0 1.71279 0 0 0 0
5000.00 1353.15 0.165367 0.341037 -878.012469 0.034682 0.150028 Fe''1.51Mg0.08Fe'''0.72Al0.10Cr0.00Ti0.59O4 0 21.3674 2.21141 25.9305 49.0061 0 1.48451 0 0 0 0
5000.00 1343.15 0.132887 0.272677 -698.722416 0.027793 0.120261 Fe''1.51Mg0.07Fe'''0.75Al0.09Cr0.00Ti0.58O4 0 20.9061 2.08864 26.8557 48.868 0 1.28155 0 0 0 0
5000.00 1333.15 0.096396 0.196796 -503.338737 0.020111 0.086997 Fe''1.52Mg0.06Fe'''0.75Al0.08Cr0.00Ti0.58O4 0 20.9116 1.9042 26.9356 49.2009 0 1.04768 0 0 0 0
5000.00 1323.15 0.075200 0.152771 -390.362988 0.015654 0.067704 Fe''1.54Mg0.05Fe'''0.76Al0.08Cr0.00Ti0.58O4 0 20.8921 1.75024 27.0473 49.4608 0 0.849536 0 0 0 0

feldspar_0 thermodynamic data and composition:
Pressure Temperature mass S H V Cp formula SiO2 TiO2 Al2O3 Fe2O3 FeO MnO MgO CaO Na2O K2O P2O5
5000.00 1513.15 1.865743 4.654739 -25291.762826 0.700776 2.308507 K0.00Na0.32Ca0.68Al1.68Si2.32O8 51.1036 0 31.314 0 0 0 0 13.9101 3.64025 0.03209 0
5000.00 1503.15 7.261446 18.098830 -98466.418607 2.733386 8.981122 K0.00Na0.35Ca0.64Al1.64Si2.36O8 51.9382 0 30.7497 0 0 0 0 13.2498 4.02087 0.0414281 0
5000.00 1493.15 6.279359 15.632558 -85178.835878 2.368490 7.763078 K0.00Na0.38Ca0.61Al1.61Si2.39O8 52.7198 0 30.2206 0 0 0 0 12.6309 4.37552 0.0531384 0
5000.00 1483.15 4.767388 11.853021 -64692.263695 1.801715 5.891182 K0.00Na0.41Ca0.58Al1.58Si2.42O8 53.4818 0 29.7043 0 0 0 0 12.0271 4.71995 0.0668289 0
5000.00 1473.15 3.765793 9.349563 -51119.421033 1.425896 4.651297 K0.00Na0.44Ca0.55Al1.55Si2.45O8 54.2279 0 29.1982 0 0 0 0 11.4354 5.05563 0.0828874 0
5000.00 1463.15 3.071169 7.613484 -41705.241767 1.165046 3.791485 K0.01Na0.47Ca0.52Al1.52Si2.48O8 54.9624 0 28.6992 0 0 0 0 10.8524 5.38422 0.101849 0
5000.00 1453.15 2.568605 6.357484 -34893.087635 0.976184 3.169445 K0.01Na0.50Ca0.50Al1.50Si2.50O8 55.6888 0 28.2048 0 0 0 0 10.2751 5.70694 0.124418 0
5000.00 1443.15 2.194560 5.422650 -29822.179365 0.835546 2.706483 K0.01Na0.52Ca0.47Al1.47Si2.53O8 56.4111 0 27.7122 0 0 0 0 9.7001 6.02507 0.151572 0
5000.00 1433.15 1.910456 4.712486 -25969.905031 0.728700 2.355072 K0.01Na0.55Ca0.44Al1.44Si2.56O8 57.1339 0 27.2179 0 0 0 0 9.1236 6.33993 0.184711 0
5000.00 1423.15 1.691635 4.165307 -23002.115928 0.646422 2.084197 K0.01Na0.58Ca0.41Al1.41Si2.59O8 57.863 0 26.7175 0 0 0 0 8.5407 6.6529 0.225908 0
5000.00 1413.15 1.521348 3.739214 -20691.750821 0.582445 1.873337 K0.02Na0.60Ca0.38Al1.38Si2.62O8 58.6051 0 26.2059 0 0 0 0 7.94542 6.96531 0.278319 0
5000.00 1403.15 1.562580 3.829213 -21265.961307 0.598531 1.922537 K0.02Na0.61Ca0.37Al1.37Si2.63O8 58.8694 0 26.0211 0 0 0 0 7.73131 7.06999 0.308175 0
5000.00 1393.15 0.786028 1.921569 -10701.964610 0.301459 0.966439 K0.02Na0.63Ca0.35Al1.35Si2.65O8 59.3945 0 25.6579 0 0 0 0 7.30915 7.28783 0.350655 0
5000.00 1383.15 0.616100 1.502342 -8392.021882 0.236565 0.756976 K0.02Na0.65Ca0.33Al1.33Si2.67O8 59.8896 0 25.3147 0 0 0 0 6.91045 7.49125 0.394094 0
5000.00 1373.15 0.497719 1.210461 -6782.595572 0.191319 0.611080 K0.02Na0.66Ca0.31Al1.31Si2.69O8 60.3551 0 24.9911 0 0 0 0 6.53486 7.68047 0.438453 0
5000.00 1363.15 0.411940 0.999083 -5616.252305 0.158507 0.505382 K0.03Na0.68Ca0.29Al1.29Si2.71O8 60.794 0 24.6853 0 0 0 0 6.18016 7.85669 0.483899 0
5000.00 1353.15 0.346793 0.838679 -4730.310914 0.133567 0.425128 K0.03Na0.69Ca0.28Al1.28Si2.72O8 61.2082 0 24.3958 0 0 0 0 5.84468 8.02092 0.530378 0
5000.00 1343.15 0.296226 0.714274 -4042.532373 0.114194 0.362849 K0.03Na0.70Ca0.26Al1.26Si2.74O8 61.6005 0 24.1209 0 0 0 0 5.52632 8.17433 0.577977 0
5000.00 1333.15 0.345690 0.830862 -4720.300629 0.133339 0.423075 K0.03Na0.71Ca0.25Al1.25Si2.75O8 61.8852 0 23.9202 0 0 0 0 5.29434 8.28278 0.617434 0
5000.00 1323.15 0.270696 0.648495 -3698.390660 0.104475 0.331006 K0.04Na0.72Ca0.24Al1.24Si2.76O8 62.1728 0 23.7172 0 0 0 0 5.05978 8.39146 0.658737 0
