Title: Gale2013MORB

liquid_0 thermodynamic data and composition:
Pressure Temperature mass S H V Cp viscosity SiO2 TiO2 Al2O3 Fe2O3 FeO MnO MgO CaO Na2O K2O P2O5 Mg#
5000.00 1573.15 99.396520 273.693093 -1180334.225519 36.288896 148.822221 2.024 50.7161 1.54935 15.0408 1.41106 8.86145 0.17405 7.73669 11.4189 2.77676 0.144874 0.170026 60.9
5000.00 1563.15 99.396821 272.744710 -1181826.757314 36.264431 148.823767 2.064 50.7159 1.54935 15.0407 1.41409 8.8587 0.17405 7.73667 11.4189 2.77675 0.144874 0.170026 60.9
5000.00 1553.15 99.397144 271.790261 -1183319.629000 36.239981 148.825423 2.105 50.7157 1.54934 15.0407 1.41732 8.85575 0.174049 7.73664 11.4188 2.77674 0.144873 0.170025 60.9
5000.00 1543.15 99.397489 270.829668 -1184812.853136 36.215546 148.827193 2.146 50.7156 1.54933 15.0406 1.42079 8.8526 0.174049 7.73661 11.4188 2.77673 0.144873 0.170024 60.9
5000.00 1533.15 95.072783 258.182849 -1133818.144966 34.645144 141.986583 2.227 50.6738 1.60593 15.5094 1.42771 8.94951 0.181966 7.26338 11.1675 2.89156 0.151463 0.177759 59.1
5000.00 1523.15 89.681273 242.749330 -1069902.798023 32.698457 133.484714 2.324 50.6454 1.67999 16.1285 1.4333 9.07403 0.192905 6.6533 10.795 3.04855 0.160569 0.188445 56.7
5000.00 1513.15 82.485992 222.517522 -982196.029228 30.060813 122.304284 2.405 50.6254 1.79844 16.4708 1.46451 9.39202 0.209733 6.12997 10.3178 3.21263 0.173849 0.204883 53.8
5000.00 1503.15 69.245858 186.046328 -816081.031553 25.120566 102.037133 2.424 50.4545 2.10732 15.9526 1.59227 10.3762 0.249834 5.69734 9.74121 3.38196 0.202746 0.244058 49.5
5000.00 1493.15 58.473975 156.411296 -681186.436538 21.094789 85.609051 2.423 50.1606 2.46649 15.2783 1.73466 11.3969 0.295858 5.23287 9.39354 3.51732 0.23439 0.289017 45.0
5000.00 1483.15 50.411241 134.223075 -580438.227440 18.076905 73.355284 2.412 49.8031 2.8324 14.601 1.87366 12.4146 0.343177 4.82232 9.09158 3.61736 0.265559 0.335243 40.9
5000.00 1473.15 44.130974 116.945171 -502110.092861 15.722509 62.238059 2.390 49.3836 3.20708 13.9169 2.01048 13.4386 0.392015 4.45629 8.83001 3.68578 0.296279 0.382951 37.2
5000.00 1463.15 39.080456 103.053789 -439232.894123 13.826071 54.818334 2.360 48.9011 3.59315 13.2215 2.14623 14.4784 0.442676 4.12764 8.60541 3.72491 0.326567 0.432441 33.7
5000.00 1453.15 34.914865 91.598521 -387463.696863 12.259327 48.723625 2.319 48.3527 3.99331 12.5105 2.28183 15.5429 0.495491 3.831 8.41578 3.73609 0.356378 0.484035 30.5
5000.00 1443.15 31.405191 81.950696 -343917.970199 10.937038 43.609693 2.267 47.7334 4.41086 11.7793 2.41817 16.6414 0.550864 3.56212 8.26035 3.71973 0.385617 0.538128 27.6

feldspar_0 thermodynamic data and composition:
Pressure Temperature mass S H V Cp formula SiO2 TiO2 Al2O3 Fe2O3 FeO MnO MgO CaO Na2O K2O P2O5
5000.00 1513.15 1.865743 4.654739 -25291.762826 0.700776 2.308507 K0.00Na0.32Ca0.68Al1.68Si2.32O8 51.1036 0 31.314 0 0 0 0 13.9101 3.64025 0.03209 0
5000.00 1503.15 7.261446 18.098830 -98466.418607 2.733386 8.981122 K0.00Na0.35Ca0.64Al1.64Si2.36O8 51.9382 0 30.7497 0 0 0 0 13.2498 4.02087 0.0414281 0
5000.00 1493.15 6.279359 15.632558 -85178.835878 2.368490 7.763078 K0.00Na0.38Ca0.61Al1.61Si2.39O8 52.7198 0 30.2206 0 0 0 0 12.6309 4.37552 0.0531384 0
5000.00 1483.15 4.767388 11.853021 -64692.263695 1.801715 5.891182 K0.00Na0.41Ca0.58Al1.58Si2.42O8 53.4818 0 29.7043 0 0 0 0 12.0271 4.71995 0.0668289 0
5000.00 1473.15 3.765793 9.349563 -51119.421033 1.425896 4.651297 K0.00Na0.44Ca0.55Al1.55Si2.45O8 54.2279 0 29.1982 0 0 0 0 11.4354 5.05563 0.0828874 0
5000.00 1463.15 3.071169 7.613484 -41705.241767 1.165046 3.791485 K0.01Na0.47Ca0.52Al1.52Si2.48O8 54.9624 0 28.6992 0 0 0 0 10.8524 5.38422 0.101849 0
5000.00 1453.15 2.568605 6.357484 -34893.087635 0.976184 3.169445 K0.01Na0.50Ca0.50Al1.50Si2.50O8 55.6888 0 28.2048 0 0 0 0 10.2751 5.70694 0.124418 0
5000.00 1443.15 2.194560 5.422650 -29822.179365 0.835546 2.706483 K0.01Na0.52Ca0.47Al1.47Si2.53O8 56.4111 0 27.7122 0 0 0 0 9.7001 6.02507 0.151572 0

clinopyroxene_0 thermodynamic data and composition:
Pressure Temperature mass S H V Cp structure formula SiO2 TiO2 Al2O3 Fe2O3 FeO MnO MgO CaO Na2O K2O P2O5
5000.00 1533.15 4.324319 10.467224 -54338.425018 1.340148 5.220345 cpx Na0.02Ca0.66Fe''0.21Mg0.99Fe'''0.03Ti0.01Al0.20Si1.88O6 51.6378 0.305222 4.73634 1.17925 6.80319 0 18.1416 16.9442 0.252409 0 0
5000.00 1523.15 5.392309 12.990219 -67661.634504 1.666841 6.483663 cpx Na0.02Ca0.68Fe''0.21Mg0.95Fe'''0.04Ti0.01Al0.22Si1.87O6 51.1486 0.373953 5.21028 1.29764 6.9119 0 17.412 17.3654 0.280237 0 0
5000.00 1513.15 5.330209 12.798314 -66641.690529 1.642801 6.393750 cpx Na0.02Ca0.67Fe''0.23Mg0.93Fe'''0.04Ti0.01Al0.24Si1.86O6 50.7984 0.434933 5.51491 1.3904 7.38505 0 17.0832 17.0912 0.301861 0 0
5000.00 1503.15 4.395479 10.553881 -54375.336742 1.348901 5.278285 cpx Na0.02Ca0.59Fe''0.28Mg0.97Fe'''0.04Ti0.01Al0.23Si1.86O6 50.8275 0.447997 5.30422 1.40935 8.96607 0 17.7072 15.0398 0.297844 0 0
5000.00 1493.15 3.504764 8.467561 -42310.484966 1.067583 4.247950 cpx Na0.01Ca0.35Fe''0.40Mg1.12Fe'''0.04Ti0.01Al0.20Si1.88O6 51.326 0.330297 4.64183 1.27707 12.9277 0 20.4626 8.82841 0.206153 0 0
5000.00 1483.15 2.521194 6.062263 -30189.887801 0.764746 3.041972 cpx Na0.02Ca0.34Fe''0.43Mg1.09Fe'''0.04Ti0.01Al0.20Si1.88O6 51.0697 0.369508 4.59788 1.35457 13.8757 0 19.9189 8.59791 0.215896 0 0
5000.00 1473.15 1.885603 4.512219 -22389.486355 0.569513 2.264794 cpx Na0.02Ca0.33Fe''0.46Mg1.07Fe'''0.04Ti0.01Al0.20Si1.88O6 50.824 0.403648 4.54049 1.42842 14.8582 0 19.3918 8.32928 0.224121 0 0
5000.00 1463.15 1.458919 3.474122 -17171.863191 0.438727 1.744254 cpx Na0.02Ca0.32Fe''0.49Mg1.04Fe'''0.04Ti0.01Al0.20Si1.88O6 50.5871 0.43207 4.46893 1.49892 15.8764 0 18.8672 8.03832 0.231045 0 0
5000.00 1453.15 1.160827 2.750443 -13538.942371 0.347537 1.381321 cpx Na0.02Ca0.31Fe''0.53Mg1.02Fe'''0.04Ti0.01Al0.19Si1.88O6 50.3581 0.454196 4.38221 1.56615 16.931 0 18.3351 7.73634 0.23683 0 0
5000.00 1443.15 0.946826 2.231831 -10938.122505 0.282183 1.121183 cpx Na0.02Ca0.30Fe''0.56Mg0.99Fe'''0.05Ti0.01Al0.19Si1.88O6 50.1368 0.469525 4.27892 1.62997 18.0233 0 17.7881 7.43182 0.241609 0 0

clinopyroxene_1 thermodynamic data and composition:
Pressure Temperature mass S H V Cp structure formula SiO2 TiO2 Al2O3 Fe2O3 FeO MnO MgO CaO Na2O K2O P2O5
5000.00 1503.15 1.582747 3.842297 -19258.889015 0.484143 1.927291 cpx Na0.01Ca0.35Fe''0.37Mg1.14Fe'''0.03Ti0.01Al0.20Si1.88O6 51.5965 0.286777 4.67235 1.19534 12.0127 0 21.0425 8.99915 0.194633 0 0
5000.00 1493.15 0.987915 2.360218 -12159.724863 0.302145 1.180780 cpx Na0.02Ca0.60Fe''0.29Mg0.94Fe'''0.04Ti0.02Al0.23Si1.86O6 50.5087 0.547487 5.33785 1.53152 9.46388 0 17.0589 15.2264 0.32529 0 0
5000.00 1483.15 0.774868 1.841758 -9492.030365 0.236197 0.921730 cpx Na0.03Ca0.61Fe''0.31Mg0.90Fe'''0.05Ti0.02Al0.23Si1.85O6 50.18 0.658584 5.37618 1.65949 9.91089 0 16.3976 15.4627 0.354574 0 0
5000.00 1473.15 0.629959 1.489529 -7681.468517 0.191390 0.745742 cpx Na0.03Ca0.63Fe''0.32Mg0.87Fe'''0.05Ti0.02Al0.24Si1.85O6 49.841 0.782675 5.41637 1.79407 10.3212 0 15.7311 15.7279 0.385706 0 0
5000.00 1463.15 0.521771 1.227200 -6333.502988 0.157996 0.614662 cpx Na0.03Ca0.64Fe''0.33Mg0.84Fe'''0.05Ti0.03Al0.24Si1.84O6 49.4914 0.920883 5.45561 1.93583 10.7071 0 15.0634 16.0071 0.418694 0 0
5000.00 1453.15 0.437678 1.023901 -5288.642730 0.132088 0.513061 cpx Na0.03Ca0.65Fe''0.35Mg0.80Fe'''0.06Ti0.03Al0.24Si1.84O6 49.1312 1.07384 5.49117 2.08514 11.079 0 14.3969 16.2892 0.45353 0 0
5000.00 1443.15 0.369927 0.860714 -4449.290773 0.111260 0.431487 cpx Na0.04Ca0.67Fe''0.36Mg0.77Fe'''0.06Ti0.04Al0.24Si1.83O6 48.7615 1.24119 5.51963 2.24199 11.4471 0 13.7329 16.5655 0.490188 0 0
