Title: Gale2013MORB

Solid Composition:
Pressure Temperature mass SiO2 TiO2 Al2O3 Fe2O3 FeO MnO MgO CaO Na2O K2O P2O5 
5000.00 1573.15 0.000000 ---
5000.00 1563.15 0.000000 ---
5000.00 1553.15 0.000000 ---
5000.00 1543.15 0.000000 ---
5000.00 1533.15 4.324319 51.6378 0.305222 4.73634 1.17925 6.80319 0 18.1416 16.9442 0.252409 0 0
5000.00 1523.15 5.392309 51.1486 0.373953 5.21028 1.29764 6.9119 0 17.412 17.3654 0.280237 0 0
5000.00 1513.15 7.195952 50.8775 0.322165 12.204 1.0299 5.47028 0 12.654 16.2664 1.16743 0.00832018 0
5000.00 1503.15 13.239672 51.5286 0.183015 19.1845 0.610794 4.41274 0 8.39422 13.3359 2.32744 0.0227217 0
5000.00 1493.15 10.772038 52.0635 0.157675 19.6164 0.555961 5.07406 0 8.22213 11.6318 2.64753 0.030976 0
5000.00 1483.15 8.063450 52.4103 0.178821 19.5165 0.583005 5.2909 0 7.80378 11.2851 2.89217 0.0395115 0
5000.00 1473.15 6.281355 52.7661 0.199666 19.4111 0.608726 5.4954 0 7.39891 10.9335 3.13691 0.0496926 0
5000.00 1463.15 5.051859 53.1338 0.219888 19.3011 0.632809 5.69077 0 7.00443 10.5721 3.38318 0.0619168 0
5000.00 1453.15 4.167110 53.5151 0.239312 19.1829 0.655286 5.8801 0 6.61972 10.1995 3.63137 0.0766911 0
5000.00 1443.15 3.511313 53.9133 0.25737 19.0554 0.675723 6.06596 0 6.24336 9.81175 3.88244 0.0947319 0
5000.00 1433.15 3.014221 54.3335 0.273074 18.9169 0.693387 6.25071 0 5.87396 9.40367 4.13771 0.117072 0
5000.00 1423.15 2.631127 54.7824 0.284908 18.7647 0.707285 6.43702 0 5.51063 8.96929 4.39853 0.145243 0
5000.00 1413.15 2.332281 55.2674 0.290939 18.5917 0.71649 6.62929 0 5.15405 8.50302 4.66553 0.181548 0
5000.00 1403.15 7.956771 30.0738 9.97777 8.31112 9.70692 24.6947 0 5.25366 9.53277 1.62704 0.0605206 0.761726
5000.00 1393.15 2.051368 38.4583 6.67573 12.1747 7.00645 17.9565 0 3.93042 9.81562 2.9989 0.134361 0.849013
5000.00 1383.15 1.488962 39.7496 6.17732 12.576 6.89305 17.3757 0 3.4587 9.51063 3.30098 0.163067 0.794957
5000.00 1373.15 1.139158 40.8216 5.75889 12.8328 6.83482 16.9457 0 3.06813 9.24024 3.55485 0.191568 0.751392
5000.00 1363.15 0.907729 41.669 5.38825 12.9643 6.80444 16.607 0 2.72946 9.0703 3.76452 0.2196 0.78311
5000.00 1353.15 0.741407 42.4647 5.062 13.0488 6.80386 16.3661 0 2.4306 8.86355 3.95266 0.248084 0.759669
5000.00 1343.15 0.618869 43.1738 4.76483 13.0791 6.81767 16.1933 0 2.15994 8.67925 4.11693 0.276653 0.738585
5000.00 1333.15 0.703131 43.4965 3.00893 12.5213 4.22876 20.5046 2.92024 2.00341 6.08632 4.17262 0.303558 0.753741
5000.00 1323.15 0.547480 44.0139 3.04873 12.547 4.39684 19.9546 2.6448 1.62196 6.43456 4.27302 0.325706 0.738937