Title: Gale2013MORB-8

System Thermodynamic Data:
Pressure Temperature mass F phi S H V dVdP*10^6 dVdT*10^6 Cp logfO2(absolute) logfO2-QFM rhol rhos viscosity aH2O chisqr
5000.00 1573.15 100.146709 1.0000000000000000 1.000000 275.930740 -1185084.379323 36.462355 -180.953806 2509.118577 150.030099 -7.247 0.000 2.746578 0.000000 1.951 0 0.000
5000.00 1568.15 100.146864 1.0000000000000000 1.000000 275.453472 -1185836.735632 36.449937 -181.010134 2509.182259 150.030891 -7.296 0.000 2.747518 0.000000 1.970 0 0.000
5000.00 1563.15 100.147024 1.0000000000000000 1.000000 274.974686 -1186589.179032 36.437523 -181.066620 2509.248223 150.031712 -7.346 0.000 2.748459 0.000000 1.990 0 0.000
5000.00 1558.15 100.147189 1.0000000000000000 1.000000 274.494371 -1187341.711111 36.425113 -181.123269 2509.316503 150.032561 -7.396 0.000 2.749400 0.000000 2.010 0 0.000
5000.00 1553.15 100.147360 1.0000000000000000 1.000000 274.012518 -1188094.333488 36.412707 -181.180086 2509.387134 150.033439 -7.447 0.000 2.750341 0.000000 2.030 0 0.000
5000.00 1548.15 100.147537 1.0000000000000000 1.000000 273.529117 -1188847.047819 36.400305 -181.237075 2509.460150 150.034347 -7.498 0.000 2.751283 0.000000 2.050 0 0.000
5000.00 1543.15 100.147720 1.0000000000000000 1.000000 273.044157 -1189599.855792 36.387907 -181.294242 2509.535587 150.035285 -7.549 0.000 2.752225 0.000000 2.071 0 0.000
5000.00 1538.15 100.147707 0.9827986747968142 0.985268 272.065633 -1191106.524604 36.292900 -179.510918 2492.021103 149.386721 -7.600 0.000 2.752513 3.222011 2.104 0 0.000
5000.00 1533.15 100.147689 0.9521895638218092 0.958927 270.704825 -1193195.864985 36.133624 -176.293194 2460.351369 148.233294 -7.652 0.000 2.752119 3.226252 2.149 0 0.000
5000.00 1528.15 100.147873 0.9229283219520000 0.933597 269.385345 -1195218.784949 35.981036 -173.217721 2429.474020 147.132765 -7.704 0.000 2.751544 3.230555 2.195 0 0.000
5000.00 1523.15 100.148245 0.8949037862340025 0.909204 268.104466 -1197179.615155 35.834641 -170.270662 2399.275105 146.081021 -7.757 0.000 2.750775 3.234916 2.241 0 0.000
5000.00 1518.15 100.148793 0.8680160197736868 0.885681 266.859509 -1199082.596700 35.693984 -167.439954 2369.660220 145.074309 -7.810 0.000 2.749799 3.239330 2.289 0 0.000
5000.00 1513.15 100.148769 0.8155691715276237 0.835682 265.047247 -1201828.185553 35.511703 -160.448056 2303.775358 143.356034 -7.863 0.000 2.752288 3.165354 2.317 0 0.000
5000.00 1508.15 100.148022 0.7442392607000066 0.765343 262.845701 -1205140.476004 35.303623 -150.189601 2210.772196 141.140709 -7.917 0.000 2.758541 3.091889 2.321 0 0.000
5000.00 1503.15 100.147183 0.6774932949764766 0.698677 260.784819 -1208228.330071 35.111591 -140.405814 2123.244376 139.095553 -7.970 0.000 2.765776 3.052772 2.319 0 0.000
5000.00 1498.15 100.146351 0.6157814805204100 0.636334 258.865313 -1211093.874872 34.935397 -131.208884 2042.007378 137.226793 -8.025 0.000 2.774029 3.028622 2.310 0 0.000
5000.00 1493.15 100.145598 0.5592393263628535 0.578639 257.082303 -1213747.125541 34.774186 -122.661482 1967.389256 135.531455 -8.079 0.000 2.783329 3.012477 2.294 0 0.000
5000.00 1488.15 100.145014 0.5071509619063560 0.525016 255.411640 -1216227.014297 34.625956 -114.681237 1898.325904 133.982928 -8.134 0.000 2.793779 3.000977 2.270 0 0.000
5000.00 1483.15 100.144655 0.4592861186733419 0.475368 253.842005 -1218552.547650 34.489243 -107.266750 1834.526170 132.568730 -8.190 0.000 2.805417 2.992657 2.239 0 0.000
5000.00 1478.15 100.144480 0.4156167277945358 0.429774 252.374443 -1220722.401790 34.362889 -100.442225 1776.124745 129.882711 -8.245 0.000 2.818319 2.986677 2.200 0 0.000
5000.00 1473.15 100.144487 0.3754963304303270 0.387642 250.993341 -1222760.616236 34.245251 -94.120067 1722.197602 128.870503 -8.302 0.000 2.832708 2.982333 2.151 0 0.000
5000.00 1468.15 100.144678 0.3384174375980918 0.348503 249.682737 -1224691.539094 34.135054 -88.231439 1672.012812 127.939770 -8.358 0.000 2.848877 2.979194 2.093 0 0.000
5000.00 1463.15 100.145053 0.3039730372792180 0.311978 248.432452 -1226530.801992 34.031296 -82.720759 1624.979501 127.078509 -8.415 0.000 2.867228 2.976972 2.023 0 0.000
5000.00 1458.15 100.145612 0.2718363765669472 0.277760 247.234217 -1228291.086968 33.933198 -77.543018 1580.621391 126.277106 -8.472 0.000 2.888317 2.975464 1.938 0 0.000
5000.00 1453.15 100.146357 0.2417619461565800 0.245620 246.081616 -1229982.280145 33.840187 -72.664963 1538.575634 125.528135 -8.530 0.000 2.912906 2.974527 1.836 0 0.000
5000.00 1448.15 100.147302 0.2136199953221176 0.215453 244.970773 -1231610.691662 33.751929 -68.073535 1498.625062 124.826636 -8.588 0.000 2.941917 2.974090 1.714 0 0.000
5000.00 1443.15 100.148497 0.1875032637634788 0.187415 243.902726 -1233176.162283 33.668440 -63.801108 1460.797201 124.171285 -8.646 0.000 2.975957 2.974227 1.569 0 0.000
5000.00 1438.15 100.150088 0.1626931294803716 0.160978 242.864726 -1234700.040738 33.585297 -59.866625 1423.919720 123.509469 -8.705 0.000 3.013732 2.975867 1.423 0 0.000

Title: Gale2013MORB-8

Liquid Composition:
Pressure Temperature mass SiO2 TiO2 Al2O3 Fe2O3 FeO MnO MgO CaO Na2O K2O P2O5 
5000.00 1573.15 100.146709 50.0722 1.55599 15.039 1.46218 9.1041 0.175958 7.7949 11.58 2.90816 0.13478 0.172788
5000.00 1568.15 100.146864 50.0721 1.55599 15.039 1.46372 9.10271 0.175958 7.79489 11.5799 2.90816 0.13478 0.172788
5000.00 1563.15 100.147024 50.072 1.55598 15.039 1.46531 9.10126 0.175958 7.79487 11.5799 2.90815 0.13478 0.172787
5000.00 1558.15 100.147189 50.0719 1.55598 15.0389 1.46696 9.09976 0.175958 7.79486 11.5799 2.90815 0.134779 0.172787
5000.00 1553.15 100.147360 50.0719 1.55598 15.0389 1.46866 9.09821 0.175957 7.79485 11.5799 2.90814 0.134779 0.172787
5000.00 1548.15 100.147537 50.0718 1.55597 15.0389 1.47042 9.0966 0.175957 7.79483 11.5799 2.90814 0.134779 0.172787
5000.00 1543.15 100.147720 50.0717 1.55597 15.0389 1.47224 9.09495 0.175957 7.79482 11.5798 2.90813 0.134779 0.172786
5000.00 1538.15 98.425034 50.0453 1.57759 15.2183 1.47669 9.14687 0.179036 7.62174 11.467 2.95448 0.137138 0.17581
5000.00 1533.15 95.359585 50.0074 1.61638 15.5423 1.48228 9.23829 0.184792 7.31204 11.253 3.04045 0.141546 0.181462
5000.00 1528.15 92.429309 49.9833 1.65364 15.8575 1.48653 9.32117 0.19065 7.01336 11.0335 3.12711 0.146033 0.187215
5000.00 1523.15 89.623043 49.9731 1.68922 16.1639 1.48943 9.39456 0.19662 6.72464 10.8103 3.21455 0.150606 0.193077
5000.00 1518.15 86.930756 49.9773 1.72295 16.4619 1.49098 9.45762 0.202709 6.44514 10.5843 3.30285 0.15527 0.199057
5000.00 1513.15 81.678248 49.9424 1.8098 16.4814 1.52415 9.74297 0.215745 6.22216 10.2781 3.40696 0.164457 0.211857
5000.00 1508.15 74.534090 49.8282 1.9539 16.2504 1.5876 10.2355 0.236424 6.03453 9.94701 3.51595 0.178297 0.232164
5000.00 1503.15 67.849045 49.6626 2.11286 15.9937 1.6545 10.7449 0.259718 5.84366 9.66688 3.61294 0.193263 0.255039
5000.00 1498.15 61.668268 49.4435 2.28583 15.7164 1.72416 11.2703 0.285749 5.65736 9.43121 3.69577 0.209196 0.2806
5000.00 1493.15 56.005357 49.1698 2.4717 15.4244 1.7959 11.8115 0.314642 5.4821 9.23243 3.76274 0.225899 0.308973
5000.00 1488.15 50.788640 48.8391 2.6703 15.1136 1.87046 12.3727 0.34696 5.3166 9.07252 3.81377 0.243355 0.340709
5000.00 1483.15 45.995050 48.4511 2.87975 14.7882 1.94748 12.9562 0.383121 5.16395 8.9444 3.84819 0.261375 0.376218
5000.00 1478.15 41.621721 48.0022 3.09976 14.4578 2.02574 13.564 0.423376 5.03141 8.83649 3.86391 0.279601 0.415748
5000.00 1473.15 37.603888 47.4846 3.33176 14.1189 2.10587 14.2035 0.468612 4.91926 8.74974 3.85973 0.297839 0.460169
5000.00 1468.15 33.890705 46.8885 3.57744 13.7668 2.18858 14.8843 0.519955 4.82843 8.68573 3.83384 0.315771 0.510587
5000.00 1463.15 30.441396 46.2003 3.839 13.3955 2.27481 15.619 0.578871 4.76077 8.64681 3.78359 0.332902 0.568441
5000.00 1458.15 27.223220 45.4016 4.11947 12.9961 2.36576 16.4248 0.647302 4.71931 8.63634 3.70521 0.348463 0.635639
5000.00 1453.15 24.211578 44.4684 4.42288 12.5568 2.46287 17.3243 0.727819 4.70858 8.65871 3.59366 0.36127 0.714705
5000.00 1448.15 21.393466 43.3739 4.75327 12.063 2.5675 18.3442 0.823693 4.73425 8.71837 3.44331 0.369602 0.808852
5000.00 1443.15 18.778170 42.108 5.10947 11.5053 2.67937 19.4987 0.938412 4.79976 8.81565 3.2525 0.37139 0.921503
5000.00 1438.15 16.293731 40.8237 5.47513 10.9441 2.78852 20.7975 1.0815 4.87673 8.82893 3.05389 0.367011 0.963026
Title: Gale2013MORB-8

liquid_0 thermodynamic data and composition:
Pressure Temperature mass S H V Cp viscosity SiO2 TiO2 Al2O3 Fe2O3 FeO MnO MgO CaO Na2O K2O P2O5 Mg#
5000.00 1573.15 100.146709 275.930740 -1185084.379323 36.462355 150.030099 1.951 50.0722 1.55599 15.039 1.46218 9.1041 0.175958 7.7949 11.58 2.90816 0.13478 0.172788 60.4
5000.00 1568.15 100.146864 275.453472 -1185836.735632 36.449937 150.030891 1.970 50.0721 1.55599 15.039 1.46372 9.10271 0.175958 7.79489 11.5799 2.90816 0.13478 0.172788 60.4
5000.00 1563.15 100.147024 274.974686 -1186589.179032 36.437523 150.031712 1.990 50.072 1.55598 15.039 1.46531 9.10126 0.175958 7.79487 11.5799 2.90815 0.13478 0.172787 60.4
5000.00 1558.15 100.147189 274.494371 -1187341.711111 36.425113 150.032561 2.010 50.0719 1.55598 15.0389 1.46696 9.09976 0.175958 7.79486 11.5799 2.90815 0.134779 0.172787 60.4
5000.00 1553.15 100.147360 274.012518 -1188094.333488 36.412707 150.033439 2.030 50.0719 1.55598 15.0389 1.46866 9.09821 0.175957 7.79485 11.5799 2.90814 0.134779 0.172787 60.4
5000.00 1548.15 100.147537 273.529117 -1188847.047819 36.400305 150.034347 2.050 50.0718 1.55597 15.0389 1.47042 9.0966 0.175957 7.79483 11.5799 2.90814 0.134779 0.172787 60.4
5000.00 1543.15 100.147720 273.044157 -1189599.855792 36.387907 150.035285 2.071 50.0717 1.55597 15.0389 1.47224 9.09495 0.175957 7.79482 11.5798 2.90813 0.134779 0.172786 60.4
5000.00 1538.15 98.425034 267.898511 -1169379.863442 35.758242 147.310531 2.104 50.0453 1.57759 15.2183 1.47669 9.14687 0.179036 7.62174 11.467 2.95448 0.137138 0.17581 59.8
5000.00 1533.15 95.359585 259.145660 -1132866.408020 34.649516 142.471580 2.149 50.0074 1.61638 15.5423 1.48228 9.23829 0.184792 7.31204 11.253 3.04045 0.141546 0.181462 58.5
5000.00 1528.15 92.429309 250.787828 -1098067.238527 33.591798 137.858514 2.195 49.9833 1.65364 15.8575 1.48653 9.32117 0.19065 7.01336 11.0335 3.12711 0.146033 0.187215 57.3
5000.00 1523.15 89.623043 242.792725 -1064846.666072 32.581017 133.452644 2.241 49.9731 1.68922 16.1639 1.48943 9.39456 0.19662 6.72464 10.8103 3.21455 0.150606 0.193077 56.1
5000.00 1518.15 86.930756 235.131413 -1033082.110534 31.613499 129.237291 2.289 49.9773 1.72295 16.4619 1.49098 9.45762 0.202709 6.44514 10.5843 3.30285 0.15527 0.199057 54.8
5000.00 1513.15 81.678248 220.557363 -968254.803384 29.676488 121.155688 2.317 49.9424 1.8098 16.4814 1.52415 9.74297 0.215745 6.22216 10.2781 3.40696 0.164457 0.211857 53.2
5000.00 1508.15 74.534090 200.897838 -879053.639848 27.019390 110.240412 2.321 49.8282 1.9539 16.2504 1.5876 10.2355 0.236424 6.03453 9.94701 3.51595 0.178297 0.232164 51.2
5000.00 1503.15 67.849045 182.525508 -795828.447569 24.531653 100.061230 2.319 49.6626 2.11286 15.9937 1.6545 10.7449 0.259718 5.84366 9.66688 3.61294 0.193263 0.255039 49.2
5000.00 1498.15 61.668268 165.560268 -719128.803561 22.230581 90.683765 2.310 49.4435 2.28583 15.7164 1.72416 11.2703 0.285749 5.65736 9.43121 3.69577 0.209196 0.2806 47.2
5000.00 1493.15 56.005357 150.035456 -649099.620663 20.121713 82.123996 2.294 49.1698 2.4717 15.4244 1.7959 11.8115 0.314642 5.4821 9.23243 3.76274 0.225899 0.308973 45.3
5000.00 1488.15 50.788640 135.753916 -584824.490310 18.179188 74.267564 2.270 48.8391 2.6703 15.1136 1.87046 12.3727 0.34696 5.3166 9.07252 3.81377 0.243355 0.340709 43.4
5000.00 1483.15 45.995050 122.650289 -526001.311325 16.395088 67.075075 2.239 48.4511 2.87975 14.7882 1.94748 12.9562 0.383121 5.16395 8.9444 3.84819 0.261375 0.376218 41.5
5000.00 1478.15 41.621721 110.714731 -472564.655899 14.768281 59.136859 2.200 48.0022 3.09976 14.4578 2.02574 13.564 0.423376 5.03141 8.83649 3.86391 0.279601 0.415748 39.8
5000.00 1473.15 37.603888 99.769705 -423686.409470 13.274892 53.317920 2.151 47.4846 3.33176 14.1189 2.10587 14.2035 0.468612 4.91926 8.74974 3.85973 0.297839 0.460169 38.2
5000.00 1468.15 33.890705 89.671995 -378720.750831 11.896163 47.962571 2.093 46.8885 3.57744 13.7668 2.18858 14.8843 0.519955 4.82843 8.68573 3.83384 0.315771 0.510587 36.6
5000.00 1463.15 30.441396 80.309192 -337143.959038 10.617014 43.007919 2.023 46.2003 3.839 13.3955 2.27481 15.619 0.578871 4.76077 8.64681 3.78359 0.332902 0.568441 35.2
5000.00 1458.15 27.223220 71.590739 -298532.907605 9.425289 38.403364 1.938 45.4016 4.11947 12.9961 2.36576 16.4248 0.647302 4.71931 8.63634 3.70521 0.348463 0.635639 33.9
5000.00 1453.15 24.211578 63.448084 -262566.079488 8.311831 34.110483 1.836 44.4684 4.42288 12.5568 2.46287 17.3243 0.727819 4.70858 8.65871 3.59366 0.36127 0.714705 32.6
5000.00 1448.15 21.393466 55.844055 -229069.957540 7.271947 30.107600 1.714 43.3739 4.75327 12.063 2.5675 18.3442 0.823693 4.73425 8.71837 3.44331 0.369602 0.808852 31.5
5000.00 1443.15 18.778170 48.802305 -198165.543863 6.309961 26.404392 1.569 42.108 5.10947 11.5053 2.67937 19.4987 0.938412 4.79976 8.81565 3.2525 0.37139 0.921503 30.5
5000.00 1438.15 16.293731 42.151107 -169189.809815 5.406497 22.875419 1.423 40.8237 5.47513 10.9441 2.78852 20.7975 1.0815 4.87673 8.82893 3.05389 0.367011 0.963026 29.5

clinopyroxene_1 thermodynamic data and composition:
Pressure Temperature mass S H V Cp structure formula SiO2 TiO2 Al2O3 Fe2O3 FeO MnO MgO CaO Na2O K2O P2O5
5000.00 1488.15 0.997535 2.407307 -12026.449282 0.303481 1.208716 cpx Na0.02Ca0.33Fe''0.40Mg1.12Fe'''0.04Ti0.01Al0.21Si1.88O6 51.1721 0.381334 4.79197 1.34012 13.1232 0 20.5027 8.4711 0.21748 0 0
5000.00 1483.15 3.033976 7.305662 -36448.515807 0.921244 3.669141 cpx Na0.02Ca0.33Fe''0.42Mg1.11Fe'''0.04Ti0.01Al0.21Si1.87O6 51.0432 0.40709 4.79233 1.3799 13.5448 0 20.2841 8.32622 0.222386 0 0
5000.00 1478.15 4.883973 11.734652 -58466.244548 1.480131 5.895201 cpx Na0.02Ca0.32Fe''0.43Mg1.10Fe'''0.04Ti0.01Al0.21Si1.87O6 50.9159 0.4324 4.79351 1.4191 13.966 0 20.0748 8.17141 0.226877 0 0
5000.00 1473.15 6.572168 15.756449 -78399.410848 1.987952 7.918113 cpx Na0.02Ca0.32Fe''0.44Mg1.09Fe'''0.04Ti0.01Al0.21Si1.87O6 50.7903 0.45706 4.79549 1.45776 14.3859 0 19.8733 8.00914 0.230998 0 0
5000.00 1468.15 8.119944 19.424844 -96525.314575 2.451479 9.764883 cpx Na0.02Ca0.31Fe''0.46Mg1.08Fe'''0.04Ti0.01Al0.21Si1.87O6 50.6666 0.480824 4.79825 1.4959 14.8032 0 19.6788 7.84163 0.234793 0 0
5000.00 1463.15 9.545538 22.785634 -113080.969265 2.876492 11.458516 cpx Na0.02Ca0.30Fe''0.47Mg1.07Fe'''0.04Ti0.01Al0.21Si1.87O6 50.5452 0.503401 4.8018 1.53354 15.2164 0 19.4904 7.67091 0.238303 0 0
5000.00 1458.15 10.863854 25.876279 -128261.722486 3.267732 13.017848 cpx Na0.02Ca0.30Fe''0.48Mg1.07Fe'''0.04Ti0.01Al0.21Si1.87O6 50.4264 0.52446 4.80622 1.5707 15.6238 0 19.3079 7.4989 0.241575 0 0
5000.00 1453.15 12.086150 28.725287 -142218.526248 3.628823 14.457232 cpx Na0.02Ca0.29Fe''0.50Mg1.06Fe'''0.04Ti0.02Al0.21Si1.87O6 50.3106 0.543654 4.81181 1.60743 16.0233 0 19.1311 7.32741 0.24466 0 0
5000.00 1448.15 13.220245 31.352826 -155061.174620 3.962337 15.786840 cpx Na0.02Ca0.28Fe''0.51Mg1.05Fe'''0.05Ti0.02Al0.21Si1.86O6 50.198 0.560683 4.81946 1.64394 16.4123 0 18.96 7.15803 0.24761 0 0
5000.00 1443.15 14.272865 33.776379 -166885.703177 4.270493 17.015465 cpx Na0.02Ca0.28Fe''0.52Mg1.04Fe'''0.05Ti0.02Al0.21Si1.86O6 50.0874 0.575432 4.83142 1.68077 16.7882 0 18.7944 6.99183 0.250461 0 0
5000.00 1438.15 15.329054 36.197609 -178668.897424 4.578501 18.243869 cpx Na0.02Ca0.27Fe''0.53Mg1.03Fe'''0.05Ti0.02Al0.21Si1.86O6 49.9679 0.590307 4.85461 1.72139 17.1657 0 18.6252 6.82175 0.25316 0 0

whitlockite thermodynamic data and composition:
Pressure Temperature mass S H V Cp formula
5000.00 1438.15 0.035245 0.084111 -414.831975 0.011092 0.037364 Ca3(PO4)2

feldspar_0 thermodynamic data and composition:
Pressure Temperature mass S H V Cp formula SiO2 TiO2 Al2O3 Fe2O3 FeO MnO MgO CaO Na2O K2O P2O5
5000.00 1513.15 2.105205 5.252661 -28537.315083 0.790797 2.604860 K0.00Na0.32Ca0.68Al1.68Si2.32O8 51.1381 0 31.291 0 0 0 0 13.8831 3.65686 0.0309828 0
5000.00 1508.15 5.889536 14.688596 -79848.080163 2.214864 7.286005 K0.00Na0.34Ca0.66Al1.66Si2.34O8 51.5706 0 30.9987 0 0 0 0 13.541 3.85434 0.0354155 0
5000.00 1503.15 9.511438 23.710063 -128972.787132 3.580858 11.764360 K0.00Na0.36Ca0.64Al1.64Si2.36O8 51.9883 0 30.7162 0 0 0 0 13.2104 4.04458 0.0404831 0
5000.00 1498.15 12.915353 32.177467 -175158.390733 4.867431 15.971176 K0.00Na0.37Ca0.63Al1.63Si2.37O8 52.3893 0 30.4448 0 0 0 0 12.893 4.22671 0.0462234 0
5000.00 1493.15 16.066434 40.003362 -217932.070303 6.060985 19.863381 K0.00Na0.39Ca0.61Al1.61Si2.39O8 52.7735 0 30.1846 0 0 0 0 12.5886 4.40062 0.0526702 0
5000.00 1488.15 18.993526 47.259139 -257684.614263 7.171929 23.476661 K0.00Na0.40Ca0.60Al1.60Si2.40O8 53.1396 0 29.9363 0 0 0 0 12.2984 4.56574 0.0599214 0
5000.00 1483.15 21.687662 53.922590 -294293.374089 8.196502 26.800004 K0.00Na0.41Ca0.58Al1.58Si2.42O8 53.4896 0 29.6988 0 0 0 0 12.0207 4.72286 0.0680484 0
5000.00 1478.15 24.132116 59.952921 -327529.555227 9.128093 29.812890 K0.00Na0.43Ca0.57Al1.57Si2.43O8 53.827 0 29.4695 0 0 0 0 11.7528 4.87359 0.0770874 0
5000.00 1473.15 26.361780 65.437581 -357864.879992 9.979597 32.558551 K0.01Na0.44Ca0.56Al1.56Si2.44O8 54.1527 0 29.2479 0 0 0 0 11.494 5.0183 0.087167 0
5000.00 1468.15 28.404407 70.446224 -385674.378269 10.761269 35.071375 K0.01Na0.45Ca0.54Al1.54Si2.46O8 54.4674 0 29.0333 0 0 0 0 11.2435 5.15728 0.0984378 0
5000.00 1463.15 30.282888 75.036356 -411267.151098 11.481575 37.379715 K0.01Na0.46Ca0.53Al1.53Si2.47O8 54.772 0 28.8253 0 0 0 0 11.0009 5.29072 0.111078 0
5000.00 1458.15 32.016336 79.256026 -434901.104817 12.147582 39.507234 K0.01Na0.47Ca0.52Al1.52Si2.48O8 55.0668 0 28.6235 0 0 0 0 10.7656 5.41872 0.125295 0
5000.00 1453.15 33.619368 83.141996 -456773.261888 12.764670 41.472013 K0.01Na0.48Ca0.51Al1.51Si2.49O8 55.3519 0 28.4279 0 0 0 0 10.5377 5.54116 0.141313 0
5000.00 1448.15 35.097590 86.708425 -476958.776587 13.334774 43.280975 K0.01Na0.49Ca0.50Al1.50Si2.50O8 55.626 0 28.2392 0 0 0 0 10.3181 5.65736 0.15929 0
5000.00 1443.15 36.433997 89.912947 -495227.145069 13.851109 44.913133 K0.01Na0.50Ca0.49Al1.49Si2.51O8 55.8848 0 28.0605 0 0 0 0 10.1103 5.7654 0.179056 0
5000.00 1438.15 37.561162 92.588704 -510663.373333 14.287618 46.285388 K0.01Na0.51Ca0.48Al1.48Si2.52O8 56.1222 0 27.8959 0 0 0 0 9.91902 5.8628 0.200148 0

clinopyroxene_0 thermodynamic data and composition:
Pressure Temperature mass S H V Cp structure formula SiO2 TiO2 Al2O3 Fe2O3 FeO MnO MgO CaO Na2O K2O P2O5
5000.00 1538.15 1.722673 4.167121 -21726.661162 0.534658 2.076189 cpx Na0.02Ca0.70Fe''0.19Mg0.96Fe'''0.03Ti0.01Al0.21Si1.88O6 51.5762 0.320895 4.78546 1.21053 6.13542 0 17.6835 18.0276 0.260356 0 0
5000.00 1533.15 4.788105 11.559165 -60329.456965 1.484108 5.761714 cpx Na0.02Ca0.71Fe''0.19Mg0.95Fe'''0.03Ti0.01Al0.22Si1.87O6 51.3517 0.352924 5.01142 1.26598 6.24601 0 17.4099 18.089 0.273028 0 0
5000.00 1528.15 7.718565 18.597517 -97151.546423 2.389238 9.274251 cpx Na0.02Ca0.71Fe''0.19Mg0.93Fe'''0.04Ti0.01Al0.23Si1.87O6 51.1294 0.386359 5.23546 1.32094 6.36792 0 17.1526 18.1215 0.285828 0 0
5000.00 1523.15 10.525201 25.311741 -132332.949083 3.253625 12.628377 cpx Na0.02Ca0.71Fe''0.20Mg0.92Fe'''0.04Ti0.01Al0.24Si1.86O6 50.9084 0.421267 5.45791 1.37555 6.49852 0 16.9071 18.1324 0.29881 0 0
5000.00 1518.15 13.218036 31.728096 -166000.486166 4.080485 15.837018 cpx Na0.02Ca0.71Fe''0.20Mg0.91Fe'''0.04Ti0.01Al0.25Si1.86O6 50.6884 0.457663 5.6788 1.42986 6.63614 0 16.6706 18.1265 0.312006 0 0
5000.00 1513.15 16.365316 39.237223 -205036.067085 5.044417 19.595486 cpx Na0.02Ca0.70Fe''0.21Mg0.91Fe'''0.04Ti0.01Al0.25Si1.85O6 50.5766 0.489179 5.74759 1.46639 6.97255 0 16.6461 17.7796 0.322036 0 0
5000.00 1508.15 19.724396 47.259266 -246238.755993 6.069369 23.614292 cpx Na0.02Ca0.67Fe''0.23Mg0.92Fe'''0.04Ti0.01Al0.25Si1.85O6 50.5433 0.516884 5.69488 1.49115 7.48695 0 16.7739 17.1642 0.328746 0 0
5000.00 1503.15 22.786700 54.549248 -283427.095371 6.999080 27.269963 cpx Na0.02Ca0.65Fe''0.25Mg0.92Fe'''0.04Ti0.02Al0.24Si1.85O6 50.491 0.547322 5.65211 1.52059 7.99985 0 16.8584 16.5955 0.335227 0 0
5000.00 1498.15 25.562730 61.127577 -316806.680578 7.837385 30.571853 cpx Na0.02Ca0.63Fe''0.26Mg0.93Fe'''0.04Ti0.02Al0.24Si1.85O6 50.4189 0.581477 5.62137 1.55495 8.49089 0 16.89 16.1005 0.341982 0 0
5000.00 1493.15 28.073807 67.043484 -346715.434575 8.591487 33.544078 cpx Na0.02Ca0.62Fe''0.28Mg0.93Fe'''0.04Ti0.02Al0.24Si1.85O6 50.3285 0.619749 5.60305 1.59379 8.9492 0 16.8701 15.6863 0.349333 0 0
5000.00 1488.15 29.365313 69.991278 -361691.460441 8.971358 35.029986 cpx Na0.03Ca0.61Fe''0.29Mg0.92Fe'''0.05Ti0.02Al0.24Si1.85O6 50.1864 0.675135 5.62336 1.64839 9.25536 0 16.6917 15.5583 0.361324 0 0
5000.00 1483.15 29.427968 69.963464 -361809.346429 8.976409 35.024509 cpx Na0.03Ca0.62Fe''0.29Mg0.90Fe'''0.05Ti0.02Al0.25Si1.85O6 49.9907 0.752273 5.68458 1.72018 9.39836 0 16.3646 15.7107 0.378644 0 0
5000.00 1478.15 29.506669 69.972140 -362161.946116 8.986383 35.037760 cpx Na0.03Ca0.63Fe''0.29Mg0.88Fe'''0.05Ti0.02Al0.25Si1.84O6 49.7854 0.837023 5.75379 1.7949 9.52267 0 16.0361 15.8735 0.396596 0 0
5000.00 1473.15 29.606652 70.029605 -362809.915925 9.002810 35.075919 cpx Na0.03Ca0.64Fe''0.30Mg0.87Fe'''0.05Ti0.03Al0.25Si1.84O6 49.5697 0.93006 5.83112 1.87274 9.62917 0 15.7073 16.0447 0.415191 0 0
5000.00 1468.15 29.729622 70.139674 -363771.095418 9.026142 35.140941 cpx Na0.03Ca0.64Fe''0.30Mg0.85Fe'''0.05Ti0.03Al0.26Si1.83O6 49.3432 1.032 5.91679 1.95381 9.71854 0 15.3787 16.2225 0.434428 0 0
5000.00 1463.15 29.875231 70.301270 -365038.722590 9.056216 35.232359 cpx Na0.03Ca0.65Fe''0.30Mg0.83Fe'''0.06Ti0.03Al0.26Si1.82O6 49.1051 1.14333 6.01099 2.03822 9.79137 0 15.0513 16.4053 0.454296 0 0
5000.00 1458.15 30.042202 70.511172 -366595.352061 9.092595 35.348659 cpx Na0.03Ca0.66Fe''0.31Mg0.82Fe'''0.06Ti0.04Al0.27Si1.82O6 48.8554 1.26436 6.11392 2.126 9.8482 0 14.7259 16.5914 0.474767 0 0
5000.00 1453.15 30.229261 70.766249 -368424.412522 9.134863 35.488407 cpx Na0.04Ca0.67Fe''0.31Mg0.80Fe'''0.06Ti0.04Al0.27Si1.81O6 48.5938 1.39506 6.22582 2.21717 9.88955 0 14.4036 16.7792 0.495798 0 0
5000.00 1448.15 30.436001 71.065468 -370520.782915 9.182871 35.651222 cpx Na0.04Ca0.68Fe''0.31Mg0.78Fe'''0.06Ti0.04Al0.28Si1.80O6 48.3203 1.53521 6.34751 2.31183 9.9157 0 14.0851 16.967 0.517327 0 0
5000.00 1443.15 30.663465 71.411095 -372897.770175 9.236877 35.838295 cpx Na0.04Ca0.69Fe''0.31Mg0.77Fe'''0.07Ti0.05Al0.29Si1.80O6 48.0329 1.68498 6.48146 2.4105 9.92629 0 13.7705 17.154 0.539257 0 0
5000.00 1438.15 30.930896 71.843195 -375763.128191 9.301589 36.067430 cpx Na0.04Ca0.70Fe''0.31Mg0.75Fe'''0.07Ti0.05Al0.29Si1.79O6 47.7005 1.86118 6.64609 2.52116 9.91594 0 13.4386 17.3544 0.562202 0 0

Title: Gale2013MORB-8

Phase Masses:
Pressure Temperature mass liquid_0 clinopyroxene_0 clinopyroxene_1 feldspar_0 
5000.00 1573.15 100.146709 100.146709 0.000000 0.000000 0.000000 
5000.00 1568.15 100.146864 100.146864 0.000000 0.000000 0.000000 
5000.00 1563.15 100.147024 100.147024 0.000000 0.000000 0.000000 
5000.00 1558.15 100.147189 100.147189 0.000000 0.000000 0.000000 
5000.00 1553.15 100.147360 100.147360 0.000000 0.000000 0.000000 
5000.00 1548.15 100.147537 100.147537 0.000000 0.000000 0.000000 
5000.00 1543.15 100.147720 100.147720 0.000000 0.000000 0.000000 
5000.00 1538.15 100.147707 98.425034 1.722673 0.000000 0.000000 
5000.00 1533.15 100.147689 95.359585 4.788105 0.000000 0.000000 
5000.00 1528.15 100.147873 92.429309 7.718565 0.000000 0.000000 
5000.00 1523.15 100.148245 89.623043 10.525201 0.000000 0.000000 
5000.00 1518.15 100.148793 86.930756 13.218036 0.000000 0.000000 
5000.00 1513.15 100.148769 81.678248 16.365316 0.000000 2.105205 
5000.00 1508.15 100.148022 74.534090 19.724396 0.000000 5.889536 
5000.00 1503.15 100.147183 67.849045 22.786700 0.000000 9.511438 
5000.00 1498.15 100.146351 61.668268 25.562730 0.000000 12.915353 
5000.00 1493.15 100.145598 56.005357 28.073807 0.000000 16.066434 
5000.00 1488.15 100.145014 50.788640 29.365313 0.997535 18.993526 
5000.00 1483.15 100.144655 45.995050 29.427968 3.033976 21.687662 
5000.00 1478.15 100.144480 41.621721 29.506669 4.883973 24.132116 
5000.00 1473.15 100.144487 37.603888 29.606652 6.572168 26.361780 
5000.00 1468.15 100.144678 33.890705 29.729622 8.119944 28.404407 
5000.00 1463.15 100.145053 30.441396 29.875231 9.545538 30.282888 
5000.00 1458.15 100.145612 27.223220 30.042202 10.863854 32.016336 
5000.00 1453.15 100.146357 24.211578 30.229261 12.086150 33.619368 
5000.00 1448.15 100.147302 21.393466 30.436001 13.220245 35.097590 
5000.00 1443.15 100.148497 18.778170 30.663465 14.272865 36.433997 

Title: Gale2013MORB-8

Phase Volumes:
Pressure Temperature mass V liquid_0 clinopyroxene_0 clinopyroxene_1 feldspar_0 
5000.00 1573.15 100.146709 36.462355 36.462355 0.000000 0.000000 0.000000 
5000.00 1568.15 100.146864 36.449937 36.449937 0.000000 0.000000 0.000000 
5000.00 1563.15 100.147024 36.437523 36.437523 0.000000 0.000000 0.000000 
5000.00 1558.15 100.147189 36.425113 36.425113 0.000000 0.000000 0.000000 
5000.00 1553.15 100.147360 36.412707 36.412707 0.000000 0.000000 0.000000 
5000.00 1548.15 100.147537 36.400305 36.400305 0.000000 0.000000 0.000000 
5000.00 1543.15 100.147720 36.387907 36.387907 0.000000 0.000000 0.000000 
5000.00 1538.15 100.147707 36.292900 35.758242 0.534658 0.000000 0.000000 
5000.00 1533.15 100.147689 36.133624 34.649516 1.484108 0.000000 0.000000 
5000.00 1528.15 100.147873 35.981036 33.591798 2.389238 0.000000 0.000000 
5000.00 1523.15 100.148245 35.834641 32.581017 3.253625 0.000000 0.000000 
5000.00 1518.15 100.148793 35.693984 31.613499 4.080485 0.000000 0.000000 
5000.00 1513.15 100.148769 35.511703 29.676488 5.044417 0.000000 0.790797 
5000.00 1508.15 100.148022 35.303623 27.019390 6.069369 0.000000 2.214864 
5000.00 1503.15 100.147183 35.111591 24.531653 6.999080 0.000000 3.580858 
5000.00 1498.15 100.146351 34.935397 22.230581 7.837385 0.000000 4.867431 
5000.00 1493.15 100.145598 34.774186 20.121713 8.591487 0.000000 6.060985 
5000.00 1488.15 100.145014 34.625956 18.179188 8.971358 0.303481 7.171929 
5000.00 1483.15 100.144655 34.489243 16.395088 8.976409 0.921244 8.196502 
5000.00 1478.15 100.144480 34.362889 14.768281 8.986383 1.480131 9.128093 
5000.00 1473.15 100.144487 34.245251 13.274892 9.002810 1.987952 9.979597 
5000.00 1468.15 100.144678 34.135054 11.896163 9.026142 2.451479 10.761269 
5000.00 1463.15 100.145053 34.031296 10.617014 9.056216 2.876492 11.481575 
5000.00 1458.15 100.145612 33.933198 9.425289 9.092595 3.267732 12.147582 
5000.00 1453.15 100.146357 33.840187 8.311831 9.134863 3.628823 12.764670 
5000.00 1448.15 100.147302 33.751929 7.271947 9.182871 3.962337 13.334774 
5000.00 1443.15 100.148497 33.668440 6.309961 9.236877 4.270493 13.851109 

Title: Gale2013MORB-8

Solid Composition:
Pressure Temperature mass SiO2 TiO2 Al2O3 Fe2O3 FeO MnO MgO CaO Na2O K2O P2O5 
5000.00 1573.15 0.000000 ---
5000.00 1568.15 0.000000 ---
5000.00 1563.15 0.000000 ---
5000.00 1558.15 0.000000 ---
5000.00 1553.15 0.000000 ---
5000.00 1548.15 0.000000 ---
5000.00 1543.15 0.000000 ---
5000.00 1538.15 1.722673 51.5762 0.320895 4.78546 1.21053 6.13542 0 17.6835 18.0276 0.260356 0 0
5000.00 1533.15 4.788105 51.3517 0.352924 5.01142 1.26598 6.24601 0 17.4099 18.089 0.273028 0 0
5000.00 1528.15 7.718565 51.1294 0.386359 5.23546 1.32094 6.36792 0 17.1526 18.1215 0.285828 0 0
5000.00 1523.15 10.525201 50.9084 0.421267 5.45791 1.37555 6.49852 0 16.9071 18.1324 0.29881 0 0
5000.00 1518.15 13.218036 50.6884 0.457663 5.6788 1.42986 6.63614 0 16.6706 18.1265 0.312006 0 0
5000.00 1513.15 18.470520 50.6406 0.433424 8.65894 1.29926 6.17784 0 14.7488 17.3355 0.702128 0.00353131 0
5000.00 1508.15 25.613932 50.7795 0.398034 11.5131 1.14828 5.76544 0 12.917 16.3311 1.1394 0.00814325 0
5000.00 1503.15 32.298138 50.9319 0.386142 13.0332 1.0728 5.64398 0 11.8938 15.5986 1.42759 0.0119218 0
5000.00 1498.15 38.478083 51.0803 0.386301 13.9535 1.03302 5.64088 0 11.2208 15.0239 1.64591 0.0155151 0
5000.00 1493.15 44.140241 51.2184 0.394169 14.5504 1.01368 5.69181 0 10.7296 14.5588 1.82395 0.0191712 0
5000.00 1488.15 49.356374 51.3428 0.409389 14.9628 1.00782 5.77185 0 10.3454 14.1606 1.97638 0.0230592 0
5000.00 1483.15 54.149605 51.451 0.431637 15.2526 1.01216 5.86651 0 10.0299 13.8191 2.10981 0.0272543 0
5000.00 1478.15 58.522759 51.5463 0.458106 15.4529 1.02341 5.96677 0 9.7606 13.5316 2.22854 0.0317873 0
5000.00 1473.15 62.540600 51.6298 0.48832 15.5928 1.03974 6.07021 0 9.52422 13.2821 2.33611 0.0367422 0
5000.00 1468.15 66.253973 51.7022 0.522009 15.6902 1.06005 6.17517 0 9.31257 13.0608 2.43474 0.0422023 0
5000.00 1463.15 69.703657 51.7643 0.558975 15.7571 1.0836 6.28042 0 9.12016 12.8612 2.52591 0.048258 0
5000.00 1458.15 72.922392 51.8165 0.599016 15.8019 1.10986 6.38483 0 8.94319 12.679 2.61065 0.0550104 0
5000.00 1453.15 75.934779 51.8592 0.641896 15.8305 1.13849 6.48732 0 8.779 12.5114 2.68961 0.0625648 0
5000.00 1448.15 78.753836 51.8914 0.687435 15.8473 1.16942 6.58721 0 8.62627 12.3572 2.76277 0.0709895 0
5000.00 1443.15 81.370327 51.909 0.735901 15.8542 1.20319 6.68537 0 8.48593 12.2176 2.82863 0.0801734 0
Title: Gale2013MORB-8

Bulk Composition:
Pressure Temperature mass SiO2 TiO2 Al2O3 Fe2O3 FeO MnO MgO CaO Na2O K2O P2O5 
5000.00 1573.15 100.146709 50.0722 1.55599 15.039 1.46218 9.1041 0.175958 7.7949 11.58 2.90816 0.13478 0.172788
5000.00 1568.15 100.146864 50.0721 1.55599 15.039 1.46372 9.10271 0.175958 7.79489 11.5799 2.90816 0.13478 0.172788
5000.00 1563.15 100.147024 50.072 1.55598 15.039 1.46531 9.10126 0.175958 7.79487 11.5799 2.90815 0.13478 0.172787
5000.00 1558.15 100.147189 50.0719 1.55598 15.0389 1.46696 9.09976 0.175958 7.79486 11.5799 2.90815 0.134779 0.172787
5000.00 1553.15 100.147360 50.0719 1.55598 15.0389 1.46866 9.09821 0.175957 7.79485 11.5799 2.90814 0.134779 0.172787
5000.00 1548.15 100.147537 50.0718 1.55597 15.0389 1.47042 9.0966 0.175957 7.79483 11.5799 2.90814 0.134779 0.172787
5000.00 1543.15 100.147720 50.0717 1.55597 15.0389 1.47224 9.09495 0.175957 7.79482 11.5798 2.90813 0.134779 0.172786
5000.00 1538.15 100.147707 50.0717 1.55597 15.0389 1.47211 9.09507 0.175957 7.79482 11.5798 2.90813 0.134779 0.172786
5000.00 1533.15 100.147689 50.0717 1.55597 15.0389 1.47193 9.09522 0.175957 7.79482 11.5798 2.90813 0.134779 0.172786
5000.00 1528.15 100.147873 50.0716 1.55597 15.0388 1.47376 9.09356 0.175956 7.79481 11.5798 2.90813 0.134778 0.172786
5000.00 1523.15 100.148245 50.0714 1.55596 15.0388 1.47746 9.09019 0.175956 7.79478 11.5798 2.90812 0.134778 0.172785
5000.00 1518.15 100.148793 50.0711 1.55596 15.0387 1.48291 9.08523 0.175955 7.79474 11.5797 2.9081 0.134777 0.172784
5000.00 1513.15 100.148769 50.0711 1.55596 15.0387 1.48267 9.08545 0.175955 7.79474 11.5797 2.9081 0.134777 0.172784
5000.00 1508.15 100.148022 50.0715 1.55597 15.0388 1.47524 9.09221 0.175956 7.7948 11.5798 2.90812 0.134778 0.172786
5000.00 1503.15 100.147183 50.0719 1.55598 15.0389 1.46689 9.09981 0.175958 7.79486 11.5799 2.90815 0.134779 0.172787
5000.00 1498.15 100.146351 50.0724 1.55599 15.0391 1.45861 9.10735 0.175959 7.79493 11.58 2.90817 0.13478 0.172789
5000.00 1493.15 100.145598 50.0727 1.55601 15.0392 1.45112 9.11417 0.17596 7.79498 11.5801 2.9082 0.134781 0.17279
5000.00 1488.15 100.145014 50.073 1.55601 15.0393 1.44531 9.11946 0.175961 7.79503 11.5802 2.90821 0.134782 0.172791
5000.00 1483.15 100.144655 50.0732 1.55602 15.0393 1.44174 9.12271 0.175962 7.79506 11.5802 2.90822 0.134783 0.172792
5000.00 1478.15 100.144480 50.0733 1.55602 15.0393 1.43999 9.1243 0.175962 7.79507 11.5802 2.90823 0.134783 0.172792
5000.00 1473.15 100.144487 50.0733 1.55602 15.0393 1.44007 9.12423 0.175962 7.79507 11.5802 2.90823 0.134783 0.172792
5000.00 1468.15 100.144678 50.0732 1.55602 15.0393 1.44197 9.1225 0.175962 7.79506 11.5802 2.90822 0.134783 0.172791
5000.00 1463.15 100.145053 50.073 1.55601 15.0393 1.4457 9.11911 0.175961 7.79503 11.5802 2.90821 0.134782 0.172791
5000.00 1458.15 100.145612 50.0727 1.556 15.0392 1.45126 9.11404 0.17596 7.79498 11.5801 2.90819 0.134781 0.17279
5000.00 1453.15 100.146357 50.0724 1.55599 15.0391 1.45868 9.10729 0.175959 7.79493 11.58 2.90817 0.13478 0.172789
5000.00 1448.15 100.147302 50.0719 1.55598 15.0389 1.46808 9.09874 0.175957 7.79485 11.5799 2.90815 0.134779 0.172787
5000.00 1443.15 100.148497 50.0713 1.55596 15.0387 1.47997 9.08791 0.175955 7.79476 11.5798 2.90811 0.134778 0.172785
