Title: Gale2013MORB-8

liquid_0 thermodynamic data and composition:
Pressure Temperature mass S H V Cp viscosity SiO2 TiO2 Al2O3 Fe2O3 FeO MnO MgO CaO Na2O K2O P2O5 Mg#
5000.00 1573.15 100.146709 275.930740 -1185084.379323 36.462355 150.030099 1.951 50.0722 1.55599 15.039 1.46218 9.1041 0.175958 7.7949 11.58 2.90816 0.13478 0.172788 60.4
5000.00 1568.15 100.146864 275.453472 -1185836.735632 36.449937 150.030891 1.970 50.0721 1.55599 15.039 1.46372 9.10271 0.175958 7.79489 11.5799 2.90816 0.13478 0.172788 60.4
5000.00 1563.15 100.147024 274.974686 -1186589.179032 36.437523 150.031712 1.990 50.072 1.55598 15.039 1.46531 9.10126 0.175958 7.79487 11.5799 2.90815 0.13478 0.172787 60.4
5000.00 1558.15 100.147189 274.494371 -1187341.711111 36.425113 150.032561 2.010 50.0719 1.55598 15.0389 1.46696 9.09976 0.175958 7.79486 11.5799 2.90815 0.134779 0.172787 60.4
5000.00 1553.15 100.147360 274.012518 -1188094.333488 36.412707 150.033439 2.030 50.0719 1.55598 15.0389 1.46866 9.09821 0.175957 7.79485 11.5799 2.90814 0.134779 0.172787 60.4
5000.00 1548.15 100.147537 273.529117 -1188847.047819 36.400305 150.034347 2.050 50.0718 1.55597 15.0389 1.47042 9.0966 0.175957 7.79483 11.5799 2.90814 0.134779 0.172787 60.4
5000.00 1543.15 100.147720 273.044157 -1189599.855792 36.387907 150.035285 2.071 50.0717 1.55597 15.0389 1.47224 9.09495 0.175957 7.79482 11.5798 2.90813 0.134779 0.172786 60.4
5000.00 1538.15 98.425034 267.898511 -1169379.863442 35.758242 147.310531 2.104 50.0453 1.57759 15.2183 1.47669 9.14687 0.179036 7.62174 11.467 2.95448 0.137138 0.17581 59.8
5000.00 1533.15 95.359585 259.145660 -1132866.408020 34.649516 142.471580 2.149 50.0074 1.61638 15.5423 1.48228 9.23829 0.184792 7.31204 11.253 3.04045 0.141546 0.181462 58.5
5000.00 1528.15 92.429309 250.787828 -1098067.238527 33.591798 137.858514 2.195 49.9833 1.65364 15.8575 1.48653 9.32117 0.19065 7.01336 11.0335 3.12711 0.146033 0.187215 57.3
5000.00 1523.15 89.623043 242.792725 -1064846.666072 32.581017 133.452644 2.241 49.9731 1.68922 16.1639 1.48943 9.39456 0.19662 6.72464 10.8103 3.21455 0.150606 0.193077 56.1
5000.00 1518.15 86.930756 235.131413 -1033082.110534 31.613499 129.237291 2.289 49.9773 1.72295 16.4619 1.49098 9.45762 0.202709 6.44514 10.5843 3.30285 0.15527 0.199057 54.8
5000.00 1513.15 81.678248 220.557363 -968254.803384 29.676488 121.155688 2.317 49.9424 1.8098 16.4814 1.52415 9.74297 0.215745 6.22216 10.2781 3.40696 0.164457 0.211857 53.2
5000.00 1508.15 74.534090 200.897838 -879053.639848 27.019390 110.240412 2.321 49.8282 1.9539 16.2504 1.5876 10.2355 0.236424 6.03453 9.94701 3.51595 0.178297 0.232164 51.2
5000.00 1503.15 67.849045 182.525508 -795828.447569 24.531653 100.061230 2.319 49.6626 2.11286 15.9937 1.6545 10.7449 0.259718 5.84366 9.66688 3.61294 0.193263 0.255039 49.2
5000.00 1498.15 61.668268 165.560268 -719128.803561 22.230581 90.683765 2.310 49.4435 2.28583 15.7164 1.72416 11.2703 0.285749 5.65736 9.43121 3.69577 0.209196 0.2806 47.2
5000.00 1493.15 56.005357 150.035456 -649099.620663 20.121713 82.123996 2.294 49.1698 2.4717 15.4244 1.7959 11.8115 0.314642 5.4821 9.23243 3.76274 0.225899 0.308973 45.3
5000.00 1488.15 50.788640 135.753916 -584824.490310 18.179188 74.267564 2.270 48.8391 2.6703 15.1136 1.87046 12.3727 0.34696 5.3166 9.07252 3.81377 0.243355 0.340709 43.4
5000.00 1483.15 45.995050 122.650289 -526001.311325 16.395088 67.075075 2.239 48.4511 2.87975 14.7882 1.94748 12.9562 0.383121 5.16395 8.9444 3.84819 0.261375 0.376218 41.5
5000.00 1478.15 41.621721 110.714731 -472564.655899 14.768281 59.136859 2.200 48.0022 3.09976 14.4578 2.02574 13.564 0.423376 5.03141 8.83649 3.86391 0.279601 0.415748 39.8
5000.00 1473.15 37.603888 99.769705 -423686.409470 13.274892 53.317920 2.151 47.4846 3.33176 14.1189 2.10587 14.2035 0.468612 4.91926 8.74974 3.85973 0.297839 0.460169 38.2
5000.00 1468.15 33.890705 89.671995 -378720.750831 11.896163 47.962571 2.093 46.8885 3.57744 13.7668 2.18858 14.8843 0.519955 4.82843 8.68573 3.83384 0.315771 0.510587 36.6
5000.00 1463.15 30.441396 80.309192 -337143.959038 10.617014 43.007919 2.023 46.2003 3.839 13.3955 2.27481 15.619 0.578871 4.76077 8.64681 3.78359 0.332902 0.568441 35.2
5000.00 1458.15 27.223220 71.590739 -298532.907605 9.425289 38.403364 1.938 45.4016 4.11947 12.9961 2.36576 16.4248 0.647302 4.71931 8.63634 3.70521 0.348463 0.635639 33.9
5000.00 1453.15 24.211578 63.448084 -262566.079488 8.311831 34.110483 1.836 44.4684 4.42288 12.5568 2.46287 17.3243 0.727819 4.70858 8.65871 3.59366 0.36127 0.714705 32.6
5000.00 1448.15 21.393466 55.844055 -229069.957540 7.271947 30.107600 1.714 43.3739 4.75327 12.063 2.5675 18.3442 0.823693 4.73425 8.71837 3.44331 0.369602 0.808852 31.5
5000.00 1443.15 18.778170 48.802305 -198165.543863 6.309961 26.404392 1.569 42.108 5.10947 11.5053 2.67937 19.4987 0.938412 4.79976 8.81565 3.2525 0.37139 0.921503 30.5
5000.00 1438.15 16.293731 42.151107 -169189.809815 5.406497 22.875419 1.423 40.8237 5.47513 10.9441 2.78852 20.7975 1.0815 4.87673 8.82893 3.05389 0.367011 0.963026 29.5

clinopyroxene_1 thermodynamic data and composition:
Pressure Temperature mass S H V Cp structure formula SiO2 TiO2 Al2O3 Fe2O3 FeO MnO MgO CaO Na2O K2O P2O5
5000.00 1488.15 0.997535 2.407307 -12026.449282 0.303481 1.208716 cpx Na0.02Ca0.33Fe''0.40Mg1.12Fe'''0.04Ti0.01Al0.21Si1.88O6 51.1721 0.381334 4.79197 1.34012 13.1232 0 20.5027 8.4711 0.21748 0 0
5000.00 1483.15 3.033976 7.305662 -36448.515807 0.921244 3.669141 cpx Na0.02Ca0.33Fe''0.42Mg1.11Fe'''0.04Ti0.01Al0.21Si1.87O6 51.0432 0.40709 4.79233 1.3799 13.5448 0 20.2841 8.32622 0.222386 0 0
5000.00 1478.15 4.883973 11.734652 -58466.244548 1.480131 5.895201 cpx Na0.02Ca0.32Fe''0.43Mg1.10Fe'''0.04Ti0.01Al0.21Si1.87O6 50.9159 0.4324 4.79351 1.4191 13.966 0 20.0748 8.17141 0.226877 0 0
5000.00 1473.15 6.572168 15.756449 -78399.410848 1.987952 7.918113 cpx Na0.02Ca0.32Fe''0.44Mg1.09Fe'''0.04Ti0.01Al0.21Si1.87O6 50.7903 0.45706 4.79549 1.45776 14.3859 0 19.8733 8.00914 0.230998 0 0
5000.00 1468.15 8.119944 19.424844 -96525.314575 2.451479 9.764883 cpx Na0.02Ca0.31Fe''0.46Mg1.08Fe'''0.04Ti0.01Al0.21Si1.87O6 50.6666 0.480824 4.79825 1.4959 14.8032 0 19.6788 7.84163 0.234793 0 0
5000.00 1463.15 9.545538 22.785634 -113080.969265 2.876492 11.458516 cpx Na0.02Ca0.30Fe''0.47Mg1.07Fe'''0.04Ti0.01Al0.21Si1.87O6 50.5452 0.503401 4.8018 1.53354 15.2164 0 19.4904 7.67091 0.238303 0 0
5000.00 1458.15 10.863854 25.876279 -128261.722486 3.267732 13.017848 cpx Na0.02Ca0.30Fe''0.48Mg1.07Fe'''0.04Ti0.01Al0.21Si1.87O6 50.4264 0.52446 4.80622 1.5707 15.6238 0 19.3079 7.4989 0.241575 0 0
5000.00 1453.15 12.086150 28.725287 -142218.526248 3.628823 14.457232 cpx Na0.02Ca0.29Fe''0.50Mg1.06Fe'''0.04Ti0.02Al0.21Si1.87O6 50.3106 0.543654 4.81181 1.60743 16.0233 0 19.1311 7.32741 0.24466 0 0
5000.00 1448.15 13.220245 31.352826 -155061.174620 3.962337 15.786840 cpx Na0.02Ca0.28Fe''0.51Mg1.05Fe'''0.05Ti0.02Al0.21Si1.86O6 50.198 0.560683 4.81946 1.64394 16.4123 0 18.96 7.15803 0.24761 0 0
5000.00 1443.15 14.272865 33.776379 -166885.703177 4.270493 17.015465 cpx Na0.02Ca0.28Fe''0.52Mg1.04Fe'''0.05Ti0.02Al0.21Si1.86O6 50.0874 0.575432 4.83142 1.68077 16.7882 0 18.7944 6.99183 0.250461 0 0
5000.00 1438.15 15.329054 36.197609 -178668.897424 4.578501 18.243869 cpx Na0.02Ca0.27Fe''0.53Mg1.03Fe'''0.05Ti0.02Al0.21Si1.86O6 49.9679 0.590307 4.85461 1.72139 17.1657 0 18.6252 6.82175 0.25316 0 0

whitlockite thermodynamic data and composition:
Pressure Temperature mass S H V Cp formula
5000.00 1438.15 0.035245 0.084111 -414.831975 0.011092 0.037364 Ca3(PO4)2

feldspar_0 thermodynamic data and composition:
Pressure Temperature mass S H V Cp formula SiO2 TiO2 Al2O3 Fe2O3 FeO MnO MgO CaO Na2O K2O P2O5
5000.00 1513.15 2.105205 5.252661 -28537.315083 0.790797 2.604860 K0.00Na0.32Ca0.68Al1.68Si2.32O8 51.1381 0 31.291 0 0 0 0 13.8831 3.65686 0.0309828 0
5000.00 1508.15 5.889536 14.688596 -79848.080163 2.214864 7.286005 K0.00Na0.34Ca0.66Al1.66Si2.34O8 51.5706 0 30.9987 0 0 0 0 13.541 3.85434 0.0354155 0
5000.00 1503.15 9.511438 23.710063 -128972.787132 3.580858 11.764360 K0.00Na0.36Ca0.64Al1.64Si2.36O8 51.9883 0 30.7162 0 0 0 0 13.2104 4.04458 0.0404831 0
5000.00 1498.15 12.915353 32.177467 -175158.390733 4.867431 15.971176 K0.00Na0.37Ca0.63Al1.63Si2.37O8 52.3893 0 30.4448 0 0 0 0 12.893 4.22671 0.0462234 0
5000.00 1493.15 16.066434 40.003362 -217932.070303 6.060985 19.863381 K0.00Na0.39Ca0.61Al1.61Si2.39O8 52.7735 0 30.1846 0 0 0 0 12.5886 4.40062 0.0526702 0
5000.00 1488.15 18.993526 47.259139 -257684.614263 7.171929 23.476661 K0.00Na0.40Ca0.60Al1.60Si2.40O8 53.1396 0 29.9363 0 0 0 0 12.2984 4.56574 0.0599214 0
5000.00 1483.15 21.687662 53.922590 -294293.374089 8.196502 26.800004 K0.00Na0.41Ca0.58Al1.58Si2.42O8 53.4896 0 29.6988 0 0 0 0 12.0207 4.72286 0.0680484 0
5000.00 1478.15 24.132116 59.952921 -327529.555227 9.128093 29.812890 K0.00Na0.43Ca0.57Al1.57Si2.43O8 53.827 0 29.4695 0 0 0 0 11.7528 4.87359 0.0770874 0
5000.00 1473.15 26.361780 65.437581 -357864.879992 9.979597 32.558551 K0.01Na0.44Ca0.56Al1.56Si2.44O8 54.1527 0 29.2479 0 0 0 0 11.494 5.0183 0.087167 0
5000.00 1468.15 28.404407 70.446224 -385674.378269 10.761269 35.071375 K0.01Na0.45Ca0.54Al1.54Si2.46O8 54.4674 0 29.0333 0 0 0 0 11.2435 5.15728 0.0984378 0
5000.00 1463.15 30.282888 75.036356 -411267.151098 11.481575 37.379715 K0.01Na0.46Ca0.53Al1.53Si2.47O8 54.772 0 28.8253 0 0 0 0 11.0009 5.29072 0.111078 0
5000.00 1458.15 32.016336 79.256026 -434901.104817 12.147582 39.507234 K0.01Na0.47Ca0.52Al1.52Si2.48O8 55.0668 0 28.6235 0 0 0 0 10.7656 5.41872 0.125295 0
5000.00 1453.15 33.619368 83.141996 -456773.261888 12.764670 41.472013 K0.01Na0.48Ca0.51Al1.51Si2.49O8 55.3519 0 28.4279 0 0 0 0 10.5377 5.54116 0.141313 0
5000.00 1448.15 35.097590 86.708425 -476958.776587 13.334774 43.280975 K0.01Na0.49Ca0.50Al1.50Si2.50O8 55.626 0 28.2392 0 0 0 0 10.3181 5.65736 0.15929 0
5000.00 1443.15 36.433997 89.912947 -495227.145069 13.851109 44.913133 K0.01Na0.50Ca0.49Al1.49Si2.51O8 55.8848 0 28.0605 0 0 0 0 10.1103 5.7654 0.179056 0
5000.00 1438.15 37.561162 92.588704 -510663.373333 14.287618 46.285388 K0.01Na0.51Ca0.48Al1.48Si2.52O8 56.1222 0 27.8959 0 0 0 0 9.91902 5.8628 0.200148 0

clinopyroxene_0 thermodynamic data and composition:
Pressure Temperature mass S H V Cp structure formula SiO2 TiO2 Al2O3 Fe2O3 FeO MnO MgO CaO Na2O K2O P2O5
5000.00 1538.15 1.722673 4.167121 -21726.661162 0.534658 2.076189 cpx Na0.02Ca0.70Fe''0.19Mg0.96Fe'''0.03Ti0.01Al0.21Si1.88O6 51.5762 0.320895 4.78546 1.21053 6.13542 0 17.6835 18.0276 0.260356 0 0
5000.00 1533.15 4.788105 11.559165 -60329.456965 1.484108 5.761714 cpx Na0.02Ca0.71Fe''0.19Mg0.95Fe'''0.03Ti0.01Al0.22Si1.87O6 51.3517 0.352924 5.01142 1.26598 6.24601 0 17.4099 18.089 0.273028 0 0
5000.00 1528.15 7.718565 18.597517 -97151.546423 2.389238 9.274251 cpx Na0.02Ca0.71Fe''0.19Mg0.93Fe'''0.04Ti0.01Al0.23Si1.87O6 51.1294 0.386359 5.23546 1.32094 6.36792 0 17.1526 18.1215 0.285828 0 0
5000.00 1523.15 10.525201 25.311741 -132332.949083 3.253625 12.628377 cpx Na0.02Ca0.71Fe''0.20Mg0.92Fe'''0.04Ti0.01Al0.24Si1.86O6 50.9084 0.421267 5.45791 1.37555 6.49852 0 16.9071 18.1324 0.29881 0 0
5000.00 1518.15 13.218036 31.728096 -166000.486166 4.080485 15.837018 cpx Na0.02Ca0.71Fe''0.20Mg0.91Fe'''0.04Ti0.01Al0.25Si1.86O6 50.6884 0.457663 5.6788 1.42986 6.63614 0 16.6706 18.1265 0.312006 0 0
5000.00 1513.15 16.365316 39.237223 -205036.067085 5.044417 19.595486 cpx Na0.02Ca0.70Fe''0.21Mg0.91Fe'''0.04Ti0.01Al0.25Si1.85O6 50.5766 0.489179 5.74759 1.46639 6.97255 0 16.6461 17.7796 0.322036 0 0
5000.00 1508.15 19.724396 47.259266 -246238.755993 6.069369 23.614292 cpx Na0.02Ca0.67Fe''0.23Mg0.92Fe'''0.04Ti0.01Al0.25Si1.85O6 50.5433 0.516884 5.69488 1.49115 7.48695 0 16.7739 17.1642 0.328746 0 0
5000.00 1503.15 22.786700 54.549248 -283427.095371 6.999080 27.269963 cpx Na0.02Ca0.65Fe''0.25Mg0.92Fe'''0.04Ti0.02Al0.24Si1.85O6 50.491 0.547322 5.65211 1.52059 7.99985 0 16.8584 16.5955 0.335227 0 0
5000.00 1498.15 25.562730 61.127577 -316806.680578 7.837385 30.571853 cpx Na0.02Ca0.63Fe''0.26Mg0.93Fe'''0.04Ti0.02Al0.24Si1.85O6 50.4189 0.581477 5.62137 1.55495 8.49089 0 16.89 16.1005 0.341982 0 0
5000.00 1493.15 28.073807 67.043484 -346715.434575 8.591487 33.544078 cpx Na0.02Ca0.62Fe''0.28Mg0.93Fe'''0.04Ti0.02Al0.24Si1.85O6 50.3285 0.619749 5.60305 1.59379 8.9492 0 16.8701 15.6863 0.349333 0 0
5000.00 1488.15 29.365313 69.991278 -361691.460441 8.971358 35.029986 cpx Na0.03Ca0.61Fe''0.29Mg0.92Fe'''0.05Ti0.02Al0.24Si1.85O6 50.1864 0.675135 5.62336 1.64839 9.25536 0 16.6917 15.5583 0.361324 0 0
5000.00 1483.15 29.427968 69.963464 -361809.346429 8.976409 35.024509 cpx Na0.03Ca0.62Fe''0.29Mg0.90Fe'''0.05Ti0.02Al0.25Si1.85O6 49.9907 0.752273 5.68458 1.72018 9.39836 0 16.3646 15.7107 0.378644 0 0
5000.00 1478.15 29.506669 69.972140 -362161.946116 8.986383 35.037760 cpx Na0.03Ca0.63Fe''0.29Mg0.88Fe'''0.05Ti0.02Al0.25Si1.84O6 49.7854 0.837023 5.75379 1.7949 9.52267 0 16.0361 15.8735 0.396596 0 0
5000.00 1473.15 29.606652 70.029605 -362809.915925 9.002810 35.075919 cpx Na0.03Ca0.64Fe''0.30Mg0.87Fe'''0.05Ti0.03Al0.25Si1.84O6 49.5697 0.93006 5.83112 1.87274 9.62917 0 15.7073 16.0447 0.415191 0 0
5000.00 1468.15 29.729622 70.139674 -363771.095418 9.026142 35.140941 cpx Na0.03Ca0.64Fe''0.30Mg0.85Fe'''0.05Ti0.03Al0.26Si1.83O6 49.3432 1.032 5.91679 1.95381 9.71854 0 15.3787 16.2225 0.434428 0 0
5000.00 1463.15 29.875231 70.301270 -365038.722590 9.056216 35.232359 cpx Na0.03Ca0.65Fe''0.30Mg0.83Fe'''0.06Ti0.03Al0.26Si1.82O6 49.1051 1.14333 6.01099 2.03822 9.79137 0 15.0513 16.4053 0.454296 0 0
5000.00 1458.15 30.042202 70.511172 -366595.352061 9.092595 35.348659 cpx Na0.03Ca0.66Fe''0.31Mg0.82Fe'''0.06Ti0.04Al0.27Si1.82O6 48.8554 1.26436 6.11392 2.126 9.8482 0 14.7259 16.5914 0.474767 0 0
5000.00 1453.15 30.229261 70.766249 -368424.412522 9.134863 35.488407 cpx Na0.04Ca0.67Fe''0.31Mg0.80Fe'''0.06Ti0.04Al0.27Si1.81O6 48.5938 1.39506 6.22582 2.21717 9.88955 0 14.4036 16.7792 0.495798 0 0
5000.00 1448.15 30.436001 71.065468 -370520.782915 9.182871 35.651222 cpx Na0.04Ca0.68Fe''0.31Mg0.78Fe'''0.06Ti0.04Al0.28Si1.80O6 48.3203 1.53521 6.34751 2.31183 9.9157 0 14.0851 16.967 0.517327 0 0
5000.00 1443.15 30.663465 71.411095 -372897.770175 9.236877 35.838295 cpx Na0.04Ca0.69Fe''0.31Mg0.77Fe'''0.07Ti0.05Al0.29Si1.80O6 48.0329 1.68498 6.48146 2.4105 9.92629 0 13.7705 17.154 0.539257 0 0
5000.00 1438.15 30.930896 71.843195 -375763.128191 9.301589 36.067430 cpx Na0.04Ca0.70Fe''0.31Mg0.75Fe'''0.07Ti0.05Al0.29Si1.79O6 47.7005 1.86118 6.64609 2.52116 9.91594 0 13.4386 17.3544 0.562202 0 0
