Title: Gale2013MORB-0

liquid_0 thermodynamic data and composition:
Pressure Temperature mass S H V Cp viscosity SiO2 TiO2 Al2O3 Fe2O3 FeO MnO MgO CaO Na2O K2O P2O5 Mg#
5000.00 1573.15 100.130941 275.724568 -1198253.583294 36.743535 150.021835 2.120 51.5 1.62704 15.1289 1.30525 8.11737 0.188148 7.63039 11.4792 2.70889 0.13407 0.180746 62.6
5000.00 1568.15 100.131079 275.247285 -1199005.653357 36.731289 150.022542 2.141 51.4999 1.62704 15.1289 1.30662 8.11613 0.188148 7.63038 11.4792 2.70889 0.13407 0.180746 62.6
5000.00 1563.15 100.131222 274.768484 -1199757.800872 36.719046 150.023274 2.161 51.4998 1.62703 15.1289 1.30804 8.11484 0.188147 7.63037 11.4792 2.70889 0.13407 0.180746 62.6
5000.00 1558.15 100.131370 274.288153 -1200510.027251 36.706807 150.024032 2.182 51.4998 1.62703 15.1288 1.30951 8.1135 0.188147 7.63035 11.4792 2.70888 0.134069 0.180746 62.6
5000.00 1553.15 100.131522 273.806283 -1201262.333938 36.694572 150.024816 2.203 51.4997 1.62703 15.1288 1.31103 8.11212 0.188147 7.63034 11.4791 2.70888 0.134069 0.180745 62.6
5000.00 1548.15 100.131680 273.322864 -1202014.722404 36.682340 150.025626 2.224 51.4996 1.62703 15.1288 1.3126 8.11069 0.188147 7.63033 11.4791 2.70887 0.134069 0.180745 62.6
5000.00 1543.15 100.131844 272.837886 -1202767.194154 36.670111 150.026463 2.245 51.4995 1.62702 15.1288 1.31423 8.10921 0.188146 7.63032 11.4791 2.70887 0.134069 0.180745 62.6
5000.00 1538.15 98.846346 268.869630 -1187905.574844 36.197935 147.986730 2.279 51.4919 1.64474 15.2692 1.31617 8.12575 0.190593 7.4816 11.4199 2.74115 0.135812 0.183095 62.1
5000.00 1533.15 95.982999 260.651669 -1153886.322003 35.162199 143.455298 2.330 51.486 1.68438 15.5849 1.31773 8.16817 0.196279 7.15989 11.2588 2.81548 0.139864 0.188557 61.0
5000.00 1528.15 93.220172 252.735157 -1121127.900927 34.164331 139.096826 2.383 51.4941 1.7229 15.8941 1.31812 8.20739 0.202096 6.85338 11.0791 2.8907 0.144009 0.194146 59.8
5000.00 1523.15 90.565876 245.139033 -1089739.383341 33.207377 134.921779 2.436 51.5159 1.76002 16.1956 1.31729 8.24009 0.208019 6.55951 10.889 2.96649 0.14823 0.199836 58.7
5000.00 1518.15 88.017368 237.853786 -1059690.753031 32.290363 130.924478 2.490 51.5512 1.79554 16.4891 1.3152 8.26468 0.214042 6.27692 10.6924 3.04277 0.152522 0.205622 57.5
5000.00 1513.15 82.634696 222.915558 -993158.632093 30.302700 122.638802 2.531 51.596 1.89244 16.5051 1.34061 8.47398 0.227984 6.02636 10.4283 3.12857 0.161674 0.219016 55.9
5000.00 1508.15 74.987316 201.887166 -897561.347607 27.455766 110.953449 2.554 51.6122 2.061 16.2478 1.39361 8.85811 0.251235 5.78951 10.1575 3.2115 0.176211 0.241352 53.8
5000.00 1503.15 67.943580 182.542135 -809789.662828 24.831940 100.230619 2.572 51.5905 2.24728 15.9644 1.44781 9.23994 0.27728 5.55253 9.94464 3.2773 0.191885 0.266373 51.7

clinopyroxene_0 thermodynamic data and composition:
Pressure Temperature mass S H V Cp structure formula SiO2 TiO2 Al2O3 Fe2O3 FeO MnO MgO CaO Na2O K2O P2O5
5000.00 1538.15 1.285337 3.124170 -16158.554378 0.399023 1.558798 cpx Na0.02Ca0.62Fe''0.21Mg1.03Fe'''0.03Ti0.01Al0.19Si1.89O6 52.0925 0.264696 4.32723 1.04086 6.94985 0 19.0681 16.0303 0.226509 0 0
5000.00 1533.15 4.148298 10.051435 -52152.781393 1.286376 5.016553 cpx Na0.02Ca0.65Fe''0.21Mg1.01Fe'''0.03Ti0.01Al0.20Si1.89O6 51.8199 0.300259 4.57715 1.10203 6.8643 0 18.5161 16.5777 0.242537 0 0
5000.00 1528.15 6.910946 16.702406 -86844.962063 2.140499 8.339226 cpx Na0.02Ca0.66Fe''0.21Mg0.98Fe'''0.03Ti0.01Al0.21Si1.88O6 51.5779 0.334009 4.80724 1.15697 6.88008 0 18.1111 16.8761 0.256516 0 0
5000.00 1523.15 9.565238 23.063507 -120117.552882 2.958934 11.520232 cpx Na0.02Ca0.67Fe''0.21Mg0.97Fe'''0.03Ti0.01Al0.22Si1.87O6 51.3486 0.367939 5.02891 1.20926 6.93908 0 17.7696 17.0668 0.269838 0 0
5000.00 1518.15 12.113902 29.144726 -151999.818115 3.742610 14.564531 cpx Na0.02Ca0.67Fe''0.21Mg0.95Fe'''0.03Ti0.01Al0.23Si1.87O6 51.1261 0.402674 5.24565 1.25998 7.0225 0 17.4642 17.196 0.282934 0 0
5000.00 1513.15 15.250963 36.648688 -190865.223932 4.704467 18.324228 cpx Na0.02Ca0.66Fe''0.23Mg0.95Fe'''0.04Ti0.01Al0.23Si1.87O6 51.0235 0.428534 5.30027 1.29056 7.39396 0 17.4449 16.8278 0.290495 0 0
5000.00 1508.15 18.718800 44.957824 -233262.628736 5.763256 22.490719 cpx Na0.02Ca0.63Fe''0.25Mg0.96Fe'''0.04Ti0.01Al0.23Si1.87O6 51.0103 0.447023 5.21622 1.30685 8.01927 0 17.6239 16.0839 0.292531 0 0
5000.00 1503.15 21.823907 52.368595 -270809.704430 6.706268 26.210341 cpx Na0.02Ca0.61Fe''0.26Mg0.97Fe'''0.04Ti0.01Al0.22Si1.87O6 50.9725 0.468697 5.14479 1.32803 8.61505 0 17.7227 15.4535 0.294711 0 0

feldspar_0 thermodynamic data and composition:
Pressure Temperature mass S H V Cp formula SiO2 TiO2 Al2O3 Fe2O3 FeO MnO MgO CaO Na2O K2O P2O5
5000.00 1513.15 2.245049 5.602666 -30431.794536 0.843499 2.778033 K0.00Na0.33Ca0.67Al1.67Si2.33O8 51.2077 0 31.2446 0 0 0 0 13.8285 3.69039 0.0288055 0
5000.00 1508.15 6.423092 16.021929 -87079.073384 2.415940 7.946437 K0.00Na0.34Ca0.66Al1.66Si2.34O8 51.6311 0 30.9585 0 0 0 0 13.4937 3.88384 0.0328432 0
5000.00 1503.15 10.360105 25.828756 -140477.723291 3.900877 12.814547 K0.00Na0.36Ca0.64Al1.64Si2.36O8 52.0341 0 30.6861 0 0 0 0 13.1749 4.0676 0.0373744 0
