Title: Gale2013MORB-0

Solid Composition:
Pressure Temperature mass SiO2 TiO2 Al2O3 Fe2O3 FeO MnO MgO CaO Na2O K2O P2O5 
5000.00 1573.15 0.000000 ---
5000.00 1568.15 0.000000 ---
5000.00 1563.15 0.000000 ---
5000.00 1558.15 0.000000 ---
5000.00 1553.15 0.000000 ---
5000.00 1548.15 0.000000 ---
5000.00 1543.15 0.000000 ---
5000.00 1538.15 1.285337 52.0925 0.264696 4.32723 1.04086 6.94985 0 19.0681 16.0303 0.226509 0 0
5000.00 1533.15 4.148298 51.8199 0.300259 4.57715 1.10203 6.8643 0 18.5161 16.5777 0.242537 0 0
5000.00 1528.15 6.910946 51.5779 0.334009 4.80724 1.15697 6.88008 0 18.1111 16.8761 0.256516 0 0
5000.00 1523.15 9.565238 51.3486 0.367939 5.02891 1.20926 6.93908 0 17.7696 17.0668 0.269838 0 0
5000.00 1518.15 12.113902 51.1261 0.402674 5.24565 1.25998 7.0225 0 17.4642 17.196 0.282934 0 0
5000.00 1513.15 17.496013 51.0471 0.373546 8.62938 1.12496 6.44519 0 15.2064 16.443 0.726761 0.00369626 0
5000.00 1508.15 25.141892 51.1689 0.332821 11.7927 0.972984 5.97056 0 13.1215 15.4222 1.21002 0.00839057 0
5000.00 1503.15 32.184012 51.3142 0.317823 13.3666 0.900535 5.84185 0 12.0177 14.72 1.50921 0.0120309 0