Title: Gale2013MORB-1

System Thermodynamic Data:
Pressure Temperature mass F phi S H V dVdP*10^6 dVdT*10^6 Cp logfO2(absolute) logfO2-QFM rhol rhos viscosity aH2O chisqr
5000.00 1573.15 100.144951 1.0000000000000000 1.000000 275.487313 -1187158.426977 36.642018 -184.599996 2461.409795 149.232743 -7.247 0.000 2.733063 0.000000 2.110 0 0.000
5000.00 1568.15 100.145103 1.0000000000000000 1.000000 275.012574 -1187906.766512 36.629837 -184.682585 2461.472676 149.233525 -7.296 0.000 2.733976 0.000000 2.131 0 0.000
5000.00 1563.15 100.145261 1.0000000000000000 1.000000 274.536325 -1188655.191961 36.617660 -184.765330 2461.537811 149.234336 -7.346 0.000 2.734890 0.000000 2.151 0 0.000
5000.00 1558.15 100.145425 1.0000000000000000 1.000000 274.058555 -1189403.704888 36.605487 -184.848236 2461.605233 149.235174 -7.396 0.000 2.735804 0.000000 2.172 0 0.000
5000.00 1553.15 100.145594 1.0000000000000000 1.000000 273.579255 -1190152.306893 36.593318 -184.931307 2461.674976 149.236041 -7.447 0.000 2.736718 0.000000 2.193 0 0.000
5000.00 1548.15 100.145769 1.0000000000000000 1.000000 273.098414 -1190900.999609 36.581153 -185.014549 2461.747074 149.236938 -7.498 0.000 2.737633 0.000000 2.214 0 0.000
5000.00 1543.15 100.145949 1.0000000000000000 1.000000 272.616023 -1191649.784700 36.568992 -185.097967 2461.821562 149.237864 -7.549 0.000 2.738548 0.000000 2.235 0 0.000
5000.00 1538.15 100.146136 1.0000000000000000 1.000000 272.132071 -1192398.663870 36.556835 -185.181566 2461.898477 149.238821 -7.600 0.000 2.739464 0.000000 2.256 0 0.000
5000.00 1533.15 100.145914 0.9718226965469147 0.975984 270.835094 -1194386.181639 36.409535 -182.266275 2433.375868 148.178381 -7.652 0.000 2.738814 3.227124 2.305 0 0.000
5000.00 1528.15 100.145860 0.9438740267392426 0.952033 269.546452 -1196357.579496 36.263517 -179.376552 2404.599458 147.128408 -7.704 0.000 2.737948 3.231350 2.355 0 0.000
5000.00 1523.15 100.145980 0.9171544057484873 0.929017 268.295524 -1198268.154951 36.123619 -176.616913 2376.572657 146.126704 -7.757 0.000 2.736913 3.235630 2.407 0 0.000
5000.00 1518.15 100.146264 0.8915636617738105 0.906869 267.079666 -1200122.098702 35.989383 -173.975260 2349.198858 145.169511 -7.810 0.000 2.735699 3.239960 2.459 0 0.000
5000.00 1513.15 100.146613 0.8636724966033684 0.882138 265.820292 -1202036.914545 35.854417 -170.907327 2317.819812 144.158713 -7.863 0.000 2.734677 3.230752 2.511 0 0.000
5000.00 1508.15 100.145764 0.7951286435466787 0.815485 263.661520 -1205282.714475 35.652545 -161.172848 2229.872646 142.022861 -7.917 0.000 2.738819 3.118835 2.534 0 0.000
5000.00 1503.15 100.144724 0.7306224424337868 0.751975 261.632286 -1208319.268702 35.465235 -151.837870 2146.707477 140.040425 -7.970 0.000 2.743562 3.066840 2.553 0 0.000
5000.00 1498.15 100.143561 0.6701686160834274 0.691788 259.725381 -1211159.903850 35.291564 -142.939470 2068.518003 138.206453 -8.025 0.000 2.748927 3.036648 2.567 0 0.000
5000.00 1493.15 100.142340 0.6138900418828285 0.635203 257.936333 -1213813.721868 35.130846 -134.532785 1995.615556 136.518784 -8.079 0.000 2.754908 3.017095 2.577 0 0.000
5000.00 1488.15 100.141113 0.5617837665701321 0.582359 256.258929 -1216292.087982 34.982201 -126.651413 1928.099257 134.971816 -8.134 0.000 2.761493 3.003656 2.583 0 0.000
5000.00 1483.15 100.139912 0.5136671746809012 0.533191 254.684362 -1218609.776922 34.844513 -119.296081 1865.782457 133.555493 -8.190 0.000 2.768675 2.994105 2.585 0 0.000
5000.00 1478.15 100.138758 0.4691709645487213 0.487423 253.202849 -1220782.672972 34.716513 -112.431679 1808.168507 130.411111 -8.245 0.000 2.776458 2.987183 2.582 0 0.000
5000.00 1473.15 100.137723 0.4274285110230733 0.444256 251.788400 -1222851.376084 34.596461 -105.936782 1753.857651 129.369502 -8.302 0.000 2.784814 2.982091 2.574 0 0.000
5000.00 1468.15 100.136754 0.3888138759969858 0.404137 250.447222 -1224806.440037 34.484007 -99.896060 1703.608824 128.412452 -8.358 0.000 2.793757 2.978537 2.563 0 0.000
5000.00 1463.15 100.135838 0.3529376393757273 0.366716 249.169629 -1226662.555009 34.378201 -94.258347 1656.863343 127.528234 -8.415 0.000 2.803332 2.976145 2.547 0 0.000
5000.00 1458.15 100.134956 0.3194929538222366 0.331715 247.947955 -1228431.252611 34.278322 -88.983542 1613.178124 126.707541 -8.472 0.000 2.813599 2.974659 2.526 0 0.000
5000.00 1453.15 100.134088 0.2882437815294046 0.298922 246.776268 -1230121.338172 34.183854 -84.041110 1572.210910 125.943112 -8.530 0.000 2.824641 2.973896 2.500 0 0.000
5000.00 1448.15 100.133205 0.2590175962532769 0.268182 245.650194 -1231739.146473 34.094468 -79.409170 1533.712425 125.229483 -8.588 0.000 2.836570 2.973713 2.467 0 0.000

Title: Gale2013MORB-1

Liquid Composition:
Pressure Temperature mass SiO2 TiO2 Al2O3 Fe2O3 FeO MnO MgO CaO Na2O K2O P2O5 
5000.00 1573.15 100.144951 51.4035 1.52025 14.6752 1.4447 8.95268 0.166618 7.08442 11.6062 2.83895 0.131398 0.1761
5000.00 1568.15 100.145103 51.4034 1.52024 14.6752 1.44621 8.9513 0.166618 7.08441 11.6062 2.83895 0.131398 0.1761
5000.00 1563.15 100.145261 51.4033 1.52024 14.6752 1.44778 8.94987 0.166617 7.0844 11.6062 2.83895 0.131398 0.1761
5000.00 1558.15 100.145425 51.4032 1.52024 14.6751 1.44941 8.94839 0.166617 7.08439 11.6062 2.83894 0.131398 0.176099
5000.00 1553.15 100.145594 51.4031 1.52024 14.6751 1.45109 8.94686 0.166617 7.08438 11.6062 2.83894 0.131398 0.176099
5000.00 1548.15 100.145769 51.403 1.52023 14.6751 1.45283 8.94527 0.166617 7.08437 11.6061 2.83893 0.131397 0.176099
5000.00 1543.15 100.145949 51.4029 1.52023 14.6751 1.45463 8.94364 0.166616 7.08435 11.6061 2.83893 0.131397 0.176099
5000.00 1538.15 100.146136 51.4028 1.52023 14.675 1.45649 8.94195 0.166616 7.08434 11.6061 2.83892 0.131397 0.176098
5000.00 1533.15 97.324072 51.3999 1.55525 14.9652 1.46062 9.01595 0.171447 6.78959 11.412 2.91364 0.135207 0.181204
5000.00 1528.15 94.525076 51.4091 1.59032 15.258 1.46354 9.08478 0.176524 6.4955 11.205 2.99144 0.13921 0.18657
5000.00 1523.15 91.849327 51.4311 1.62395 15.5422 1.46512 9.14452 0.181666 6.2126 10.9941 3.06949 0.143266 0.192005
5000.00 1518.15 89.286770 51.4661 1.65602 15.8179 1.46537 9.19448 0.18688 5.94013 10.7804 3.14784 0.147378 0.197516
5000.00 1513.15 86.493875 51.5138 1.69269 16.051 1.4681 9.26115 0.192915 5.68249 10.5543 3.22762 0.152051 0.203894
5000.00 1508.15 79.628765 51.547 1.81638 15.822 1.52066 9.67691 0.209547 5.48966 10.2175 3.31514 0.163703 0.221472
5000.00 1503.15 73.167983 51.5488 1.95231 15.5726 1.57471 10.0964 0.22805 5.29092 9.92893 3.39001 0.176233 0.241028
5000.00 1498.15 67.113071 51.5174 2.10127 15.305 1.62996 10.5178 0.248624 5.09032 9.68623 3.45096 0.18963 0.262774
5000.00 1493.15 61.476385 51.452 2.26341 15.0234 1.68579 10.9389 0.27142 4.89269 9.4848 3.49689 0.20382 0.286867
5000.00 1488.15 56.257652 51.3523 2.43879 14.7328 1.74157 11.3574 0.296599 4.70213 9.31931 3.52699 0.218715 0.313478
5000.00 1483.15 51.438586 51.2177 2.62782 14.4372 1.79676 11.7718 0.324386 4.5214 9.18523 3.54069 0.234235 0.342847
5000.00 1478.15 46.982198 51.0476 2.83156 14.1383 1.85109 12.1808 0.355155 4.35123 9.08092 3.53762 0.250347 0.375367
5000.00 1473.15 42.801718 50.8456 3.05076 13.8275 1.90531 12.582 0.389843 4.18537 9.01575 3.51858 0.267243 0.412029
5000.00 1468.15 38.934560 50.6074 3.28649 13.5201 1.95765 12.9742 0.428564 4.03283 8.97354 3.48167 0.284635 0.452954
5000.00 1463.15 35.341706 50.3304 3.54155 13.2155 2.00798 13.3558 0.472132 3.89303 8.95612 3.42597 0.302514 0.499001
5000.00 1458.15 31.992413 50.0111 3.81944 12.9127 2.05617 13.7251 0.521559 3.76561 8.966 3.35017 0.320851 0.551242
5000.00 1453.15 28.863028 49.6445 4.1245 12.6107 2.10209 14.08 0.578108 3.65038 9.00652 3.2526 0.339584 0.611008
5000.00 1448.15 25.936262 49.2241 4.46226 12.308 2.14558 14.4176 0.643344 3.54732 9.08201 3.13116 0.358604 0.679957
Title: Gale2013MORB-1

liquid_0 thermodynamic data and composition:
Pressure Temperature mass S H V Cp viscosity SiO2 TiO2 Al2O3 Fe2O3 FeO MnO MgO CaO Na2O K2O P2O5 Mg#
5000.00 1573.15 100.144951 275.487313 -1187158.426977 36.642018 149.232743 2.110 51.4035 1.52025 14.6752 1.4447 8.95268 0.166618 7.08442 11.6062 2.83895 0.131398 0.1761 58.5
5000.00 1568.15 100.145103 275.012574 -1187906.766512 36.629837 149.233525 2.131 51.4034 1.52024 14.6752 1.44621 8.9513 0.166618 7.08441 11.6062 2.83895 0.131398 0.1761 58.5
5000.00 1563.15 100.145261 274.536325 -1188655.191961 36.617660 149.234336 2.151 51.4033 1.52024 14.6752 1.44778 8.94987 0.166617 7.0844 11.6062 2.83895 0.131398 0.1761 58.5
5000.00 1558.15 100.145425 274.058555 -1189403.704888 36.605487 149.235174 2.172 51.4032 1.52024 14.6751 1.44941 8.94839 0.166617 7.08439 11.6062 2.83894 0.131398 0.176099 58.5
5000.00 1553.15 100.145594 273.579255 -1190152.306893 36.593318 149.236041 2.193 51.4031 1.52024 14.6751 1.45109 8.94686 0.166617 7.08438 11.6062 2.83894 0.131398 0.176099 58.5
5000.00 1548.15 100.145769 273.098414 -1190900.999609 36.581153 149.236938 2.214 51.403 1.52023 14.6751 1.45283 8.94527 0.166617 7.08437 11.6061 2.83893 0.131397 0.176099 58.5
5000.00 1543.15 100.145949 272.616023 -1191649.784700 36.568992 149.237864 2.235 51.4029 1.52023 14.6751 1.45463 8.94364 0.166616 7.08435 11.6061 2.83893 0.131397 0.176099 58.5
5000.00 1538.15 100.146136 272.132071 -1192398.663870 36.556835 149.238821 2.256 51.4028 1.52023 14.675 1.45649 8.94195 0.166616 7.08434 11.6061 2.83892 0.131397 0.176098 58.5
5000.00 1533.15 97.324072 264.030803 -1158902.327753 35.535121 144.787824 2.305 51.3999 1.55525 14.9652 1.46062 9.01595 0.171447 6.78959 11.412 2.91364 0.135207 0.181204 57.3
5000.00 1528.15 94.525076 256.020256 -1125753.491095 34.524063 140.385258 2.355 51.4091 1.59032 15.258 1.46354 9.08478 0.176524 6.4955 11.205 2.99144 0.13921 0.18657 56.0
5000.00 1523.15 91.849327 248.369182 -1094168.637904 33.559466 136.188303 2.407 51.4311 1.62395 15.5422 1.46512 9.14452 0.181666 6.2126 10.9941 3.06949 0.143266 0.192005 54.8
5000.00 1518.15 89.286770 241.048581 -1064024.735816 32.637646 132.180224 2.459 51.4661 1.65602 15.8179 1.46537 9.19448 0.18688 5.94013 10.7804 3.14784 0.147378 0.197516 53.5
5000.00 1513.15 86.493875 233.126646 -1030891.354653 31.628548 127.839275 2.511 51.5138 1.69269 16.051 1.4681 9.26115 0.192915 5.68249 10.5543 3.22762 0.152051 0.203894 52.2
5000.00 1508.15 79.628765 214.210489 -945200.971959 29.074126 117.356868 2.534 51.547 1.81638 15.822 1.52066 9.67691 0.209547 5.48966 10.2175 3.31514 0.163703 0.221472 50.3
5000.00 1503.15 73.167983 196.432074 -864804.818778 26.668969 107.525027 2.553 51.5488 1.95231 15.5726 1.57471 10.0964 0.22805 5.29092 9.92893 3.39001 0.176233 0.241028 48.3
5000.00 1498.15 67.113071 179.794564 -789720.302528 24.414279 98.344153 2.567 51.5174 2.10127 15.305 1.62996 10.5178 0.248624 5.09032 9.68623 3.45096 0.18963 0.262774 46.3
5000.00 1493.15 61.476385 164.329517 -720091.065029 22.315221 89.829993 2.577 51.452 2.26341 15.0234 1.68579 10.9389 0.27142 4.89269 9.4848 3.49689 0.20382 0.286867 44.4
5000.00 1488.15 56.257652 150.033598 -655896.001504 20.372185 81.978267 2.583 51.3523 2.43879 14.7328 1.74157 11.3574 0.296599 4.70213 9.31931 3.52699 0.218715 0.313478 42.5
5000.00 1483.15 51.438586 136.854445 -596886.236708 18.578775 74.757122 2.585 51.2177 2.62782 14.4372 1.79676 11.7718 0.324386 4.5214 9.18523 3.54069 0.234235 0.342847 40.6
5000.00 1478.15 46.982198 124.691672 -542579.227775 16.921633 66.262436 2.582 51.0476 2.83156 14.1383 1.85109 12.1808 0.355155 4.35123 9.08092 3.53762 0.250347 0.375367 38.9
5000.00 1473.15 42.801718 113.311175 -491907.715226 15.369685 60.219350 2.574 50.8456 3.05076 13.8275 1.90531 12.582 0.389843 4.18537 9.01575 3.51858 0.267243 0.412029 37.2
5000.00 1468.15 38.934560 102.805724 -445301.741217 13.936272 54.655157 2.563 50.6074 3.28649 13.5201 1.95765 12.9742 0.428564 4.03283 8.97354 3.48167 0.284635 0.452954 35.7
5000.00 1463.15 35.341706 93.067879 -402260.226503 12.607038 49.509350 2.547 50.3304 3.54155 13.2155 2.00798 13.3558 0.472132 3.89303 8.95612 3.42597 0.302514 0.499001 34.2
5000.00 1458.15 31.992413 84.012708 -362385.149061 11.370638 44.734003 2.526 50.0111 3.81944 12.9127 2.05617 13.7251 0.521559 3.76561 8.966 3.35017 0.320851 0.551242 32.8
5000.00 1453.15 28.863028 75.574483 -325365.540776 10.218299 40.291870 2.500 49.6445 4.1245 12.6107 2.10209 14.08 0.578108 3.65038 9.00652 3.2526 0.339584 0.611008 31.6
5000.00 1448.15 25.936262 67.704592 -290966.982021 9.143529 36.155168 2.467 49.2241 4.46226 12.308 2.14558 14.4176 0.643344 3.54732 9.08201 3.13116 0.358604 0.679957 30.5

feldspar_0 thermodynamic data and composition:
Pressure Temperature mass S H V Cp formula SiO2 TiO2 Al2O3 Fe2O3 FeO MnO MgO CaO Na2O K2O P2O5
5000.00 1513.15 0.263397 0.657299 -3570.407382 0.098958 0.325927 K0.00Na0.32Ca0.67Al1.67Si2.33O8 51.194 0 31.254 0 0 0 0 13.8395 3.68438 0.02818 0
5000.00 1508.15 3.877116 9.670941 -52563.289433 1.458277 4.796633 K0.00Na0.34Ca0.66Al1.66Si2.34O8 51.6226 0 30.9645 0 0 0 0 13.5006 3.88051 0.0318316 0
5000.00 1503.15 7.355366 18.337757 -99735.315916 2.769527 9.098010 K0.00Na0.36Ca0.64Al1.64Si2.36O8 52.0369 0 30.6845 0 0 0 0 13.1729 4.06977 0.0359268 0
5000.00 1498.15 10.674448 26.597529 -144765.715104 4.023415 13.200704 K0.00Na0.37Ca0.62Al1.62Si2.38O8 52.4346 0 30.4156 0 0 0 0 12.8583 4.25104 0.0404943 0
5000.00 1493.15 13.803843 34.373291 -187240.892009 5.208034 17.066948 K0.00Na0.39Ca0.61Al1.61Si2.39O8 52.8144 0 30.1586 0 0 0 0 12.5576 4.42378 0.0455484 0
5000.00 1488.15 16.722893 41.613068 -226880.526623 6.315184 20.671213 K0.00Na0.40Ca0.59Al1.59Si2.41O8 53.1764 0 29.9135 0 0 0 0 12.271 4.58795 0.0510968 0
5000.00 1483.15 19.426005 48.302810 -263608.200610 7.342370 24.006639 K0.00Na0.42Ca0.58Al1.58Si2.42O8 53.5211 0 29.68 0 0 0 0 11.9979 4.74383 0.057148 0
5000.00 1478.15 21.924251 54.470172 -297573.329730 8.293423 27.086977 K0.00Na0.43Ca0.57Al1.57Si2.43O8 53.849 0 29.4577 0 0 0 0 11.738 4.89163 0.0637209 0
5000.00 1473.15 24.264975 60.232715 -329418.032943 9.185900 29.970747 K0.00Na0.44Ca0.56Al1.56Si2.44O8 54.1586 0 29.2475 0 0 0 0 11.4923 5.03066 0.070902 0
5000.00 1468.15 26.408247 65.492215 -358598.591159 10.004522 32.608771 K0.00Na0.45Ca0.54Al1.54Si2.46O8 54.4545 0 29.0464 0 0 0 0 11.2574 5.16299 0.0786399 0
5000.00 1463.15 28.375508 70.302504 -385404.879191 10.757167 35.027636 K0.00Na0.46Ca0.53Al1.53Si2.47O8 54.7369 0 28.8544 0 0 0 0 11.033 5.28871 0.0869593 0
5000.00 1458.15 30.184315 74.707705 -410074.179176 11.450270 37.249109 K0.01Na0.47Ca0.52Al1.52Si2.48O8 55.0058 0 28.6713 0 0 0 0 10.8192 5.40782 0.0958807 0
5000.00 1453.15 31.849047 78.743982 -432800.836854 12.089086 39.291021 K0.01Na0.48Ca0.51Al1.51Si2.49O8 55.2609 0 28.4973 0 0 0 0 10.6162 5.52021 0.105418 0
5000.00 1448.15 33.381432 82.440831 -453743.371847 12.677876 41.167912 K0.01Na0.49Ca0.50Al1.50Si2.50O8 55.5017 0 28.3328 0 0 0 0 10.4243 5.62562 0.115574 0

clinopyroxene_1 thermodynamic data and composition:
Pressure Temperature mass S H V Cp structure formula SiO2 TiO2 Al2O3 Fe2O3 FeO MnO MgO CaO Na2O K2O P2O5
5000.00 1478.15 0.178101 0.426762 -2119.762741 0.053883 0.214071 cpx Na0.02Ca0.34Fe''0.45Mg1.07Fe'''0.04Ti0.01Al0.19Si1.88O6 51.0136 0.345728 4.39263 1.35482 14.5618 0 19.4085 8.70826 0.214583 0 0
5000.00 1473.15 2.188503 5.231515 -25936.884707 0.660688 2.624657 cpx Na0.02Ca0.34Fe''0.47Mg1.06Fe'''0.04Ti0.01Al0.19Si1.88O6 50.8918 0.362504 4.36514 1.38644 15.0647 0 19.1571 8.55546 0.216844 0 0
5000.00 1468.15 4.041112 9.636940 -47687.817296 1.217352 4.835752 cpx Na0.02Ca0.33Fe''0.48Mg1.05Fe'''0.04Ti0.01Al0.19Si1.88O6 50.7717 0.378533 4.33664 1.41649 15.5718 0 18.9104 8.3958 0.218567 0 0
5000.00 1463.15 5.755220 13.691580 -67623.188032 1.729991 6.871741 cpx Na0.02Ca0.33Fe''0.50Mg1.03Fe'''0.04Ti0.01Al0.19Si1.88O6 50.6538 0.393707 4.30691 1.44473 16.0818 0 18.6679 8.23135 0.219763 0 0
5000.00 1458.15 7.348481 17.439643 -85971.978638 2.204195 8.754859 cpx Na0.02Ca0.32Fe''0.52Mg1.02Fe'''0.04Ti0.01Al0.19Si1.88O6 50.5386 0.407894 4.27563 1.47085 16.5929 0 18.4296 8.06401 0.220439 0 0
5000.00 1453.15 8.836224 20.919437 -102933.963610 2.644825 10.504413 cpx Na0.02Ca0.32Fe''0.53Mg1.01Fe'''0.04Ti0.01Al0.19Si1.88O6 50.4271 0.420929 4.24244 1.49445 17.1031 0 18.1958 7.89553 0.220592 0 0
5000.00 1448.15 10.230991 24.162370 -118675.212075 3.055891 12.136292 cpx Na0.02Ca0.31Fe''0.55Mg1.00Fe'''0.04Ti0.01Al0.19Si1.88O6 50.3202 0.432614 4.20688 1.51502 17.6101 0 17.9673 7.72765 0.220211 0 0

clinopyroxene_0 thermodynamic data and composition:
Pressure Temperature mass S H V Cp structure formula SiO2 TiO2 Al2O3 Fe2O3 FeO MnO MgO CaO Na2O K2O P2O5
5000.00 1533.15 2.821842 6.804291 -35483.853886 0.874414 3.390557 cpx Na0.02Ca0.72Fe''0.20Mg0.94Fe'''0.03Ti0.01Al0.20Si1.88O6 51.5099 0.31233 4.66679 1.23548 6.46093 0 17.2507 18.3018 0.262046 0 0
5000.00 1528.15 5.620784 13.526196 -70604.088401 1.739454 6.743150 cpx Na0.02Ca0.72Fe''0.20Mg0.93Fe'''0.04Ti0.01Al0.21Si1.88O6 51.2996 0.341503 4.87179 1.289 6.5845 0 16.9872 18.3522 0.274171 0 0
5000.00 1523.15 8.296653 19.926342 -104099.517047 2.564154 9.938401 cpx Na0.02Ca0.72Fe''0.21Mg0.91Fe'''0.04Ti0.01Al0.22Si1.87O6 51.0906 0.371969 5.07543 1.34224 6.71639 0 16.7352 18.3817 0.286468 0 0
5000.00 1518.15 10.859494 26.031085 -136097.362887 3.351737 12.989288 cpx Na0.02Ca0.72Fe''0.21Mg0.90Fe'''0.04Ti0.01Al0.23Si1.87O6 50.8825 0.403757 5.27778 1.39523 6.85494 0 16.4919 18.3949 0.298969 0 0
5000.00 1513.15 13.389341 32.036347 -167575.152510 4.126911 15.993511 cpx Na0.02Ca0.72Fe''0.22Mg0.89Fe'''0.04Ti0.01Al0.24Si1.86O6 50.6886 0.435984 5.45944 1.44561 7.02354 0 16.2793 18.3564 0.311247 0 0
5000.00 1508.15 16.639882 39.780091 -207518.453084 5.120142 19.869360 cpx Na0.02Ca0.70Fe''0.23Mg0.90Fe'''0.04Ti0.01Al0.23Si1.86O6 50.6629 0.457268 5.39129 1.46648 7.52861 0 16.3664 17.8097 0.317362 0 0
5000.00 1503.15 19.621376 46.862455 -243779.134009 6.026739 23.417388 cpx Na0.02Ca0.68Fe''0.25Mg0.90Fe'''0.04Ti0.01Al0.23Si1.86O6 50.6247 0.478998 5.32749 1.48989 8.05428 0 16.4282 17.2737 0.322729 0 0
5000.00 1498.15 22.356041 53.333288 -276673.886218 6.853870 26.661596 cpx Na0.02Ca0.66Fe''0.26Mg0.90Fe'''0.04Ti0.01Al0.23Si1.86O6 50.5723 0.501989 5.2697 1.51637 8.58519 0 16.4538 16.773 0.327657 0 0
5000.00 1493.15 24.862112 59.233526 -306481.764830 7.607592 29.621843 cpx Na0.02Ca0.64Fe''0.28Mg0.90Fe'''0.04Ti0.01Al0.23Si1.86O6 50.5053 0.52686 5.21903 1.54599 9.10742 0 16.4381 16.3249 0.332459 0 0
5000.00 1488.15 27.160569 64.612264 -333515.559855 8.294832 32.322335 cpx Na0.02Ca0.63Fe''0.30Mg0.90Fe'''0.04Ti0.02Al0.23Si1.86O6 50.4251 0.553917 5.17572 1.57845 9.61223 0 16.3818 15.9355 0.337354 0 0
5000.00 1483.15 29.275321 69.527106 -358115.339605 8.923368 34.791732 cpx Na0.02Ca0.62Fe''0.31Mg0.90Fe'''0.04Ti0.02Al0.22Si1.86O6 50.3335 0.583207 5.1393 1.61319 10.0962 0 16.29 15.6022 0.34244 0 0
5000.00 1478.15 31.054208 73.614243 -378510.352728 9.447574 36.847626 cpx Na0.03Ca0.61Fe''0.33Mg0.89Fe'''0.05Ti0.02Al0.22Si1.86O6 50.2278 0.616681 5.11288 1.65156 10.5382 0 16.1518 15.3527 0.34837 0 0
5000.00 1473.15 30.882527 73.012995 -375588.743207 9.380189 36.554749 cpx Na0.03Ca0.62Fe''0.33Mg0.88Fe'''0.05Ti0.02Al0.22Si1.86O6 50.0601 0.675914 5.13434 1.7123 10.7361 0 15.8149 15.5049 0.361443 0 0
5000.00 1468.15 30.752835 72.512343 -373218.290366 9.325861 36.312772 cpx Na0.03Ca0.62Fe''0.34Mg0.86Fe'''0.05Ti0.02Al0.23Si1.85O6 49.888 0.740013 5.15909 1.77394 10.9212 0 15.4793 15.6639 0.374627 0 0
5000.00 1463.15 30.663403 72.107665 -371374.261283 9.284006 36.119507 cpx Na0.03Ca0.63Fe''0.35Mg0.84Fe'''0.05Ti0.02Al0.23Si1.85O6 49.7114 0.809261 5.18682 1.83615 11.094 0 15.1466 15.828 0.387855 0 0
5000.00 1458.15 30.609747 71.787898 -369999.945736 9.253219 35.969571 cpx Na0.03Ca0.64Fe''0.35Mg0.82Fe'''0.05Ti0.02Al0.23Si1.85O6 49.5308 0.883859 5.21717 1.89849 11.2549 0 14.8178 15.9959 0.401037 0 0
5000.00 1453.15 30.585789 71.538366 -369020.996933 9.231644 35.855807 cpx Na0.03Ca0.65Fe''0.36Mg0.81Fe'''0.06Ti0.03Al0.23Si1.84O6 49.3469 0.963854 5.24962 1.96034 11.4041 0 14.4945 16.1666 0.414057 0 0
5000.00 1448.15 30.584521 71.342401 -368353.580530 9.217171 35.770111 cpx Na0.03Ca0.66Fe''0.36Mg0.79Fe'''0.06Ti0.03Al0.23Si1.84O6 49.1607 1.04905 5.28348 2.02085 11.542 0 14.1785 16.3387 0.426757 0 0

Title: Gale2013MORB-1

Phase Masses:
Pressure Temperature mass liquid_0 clinopyroxene_0 clinopyroxene_1 feldspar_0 
5000.00 1573.15 100.144951 100.144951 0.000000 0.000000 0.000000 
5000.00 1568.15 100.145103 100.145103 0.000000 0.000000 0.000000 
5000.00 1563.15 100.145261 100.145261 0.000000 0.000000 0.000000 
5000.00 1558.15 100.145425 100.145425 0.000000 0.000000 0.000000 
5000.00 1553.15 100.145594 100.145594 0.000000 0.000000 0.000000 
5000.00 1548.15 100.145769 100.145769 0.000000 0.000000 0.000000 
5000.00 1543.15 100.145949 100.145949 0.000000 0.000000 0.000000 
5000.00 1538.15 100.146136 100.146136 0.000000 0.000000 0.000000 
5000.00 1533.15 100.145914 97.324072 2.821842 0.000000 0.000000 
5000.00 1528.15 100.145860 94.525076 5.620784 0.000000 0.000000 
5000.00 1523.15 100.145980 91.849327 8.296653 0.000000 0.000000 
5000.00 1518.15 100.146264 89.286770 10.859494 0.000000 0.000000 
5000.00 1513.15 100.146613 86.493875 13.389341 0.000000 0.263397 
5000.00 1508.15 100.145764 79.628765 16.639882 0.000000 3.877116 
5000.00 1503.15 100.144724 73.167983 19.621376 0.000000 7.355366 
5000.00 1498.15 100.143561 67.113071 22.356041 0.000000 10.674448 
5000.00 1493.15 100.142340 61.476385 24.862112 0.000000 13.803843 
5000.00 1488.15 100.141113 56.257652 27.160569 0.000000 16.722893 
5000.00 1483.15 100.139912 51.438586 29.275321 0.000000 19.426005 
5000.00 1478.15 100.138758 46.982198 31.054208 0.178101 21.924251 
5000.00 1473.15 100.137723 42.801718 30.882527 2.188503 24.264975 
5000.00 1468.15 100.136754 38.934560 30.752835 4.041112 26.408247 
5000.00 1463.15 100.135838 35.341706 30.663403 5.755220 28.375508 
5000.00 1458.15 100.134956 31.992413 30.609747 7.348481 30.184315 
5000.00 1453.15 100.134088 28.863028 30.585789 8.836224 31.849047 

Title: Gale2013MORB-1

Phase Volumes:
Pressure Temperature mass V liquid_0 clinopyroxene_0 clinopyroxene_1 feldspar_0 
5000.00 1573.15 100.144951 36.642018 36.642018 0.000000 0.000000 0.000000 
5000.00 1568.15 100.145103 36.629837 36.629837 0.000000 0.000000 0.000000 
5000.00 1563.15 100.145261 36.617660 36.617660 0.000000 0.000000 0.000000 
5000.00 1558.15 100.145425 36.605487 36.605487 0.000000 0.000000 0.000000 
5000.00 1553.15 100.145594 36.593318 36.593318 0.000000 0.000000 0.000000 
5000.00 1548.15 100.145769 36.581153 36.581153 0.000000 0.000000 0.000000 
5000.00 1543.15 100.145949 36.568992 36.568992 0.000000 0.000000 0.000000 
5000.00 1538.15 100.146136 36.556835 36.556835 0.000000 0.000000 0.000000 
5000.00 1533.15 100.145914 36.409535 35.535121 0.874414 0.000000 0.000000 
5000.00 1528.15 100.145860 36.263517 34.524063 1.739454 0.000000 0.000000 
5000.00 1523.15 100.145980 36.123619 33.559466 2.564154 0.000000 0.000000 
5000.00 1518.15 100.146264 35.989383 32.637646 3.351737 0.000000 0.000000 
5000.00 1513.15 100.146613 35.854417 31.628548 4.126911 0.000000 0.098958 
5000.00 1508.15 100.145764 35.652545 29.074126 5.120142 0.000000 1.458277 
5000.00 1503.15 100.144724 35.465235 26.668969 6.026739 0.000000 2.769527 
5000.00 1498.15 100.143561 35.291564 24.414279 6.853870 0.000000 4.023415 
5000.00 1493.15 100.142340 35.130846 22.315221 7.607592 0.000000 5.208034 
5000.00 1488.15 100.141113 34.982201 20.372185 8.294832 0.000000 6.315184 
5000.00 1483.15 100.139912 34.844513 18.578775 8.923368 0.000000 7.342370 
5000.00 1478.15 100.138758 34.716513 16.921633 9.447574 0.053883 8.293423 
5000.00 1473.15 100.137723 34.596461 15.369685 9.380189 0.660688 9.185900 
5000.00 1468.15 100.136754 34.484007 13.936272 9.325861 1.217352 10.004522 
5000.00 1463.15 100.135838 34.378201 12.607038 9.284006 1.729991 10.757167 
5000.00 1458.15 100.134956 34.278322 11.370638 9.253219 2.204195 11.450270 
5000.00 1453.15 100.134088 34.183854 10.218299 9.231644 2.644825 12.089086 

Title: Gale2013MORB-1

Solid Composition:
Pressure Temperature mass SiO2 TiO2 Al2O3 Fe2O3 FeO MnO MgO CaO Na2O K2O P2O5 
5000.00 1573.15 0.000000 ---
5000.00 1568.15 0.000000 ---
5000.00 1563.15 0.000000 ---
5000.00 1558.15 0.000000 ---
5000.00 1553.15 0.000000 ---
5000.00 1548.15 0.000000 ---
5000.00 1543.15 0.000000 ---
5000.00 1538.15 0.000000 ---
5000.00 1533.15 2.821842 51.5099 0.31233 4.66679 1.23548 6.46093 0 17.2507 18.3018 0.262046 0 0
5000.00 1528.15 5.620784 51.2996 0.341503 4.87179 1.289 6.5845 0 16.9872 18.3522 0.274171 0 0
5000.00 1523.15 8.296653 51.0906 0.371969 5.07543 1.34224 6.71639 0 16.7352 18.3817 0.286468 0 0
5000.00 1518.15 10.859494 50.8825 0.403757 5.27778 1.39523 6.85494 0 16.4919 18.3949 0.298969 0 0
5000.00 1513.15 13.652738 50.6983 0.427572 5.95708 1.41772 6.88803 0 15.9652 18.2692 0.376324 0.000543667 0
5000.00 1508.15 20.516998 50.8442 0.370857 10.2239 1.18936 6.10592 0 13.2736 16.9954 0.990693 0.00601524 0
5000.00 1503.15 26.976741 51.0098 0.348396 12.2412 1.08366 5.85823 0 11.9489 16.1556 1.34438 0.00979566 0
5000.00 1498.15 33.030489 51.1741 0.339762 13.3961 1.02632 5.81072 0 11.1364 15.5079 1.59558 0.0130865 0
5000.00 1493.15 38.665955 51.3297 0.33877 14.1225 0.994068 5.85605 0 10.5696 14.9799 1.79307 0.0162609 0
5000.00 1488.15 43.883461 51.4735 0.342833 14.6027 0.976939 5.94925 0 10.1391 14.539 1.95715 0.0194717 0
5000.00 1483.15 48.701326 51.605 0.350577 14.9281 0.969718 6.06901 0 9.79224 14.1645 2.09807 0.0227952 0
5000.00 1478.15 53.156560 51.7239 0.361425 15.1514 0.969384 6.20524 0 9.50097 13.8396 2.22177 0.0262815 0
5000.00 1473.15 57.336005 51.8264 0.3779 15.3098 0.975206 6.35772 0 9.24948 13.5415 2.33197 0.0300062 0
5000.00 1468.15 61.202195 51.9168 0.396835 15.412 0.984896 6.51585 0 9.02669 13.2826 2.43046 0.0339325 0
5000.00 1463.15 64.794131 51.996 0.417948 15.4735 0.997272 6.67859 0 8.82615 13.0534 2.51917 0.0380824 0
5000.00 1458.15 68.142543 52.0647 0.441018 15.5048 1.01142 6.84509 0 8.64362 12.8475 2.59936 0.0424712 0
5000.00 1453.15 71.271060 52.1236 0.465822 15.5135 1.02656 7.01451 0 8.47621 12.6608 2.67187 0.0471084 0
Title: Gale2013MORB-1

Bulk Composition:
Pressure Temperature mass SiO2 TiO2 Al2O3 Fe2O3 FeO MnO MgO CaO Na2O K2O P2O5 
5000.00 1573.15 100.144951 51.4035 1.52025 14.6752 1.4447 8.95268 0.166618 7.08442 11.6062 2.83895 0.131398 0.1761
5000.00 1568.15 100.145103 51.4034 1.52024 14.6752 1.44621 8.9513 0.166618 7.08441 11.6062 2.83895 0.131398 0.1761
5000.00 1563.15 100.145261 51.4033 1.52024 14.6752 1.44778 8.94987 0.166617 7.0844 11.6062 2.83895 0.131398 0.1761
5000.00 1558.15 100.145425 51.4032 1.52024 14.6751 1.44941 8.94839 0.166617 7.08439 11.6062 2.83894 0.131398 0.176099
5000.00 1553.15 100.145594 51.4031 1.52024 14.6751 1.45109 8.94686 0.166617 7.08438 11.6062 2.83894 0.131398 0.176099
5000.00 1548.15 100.145769 51.403 1.52023 14.6751 1.45283 8.94527 0.166617 7.08437 11.6061 2.83893 0.131397 0.176099
5000.00 1543.15 100.145949 51.4029 1.52023 14.6751 1.45463 8.94364 0.166616 7.08435 11.6061 2.83893 0.131397 0.176099
5000.00 1538.15 100.146136 51.4028 1.52023 14.675 1.45649 8.94195 0.166616 7.08434 11.6061 2.83892 0.131397 0.176098
5000.00 1533.15 100.145914 51.403 1.52023 14.6751 1.45428 8.94396 0.166616 7.08436 11.6061 2.83893 0.131397 0.176099
5000.00 1528.15 100.145860 51.403 1.52023 14.6751 1.45374 8.94445 0.166616 7.08436 11.6061 2.83893 0.131397 0.176099
5000.00 1523.15 100.145980 51.4029 1.52023 14.675 1.45494 8.94336 0.166616 7.08435 11.6061 2.83893 0.131397 0.176098
5000.00 1518.15 100.146264 51.4028 1.52023 14.675 1.45776 8.94079 0.166616 7.08433 11.6061 2.83892 0.131397 0.176098
5000.00 1513.15 100.146613 51.4026 1.52022 14.675 1.46123 8.93763 0.166615 7.08431 11.606 2.83891 0.131396 0.176097
5000.00 1508.15 100.145764 51.403 1.52023 14.6751 1.45278 8.94532 0.166617 7.08437 11.6061 2.83893 0.131397 0.176099
5000.00 1503.15 100.144724 51.4036 1.52025 14.6752 1.44244 8.95474 0.166618 7.08444 11.6063 2.83896 0.131399 0.176101
5000.00 1498.15 100.143561 51.4042 1.52027 14.6754 1.43086 8.96527 0.16662 7.08452 11.6064 2.83899 0.1314 0.176103
5000.00 1493.15 100.142340 51.4048 1.52029 14.6756 1.41871 8.97633 0.166622 7.08461 11.6065 2.83903 0.131402 0.176105
5000.00 1488.15 100.141113 51.4054 1.52031 14.6758 1.4065 8.98744 0.166624 7.0847 11.6067 2.83906 0.131403 0.176107
5000.00 1483.15 100.139912 51.406 1.52032 14.6759 1.39454 8.99832 0.166626 7.08478 11.6068 2.8391 0.131405 0.176109
5000.00 1478.15 100.138758 51.4066 1.52034 14.6761 1.38305 9.00878 0.166628 7.08486 11.6069 2.83913 0.131406 0.176111
5000.00 1473.15 100.137723 51.4072 1.52036 14.6763 1.37276 9.01815 0.16663 7.08494 11.6071 2.83916 0.131408 0.176113
5000.00 1468.15 100.136754 51.4077 1.52037 14.6764 1.36312 9.02693 0.166632 7.085 11.6072 2.83919 0.131409 0.176115
5000.00 1463.15 100.135838 51.4081 1.52039 14.6765 1.35399 9.03523 0.166633 7.08507 11.6073 2.83921 0.13141 0.176116
5000.00 1458.15 100.134956 51.4086 1.5204 14.6767 1.34521 9.04322 0.166635 7.08513 11.6074 2.83924 0.131411 0.176118
5000.00 1453.15 100.134088 51.409 1.52041 14.6768 1.33657 9.05108 0.166636 7.08519 11.6075 2.83926 0.131413 0.176119
