Title: Gale2013MORB-1

Liquid Composition:
Pressure Temperature mass SiO2 TiO2 Al2O3 Fe2O3 FeO MnO MgO CaO Na2O K2O P2O5 
5000.00 1573.15 100.136801 51.8281 1.48882 14.1913 1.36356 8.45575 0.179543 8.09821 11.3699 2.72463 0.146318 0.153866
5000.00 1568.15 100.136945 51.828 1.48882 14.1913 1.36499 8.45445 0.179543 8.09819 11.3699 2.72463 0.146318 0.153866
5000.00 1563.15 100.137094 51.8279 1.48881 14.1913 1.36648 8.4531 0.179542 8.09818 11.3699 2.72462 0.146318 0.153866
5000.00 1558.15 100.137248 51.8279 1.48881 14.1913 1.36801 8.45171 0.179542 8.09817 11.3699 2.72462 0.146317 0.153865
5000.00 1553.15 100.137408 51.8278 1.48881 14.1912 1.3696 8.45026 0.179542 8.09816 11.3698 2.72461 0.146317 0.153865
5000.00 1548.15 99.162080 51.8118 1.50217 14.2987 1.37195 8.43841 0.181308 7.93846 11.4038 2.75022 0.147756 0.155378
5000.00 1543.15 96.920486 51.7957 1.53234 14.5401 1.37459 8.45593 0.185501 7.65348 11.343 2.80922 0.151174 0.158972
5000.00 1538.15 94.042404 51.797 1.5706 14.8482 1.37712 8.51568 0.191178 7.34539 11.148 2.88726 0.1558 0.163837
5000.00 1533.15 91.302564 51.8083 1.60772 15.1486 1.37838 8.55993 0.196915 7.03721 10.968 2.9657 0.160475 0.168754
5000.00 1528.15 88.659704 51.8326 1.64391 15.4436 1.37831 8.59614 0.202785 6.73822 10.7802 3.04521 0.165259 0.173784
5000.00 1523.15 86.117165 51.8701 1.67888 15.7319 1.3769 8.62343 0.208772 6.44917 10.5863 3.12553 0.170138 0.178915
5000.00 1518.15 83.672928 51.921 1.71242 16.0131 1.37412 8.64091 0.214871 6.16996 10.3879 3.20653 0.175108 0.184141
5000.00 1513.15 81.322840 51.9857 1.74435 16.2868 1.36997 8.64783 0.22108 5.9003 10.1862 3.28815 0.180169 0.189463
5000.00 1508.15 75.651346 52.0514 1.8528 16.2145 1.40125 8.88048 0.237654 5.64678 9.93719 3.38194 0.192397 0.203667
5000.00 1503.15 68.583804 52.0855 2.01706 15.9314 1.45366 9.24101 0.262144 5.40214 9.70351 3.46928 0.209643 0.224654
5000.00 1498.15 62.180972 52.0866 2.19411 15.6373 1.50564 9.59322 0.289138 5.16825 9.51074 3.53933 0.227895 0.247787
5000.00 1493.15 56.343385 52.0568 2.38358 15.3279 1.55766 9.93731 0.319094 4.94226 9.36267 3.59202 0.247228 0.27346
5000.00 1488.15 51.095536 51.9962 2.58396 15.0246 1.60754 10.2696 0.351867 4.73445 9.2363 3.62665 0.267324 0.301546
5000.00 1483.15 46.342108 51.9045 2.79676 14.7274 1.65518 10.5893 0.387959 4.54334 9.13177 3.64313 0.288232 0.332476
5000.00 1478.15 42.009119 51.7812 3.02373 14.436 1.70046 10.8954 0.427975 4.36764 9.04963 3.64114 0.310001 0.366769
5000.00 1473.15 38.037169 51.6253 3.26701 14.1503 1.74323 11.1865 0.472666 4.20631 8.99092 3.62008 0.332681 0.405068
5000.00 1468.15 34.381152 51.4354 3.52903 13.8698 1.78325 11.4604 0.522928 4.0585 8.95714 3.57906 0.35631 0.448142
5000.00 1463.15 31.006573 51.2097 3.81261 13.5942 1.82026 11.7147 0.57984 3.92354 8.95033 3.51694 0.380903 0.496916
5000.00 1458.15 27.887344 50.9458 4.12109 13.3232 1.85391 11.946 0.644696 3.80091 8.97313 3.43233 0.406451 0.552496
5000.00 1453.15 25.004664 50.6405 4.45842 13.056 1.88383 12.1506 0.71902 3.6902 9.02875 3.32364 0.432899 0.616191
5000.00 1448.15 22.346199 50.2898 4.82924 12.7919 1.90963 12.324 0.80456 3.59107 9.12092 3.18926 0.46012 0.689498
5000.00 1443.15 19.905306 49.889 5.23885 12.5299 1.93089 12.4615 0.903219 3.50321 9.25363 3.02788 0.487887 0.774048
5000.00 1438.15 17.680023 49.4327 5.69301 12.269 1.94728 12.5581 1.0169 3.42618 9.43056 2.83899 0.515831 0.871472
5000.00 1433.15 15.661075 48.9289 6.19905 12.0119 1.95805 12.6111 1.148 3.35775 9.64338 2.62468 0.543659 0.9735
5000.00 1428.15 13.805826 48.4588 6.76833 11.7839 1.95936 12.6227 1.30227 3.28781 9.82633 2.39534 0.572176 1.02295
5000.00 1423.15 12.193459 47.954 7.38394 11.5632 1.954 12.5743 1.47447 3.22312 10.0399 2.15347 0.599122 1.08058
5000.00 1418.15 10.816398 47.4338 8.03351 11.3534 1.94192 12.4627 1.66219 3.16039 10.272 1.91078 0.623964 1.14544
5000.00 1413.15 9.657736 46.9278 8.69629 11.1603 1.923 12.2864 1.8616 3.09609 10.5064 1.68012 0.646574 1.21552
5000.00 1408.15 8.692025 46.4702 9.34641 10.9901 1.89706 12.0466 2.06843 3.02739 10.7262 1.47215 0.667292 1.28816
5000.00 1403.15 7.889025 46.0911 9.95873 10.8478 1.86409 11.7481 2.27897 2.9529 10.918 1.29286 0.686769 1.36067
5000.00 1398.15 6.832540 47.3099 9.62747 11.0817 1.73697 10.821 2.56195 2.76613 10.6918 1.30184 0.744464 1.35668
5000.00 1393.15 5.846042 49.0332 8.96667 11.3928 1.5854 9.76515 2.86603 2.56154 10.3248 1.36271 0.813534 1.32819
5000.00 1388.15 5.087603 50.4142 8.47058 11.5982 1.4596 8.90723 3.14706 2.39696 10.0352 1.38454 0.871616 1.31485
5000.00 1383.15 4.480505 51.5849 8.06744 11.7404 1.35144 8.18359 3.40745 2.25843 9.79047 1.38452 0.921896 1.30945
5000.00 1378.15 3.980196 52.6181 7.72066 11.8417 1.25624 7.55725 3.64843 2.13797 9.57297 1.37201 0.966343 1.30836
5000.00 1373.15 3.558672 53.5557 7.41071 11.9144 1.17114 7.00539 3.87072 2.03079 9.37311 1.35221 1.00624 1.30963
5000.00 1368.15 3.195731 54.4387 7.12379 11.9688 1.09379 6.51209 4.07536 1.93312 9.17696 1.32899 1.04275 1.30561
5000.00 1363.15 2.880163 55.2703 6.85613 12.0067 1.02332 6.06763 4.26189 1.84365 8.98911 1.30323 1.07627 1.30173
5000.00 1358.15 2.602619 56.0623 6.60342 12.0314 0.958733 5.66401 4.43045 1.76093 8.8076 1.27607 1.10732 1.29776
5000.00 1353.15 2.356164 56.8238 6.36282 12.0451 0.89923 5.29517 4.58114 1.68384 8.63098 1.24825 1.13631 1.29341
5000.00 1348.15 2.135555 57.5612 6.13243 12.0495 0.84419 4.95637 4.71405 1.61159 8.45828 1.22026 1.16359 1.28851
5000.00 1343.15 1.936759 58.2797 5.91094 12.046 0.79311 4.64383 4.82929 1.54353 8.28884 1.19239 1.18943 1.28294
5000.00 1338.15 1.756614 58.9829 5.69748 12.0355 0.745579 4.35451 4.92703 1.47919 8.12223 1.16484 1.21406 1.27666
5000.00 1333.15 1.592608 59.6738 5.49143 12.0188 0.701255 4.08592 5.00748 1.41816 7.95815 1.13773 1.23766 1.26962
5000.00 1328.15 1.442717 60.3543 5.29239 11.9966 0.659849 3.836 5.07096 1.36016 7.79644 1.11113 1.2604 1.26185
5000.00 1323.15 1.305289 61.0259 5.10008 11.9693 0.621118 3.60301 5.11789 1.30491 7.637 1.08505 1.28239 1.25337
5000.00 1318.15 1.178957 61.6896 4.91432 11.9375 0.584851 3.38548 5.14882 1.25224 7.47982 1.05949 1.30373 1.24423
5000.00 1313.15 1.048193 63.2965 4.61801 11.8689 0.529644 3.05396 4.65656 1.16497 7.19985 1.07038 1.36187 1.17942
5000.00 1308.15 0.943393 64.1133 4.43386 11.8169 0.495461 2.85034 4.55128 1.11216 7.02783 1.05024 1.38897 1.15968
5000.00 1303.15 0.848244 64.8839 4.26224 11.762 0.464337 2.66544 4.45027 1.06332 6.86373 1.02877 1.4141 1.14182
5000.00 1298.15 0.761448 65.614 4.10145 11.7051 0.435873 2.49671 4.35293 1.01792 6.70663 1.00633 1.43748 1.12558
5000.00 1293.15 0.681941 66.308 3.95012 11.6466 0.40974 2.34208 4.25882 0.975581 6.5558 0.983224 1.4593 1.11075
5000.00 1288.15 0.608838 66.9695 3.80718 11.587 0.385668 2.19985 4.16759 0.935954 6.41064 0.959654 1.47972 1.09718
5000.00 1283.15 0.541397 67.6017 3.67174 11.5267 0.363429 2.0686 4.07896 0.89876 6.27068 0.9358 1.49888 1.08475
5000.00 1278.15 0.000000 ---
5000.00 1273.15 0.000000 ---
5000.00 1268.15 0.000000 ---
5000.00 1263.15 0.000000 ---
5000.00 1258.15 0.000000 ---
5000.00 1253.15 0.000000 ---
5000.00 1248.15 0.000000 ---
5000.00 1243.15 0.000000 ---
5000.00 1238.15 0.000000 ---
5000.00 1233.15 0.000000 ---
5000.00 1228.15 0.000000 ---
5000.00 1223.15 0.000000 ---
5000.00 1218.15 0.000000 ---
5000.00 1213.15 0.000000 ---
5000.00 1208.15 0.000000 ---
5000.00 1203.15 0.000000 ---
5000.00 1198.15 0.000000 ---
5000.00 1193.15 0.000000 ---
5000.00 1188.15 0.000000 ---
5000.00 1183.15 0.000000 ---
5000.00 1178.15 0.000000 ---
5000.00 1173.15 0.000000 ---
5000.00 1168.15 0.000000 ---
5000.00 1163.15 0.000000 ---
5000.00 1158.15 0.357962 1.99488 0.301371 0.00838153 0.0128606 0.00797578 2.36458 1.22189 51.0388 8.49518e-006 0.00653266 43.0427
5000.00 1153.15 0.357530 1.95993 0.288518 0.00812108 0.0125006 0.00767015 2.31441 1.20841 51.0993 7.96164e-006 0.00637877 43.0948
5000.00 1148.15 0.357070 1.92229 0.275586 0.00785629 0.0121892 0.00739687 2.26148 1.19274 51.1639 7.58509e-006 0.00622431 43.1503
5000.00 1143.15 0.356628 1.88604 0.26333 0.00760273 0.0118883 0.00713489 2.21019 1.17777 51.2262 7.22332e-006 0.0060726 43.2037
5000.00 1138.15 0.356203 1.85111 0.251703 0.0073596 0.0115975 0.00688375 2.16046 1.16347 51.2862 6.87568e-006 0.00592361 43.2553
5000.00 1133.15 0.355828 1.82119 0.239275 0.00713819 0.0112704 0.00661783 2.11607 1.1526 51.3393 6.39385e-006 0.00577936 43.3008
5000.00 1128.15 0.355491 1.79493 0.226471 0.00693441 0.0109246 0.00634703 2.07566 1.14418 51.387 5.84425e-006 0.00564057 43.3419
5000.00 1123.15 0.355164 1.76937 0.214335 0.00673851 0.0105959 0.00609062 2.03618 1.13599 51.4334 5.33882e-006 0.00550584 43.3818
5000.00 1118.15 0.354847 1.74449 0.20283 0.00655003 0.0102833 0.00584771 1.99759 1.12803 51.4785 4.87497e-006 0.00537498 43.4205
5000.00 1113.15 0.354540 1.72026 0.191922 0.00636854 0.00998599 0.00561743 1.95986 1.12031 51.5223 4.44941e-006 0.00524782 43.4581
5000.00 1108.15 0.354242 1.69666 0.18158 0.00619364 0.00970309 0.00539903 1.92295 1.11281 51.5649 4.05909e-006 0.00512418 43.4947
5000.00 1103.15 0.353953 1.67368 0.171772 0.00602496 0.00943385 0.00519177 1.88683 1.10554 51.6063 3.70118e-006 0.0050039 43.5302
5000.00 1098.15 0.353672 1.65129 0.16247 0.00586217 0.00917756 0.004995 1.85148 1.0985 51.6466 3.37311e-006 0.00488685 43.5647
5000.00 1093.15 0.353400 1.62947 0.153648 0.00570495 0.00893356 0.00480809 1.81688 1.09167 51.6858 3.07249e-006 0.00477289 43.5983
5000.00 1088.15 0.353135 1.60822 0.14528 0.00555301 0.00870124 0.00463049 1.78299 1.08506 51.7239 2.79712e-006 0.00466188 43.631
5000.00 1083.15 0.352878 1.5875 0.137344 0.00540608 0.00848003 0.00446165 1.74979 1.07868 51.761 2.54499e-006 0.0045537 43.6628
5000.00 1078.15 0.352629 1.56732 0.129817 0.00526391 0.00826939 0.00430107 1.71727 1.07251 51.7971 2.31423e-006 0.00444825 43.6937
5000.00 1073.15 0.352386 1.54765 0.122677 0.00512626 0.00806884 0.00414831 1.68539 1.06655 51.8323 2.10312e-006 0.00434541 43.7238
5000.00 1068.15 0.352150 1.52848 0.115906 0.00499292 0.00787792 0.00400294 1.65414 1.06081 51.8665 1.91007e-006 0.00424509 43.7531
5000.00 1063.15 0.351921 1.5098 0.109484 0.00486369 0.00769619 0.00386454 1.62351 1.05529 51.8998 1.73363e-006 0.0041472 43.7816
5000.00 1058.15 0.351698 1.4916 0.103394 0.00473836 0.00752326 0.00373276 1.59347 1.04997 51.9322 1.57244e-006 0.00405164 43.8093
5000.00 1053.15 0.351482 1.47387 0.0976196 0.00461677 0.00735875 0.00360723 1.564 1.04488 51.9638 1.42527e-006 0.00395833 43.8363
5000.00 1048.15 0.351271 1.45659 0.0921445 0.00449874 0.00720231 0.00348763 1.53509 1.03999 51.9946 1.29096e-006 0.0038672 43.8626
5000.00 1043.15 0.351066 1.43977 0.086954 0.00438413 0.00705363 0.00337366 1.50672 1.03532 52.0245 1.16847e-006 0.00377817 43.8881
5000.00 1038.15 0.350867 1.42338 0.0820338 0.00427278 0.0069124 0.00326504 1.47889 1.03086 52.0537 1.05681e-006 0.00369116 43.913
5000.00 1033.15 0.350674 1.40742 0.0773706 0.00416456 0.00677834 0.00316148 1.45157 1.02662 52.082 9.55097e-007 0.00360612 43.9373
5000.00 1028.15 0.350486 1.39189 0.0729515 0.00405934 0.00665119 0.00306274 1.42474 1.02259 52.1097 8.6249e-007 0.00352298 43.9608
5000.00 1023.15 0.350303 1.37678 0.0687645 0.00395699 0.0065307 0.00296859 1.39841 1.01878 52.1366 7.78232e-007 0.00344167 43.9838
5000.00 1018.15 0.350125 1.36207 0.0647981 0.00385739 0.00641666 0.00287879 1.37255 1.01518 52.1628 7.01618e-007 0.00336215 44.0061
5000.00 1013.15 0.349952 1.34777 0.0610415 0.00376045 0.00630885 0.00279315 1.34716 1.01181 52.1882 6.32002e-007 0.00328436 44.0279
5000.00 1008.15 0.349785 1.33386 0.0574841 0.00366606 0.00620708 0.00271146 1.32221 1.00865 52.213 5.68788e-007 0.00320824 44.049
5000.00 1003.15 0.349621 1.32035 0.0541162 0.00357412 0.00611118 0.00263354 1.29771 1.00571 52.2371 5.11427e-007 0.00313374 44.0695
5000.00 998.15 0.349463 1.30723 0.0509284 0.00348453 0.00602099 0.00255922 1.27363 1.00299 52.2606 4.59413e-007 0.00306083 44.0895
5000.00 993.15 0.349309 1.29448 0.0479118 0.00339722 0.00593634 0.00248834 1.24998 1.0005 52.2834 4.12283e-007 0.00298945 44.1089
5000.00 988.15 0.349160 1.28212 0.0450579 0.0033121 0.00585712 0.00242073 1.22674 0.998232 52.3055 3.6961e-007 0.00291955 44.1278
5000.00 983.15 0.349015 1.27013 0.0423586 0.00322909 0.0057832 0.00235626 1.20389 0.996196 52.3271 3.31001e-007 0.00285111 44.1461