Title: Gale2013MORB-1

Phase Volumes:
Pressure Temperature mass V liquid_0 olivine_0 clinopyroxene_0 clinopyroxene_1 clinopyroxene_2 feldspar_0 quartz rhm-oxide_0 whitlockite 
5000.00 1573.15 100.136801 36.699401 36.699401 0.000000 0.000000 0.000000 0.000000 0.000000 0.000000 0.000000 0.000000 
5000.00 1568.15 100.136945 36.687209 36.687209 0.000000 0.000000 0.000000 0.000000 0.000000 0.000000 0.000000 0.000000 
5000.00 1563.15 100.137094 36.675020 36.675020 0.000000 0.000000 0.000000 0.000000 0.000000 0.000000 0.000000 0.000000 
5000.00 1558.15 100.137248 36.662835 36.662835 0.000000 0.000000 0.000000 0.000000 0.000000 0.000000 0.000000 0.000000 
5000.00 1553.15 100.137408 36.650654 36.650654 0.000000 0.000000 0.000000 0.000000 0.000000 0.000000 0.000000 0.000000 
5000.00 1548.15 100.137081 36.594512 36.291831 0.000000 0.302681 0.000000 0.000000 0.000000 0.000000 0.000000 0.000000 
5000.00 1543.15 100.136415 36.477402 35.479441 0.000000 0.545146 0.452814 0.000000 0.000000 0.000000 0.000000 0.000000 
5000.00 1538.15 100.135945 36.327624 34.437571 0.000000 1.890053 0.000000 0.000000 0.000000 0.000000 0.000000 0.000000 
5000.00 1533.15 100.135618 36.185218 33.448205 0.000000 2.737013 0.000000 0.000000 0.000000 0.000000 0.000000 0.000000 
5000.00 1528.15 100.135448 36.047581 32.495733 0.000000 3.551847 0.000000 0.000000 0.000000 0.000000 0.000000 0.000000 
5000.00 1523.15 100.135430 35.914886 31.581275 0.000000 4.333611 0.000000 0.000000 0.000000 0.000000 0.000000 0.000000 
5000.00 1518.15 100.135552 35.787065 30.704043 0.000000 5.083021 0.000000 0.000000 0.000000 0.000000 0.000000 0.000000 
5000.00 1513.15 100.135804 35.663934 29.862474 0.000000 5.801460 0.000000 0.000000 0.000000 0.000000 0.000000 0.000000 
5000.00 1508.15 100.134906 35.484837 27.765295 0.000000 6.719652 0.000000 0.000000 0.999890 0.000000 0.000000 0.000000 
5000.00 1503.15 100.133252 35.288673 25.135705 0.000000 7.666656 0.000000 0.000000 2.486312 0.000000 0.000000 0.000000 
5000.00 1498.15 100.131617 35.111579 22.752342 0.000000 8.485191 0.020411 0.000000 3.853635 0.000000 0.000000 0.000000 
5000.00 1493.15 100.130109 34.950959 20.579101 0.000000 8.492189 0.761765 0.000000 5.117905 0.000000 0.000000 0.000000 
5000.00 1488.15 100.128708 34.805006 18.625721 0.000000 8.494885 1.429137 0.000000 6.255263 0.000000 0.000000 0.000000 
5000.00 1483.15 100.127401 34.671262 16.857146 0.000000 8.499383 2.030739 0.000000 7.283993 0.000000 0.000000 0.000000 
5000.00 1478.15 100.126174 34.547847 15.246170 0.000000 8.508733 2.574485 0.000000 8.218459 0.000000 0.000000 0.000000 
5000.00 1473.15 100.125013 34.433286 13.770916 0.000000 8.523871 3.067985 0.000000 9.070515 0.000000 0.000000 0.000000 
5000.00 1468.15 100.123903 34.326483 12.414769 0.000000 8.544516 3.517929 0.000000 9.849269 0.000000 0.000000 0.000000 
5000.00 1463.15 100.122826 34.226628 11.164995 0.000000 8.569613 3.930128 0.000000 10.561893 0.000000 0.000000 0.000000 
5000.00 1458.15 100.121761 34.133154 10.011917 0.000000 8.597641 4.309492 0.000000 11.214104 0.000000 0.000000 0.000000 
5000.00 1453.15 100.120681 34.045698 8.948490 0.000000 8.626825 4.659975 0.000000 11.810408 0.000000 0.000000 0.000000 
5000.00 1448.15 100.119552 33.964091 7.969988 0.000000 8.655268 4.984554 0.000000 12.354281 0.000000 0.000000 0.000000 
5000.00 1443.15 100.118336 33.888330 7.073705 0.000000 8.681051 5.285237 0.000000 12.848338 0.000000 0.000000 0.000000 
5000.00 1438.15 100.116991 33.818550 6.258578 0.000000 8.702346 5.563133 0.000000 13.294493 0.000000 0.000000 0.000000 
5000.00 1433.15 100.115465 33.754580 5.521071 0.000000 8.717952 5.819926 0.000000 13.694520 0.000000 0.000000 0.001111 
5000.00 1428.15 100.113684 33.694859 4.846694 0.000000 8.728559 6.061869 0.000000 14.048899 0.000000 0.000000 0.008838 
5000.00 1423.15 100.111725 33.642275 4.262427 0.000000 8.731061 6.279402 0.000000 14.354038 0.000000 0.000000 0.015347 
5000.00 1418.15 100.109616 33.596588 3.765228 0.000000 8.726263 6.472849 0.000000 14.611492 0.000000 0.000000 0.020756 
5000.00 1413.15 100.107413 33.557206 3.348773 0.000000 8.715829 6.643455 0.000000 14.823920 0.000000 0.000000 0.025229 
5000.00 1408.15 100.105182 33.523259 3.003674 0.000000 8.701846 6.793329 0.000000 14.995450 0.000000 0.000000 0.028960 
5000.00 1403.15 100.102981 33.493764 2.718769 0.000000 8.686260 6.925082 0.000000 15.131514 0.000000 0.000000 0.032140 
5000.00 1398.15 100.101003 33.463272 2.373568 0.000000 8.787999 6.940238 0.000000 15.262920 0.000000 0.056334 0.042214 
5000.00 1393.15 100.098794 33.438242 2.053311 0.000000 8.901330 6.905514 0.000000 15.402174 0.000000 0.123351 0.052563 
5000.00 1388.15 100.096408 33.419132 1.802082 0.000000 8.970808 6.880644 0.000000 15.532713 0.000000 0.172926 0.059958 
5000.00 1383.15 100.093990 33.403732 1.598006 0.000000 9.014284 6.861758 0.000000 15.652217 0.000000 0.211853 0.065614 
5000.00 1378.15 100.091602 33.390816 1.427907 0.000000 9.040967 6.847099 0.000000 15.761032 0.000000 0.243661 0.070150 
5000.00 1373.15 100.089270 33.379646 1.283267 0.000000 9.056087 6.835729 0.000000 15.860272 0.000000 0.270379 0.073911 
5000.00 1368.15 100.087001 33.369728 1.157784 0.000000 9.063021 6.826905 0.000000 15.951363 0.000000 0.293387 0.077269 
5000.00 1363.15 100.084803 33.360773 1.047929 0.000000 9.063673 6.820393 0.000000 16.035204 0.000000 0.313395 0.080179 
5000.00 1358.15 100.082676 33.352559 0.950717 0.000000 9.059519 6.815871 0.000000 16.112722 0.000000 0.330995 0.082735 
5000.00 1353.15 100.080616 33.344926 0.863913 0.000000 9.051619 6.813073 0.000000 16.184701 0.000000 0.346615 0.085005 
5000.00 1348.15 100.078621 33.337757 0.785811 0.000000 9.040759 6.811775 0.000000 16.251794 0.000000 0.360578 0.087039 
5000.00 1343.15 100.076687 33.330962 0.715090 0.000000 9.027539 6.811785 0.000000 16.314543 0.000000 0.373130 0.088875 
5000.00 1338.15 100.074812 33.324475 0.650710 0.000000 9.012428 6.812931 0.000000 16.373404 0.000000 0.384462 0.090541 
5000.00 1333.15 100.072992 33.318244 0.591839 0.000000 8.995801 6.815063 0.000000 16.428755 0.000000 0.394729 0.092058 
5000.00 1328.15 100.071225 33.312226 0.537804 0.000000 8.977961 6.818046 0.000000 16.480916 0.000000 0.404056 0.093443 
5000.00 1323.15 100.069508 33.306389 0.488053 0.000000 8.959163 6.821758 0.000000 16.530156 0.000000 0.412548 0.094712 
5000.00 1318.15 100.067838 33.300705 0.442130 0.000000 8.939618 6.826088 0.000000 16.576704 0.000000 0.420290 0.095875 
5000.00 1313.15 100.065451 33.297558 0.396359 0.017421 8.910948 6.812495 0.000000 16.635917 0.000000 0.426957 0.097461 
5000.00 1308.15 100.063744 33.292602 0.358082 0.020540 8.888627 6.814653 0.000000 16.679334 0.000000 0.432926 0.098440 
5000.00 1303.15 100.062113 33.287608 0.323097 0.023030 8.866439 6.817790 0.000000 16.719657 0.000000 0.438293 0.099303 
5000.00 1298.15 100.060553 33.282619 0.290987 0.025010 8.844481 6.821680 0.000000 16.757250 0.000000 0.443143 0.100069 
5000.00 1293.15 100.059056 33.277633 0.261403 0.026576 8.822824 6.826147 0.000000 16.792384 0.000000 0.447546 0.100754 
5000.00 1288.15 100.057619 33.272648 0.234054 0.027800 8.801518 6.831052 0.000000 16.825295 0.000000 0.451560 0.101369 
5000.00 1283.15 100.056237 33.267662 0.208694 0.028744 8.780597 6.836285 0.000000 16.856186 0.000000 0.455231 0.101925 
5000.00 1278.15 100.055108 33.251935 0.000000 0.049723 8.773096 6.817562 0.000000 16.947086 0.094119 0.464385 0.105964 
5000.00 1273.15 100.054576 33.245407 0.000000 0.051077 8.766267 6.823859 0.000000 16.940552 0.094220 0.463468 0.105964 
5000.00 1268.15 100.054046 33.238876 0.000000 0.052433 8.759700 6.829964 0.000000 16.933941 0.094343 0.462532 0.105964 
5000.00 1263.15 100.053517 33.232342 0.000000 0.053788 8.753384 6.835888 0.000000 16.927252 0.094489 0.461576 0.105964 
5000.00 1258.15 100.052989 33.225803 0.000000 0.055145 8.747310 6.841642 0.000000 16.920484 0.094659 0.460599 0.105964 
5000.00 1253.15 100.052463 33.219260 0.000000 0.056502 8.741469 6.847238 0.000000 16.913632 0.094854 0.459601 0.105964 
5000.00 1248.15 100.051938 33.212713 0.000000 0.057861 8.735852 6.852684 0.000000 16.906697 0.095073 0.458582 0.105964 
5000.00 1243.15 100.051414 33.206160 0.000000 0.059220 8.730453 6.857990 0.000000 16.899674 0.095318 0.457541 0.105964 
5000.00 1238.15 100.050891 33.199602 0.000000 0.060580 8.725265 6.863166 0.000000 16.892563 0.095589 0.456476 0.105964 
5000.00 1233.15 100.050370 33.193038 0.000000 0.061940 8.720280 6.868221 0.000000 16.885360 0.095887 0.455387 0.105964 
5000.00 1228.15 100.049850 33.186469 0.000000 0.063302 8.715494 6.873161 0.000000 16.878062 0.096212 0.454274 0.105964 
5000.00 1223.15 100.049332 33.179892 0.000000 0.064665 8.710901 6.877996 0.000000 16.870668 0.096565 0.453135 0.105964 
5000.00 1218.15 100.048815 33.173309 0.000000 0.066028 8.706495 6.882733 0.000000 16.863173 0.096947 0.451969 0.105964 
5000.00 1213.15 100.048299 33.166718 0.000000 0.067393 8.702272 6.887378 0.000000 16.855575 0.097359 0.450776 0.105964 
5000.00 1208.15 100.047785 33.160119 0.000000 0.068759 8.698229 6.891940 0.000000 16.847872 0.097801 0.449555 0.105964 
5000.00 1203.15 100.047272 33.153512 0.000000 0.070127 8.694360 6.896425 0.000000 16.840058 0.098275 0.448303 0.105964 
5000.00 1198.15 100.046761 33.146896 0.000000 0.071496 8.690663 6.900840 0.000000 16.832132 0.098781 0.447021 0.105964 
5000.00 1193.15 100.046251 33.140271 0.000000 0.072866 8.687134 6.905190 0.000000 16.824089 0.099320 0.445707 0.105964 
5000.00 1188.15 100.045743 33.133635 0.000000 0.074238 8.683770 6.909484 0.000000 16.815926 0.099893 0.444360 0.105964 
5000.00 1183.15 100.045236 33.126988 0.000000 0.075612 8.680569 6.913726 0.000000 16.807637 0.100502 0.442978 0.105964 
5000.00 1178.15 100.044731 33.120330 0.000000 0.076988 8.677529 6.917923 0.000000 16.799220 0.101147 0.441560 0.105964 
5000.00 1173.15 100.044227 33.113660 0.000000 0.078366 8.674646 6.922082 0.000000 16.790669 0.101830 0.440104 0.105964 
5000.00 1168.15 100.043725 33.106977 0.000000 0.079747 8.671920 6.926207 0.000000 16.781979 0.102552 0.438608 0.105964 
5000.00 1163.15 100.043225 33.100281 0.000000 0.081130 8.669350 6.930307 0.000000 16.773145 0.103314 0.437071 0.105964 
5000.00 1158.15 100.042773 33.104136 0.122705 0.073140 8.666309 6.941348 0.000000 16.763402 0.102105 0.435128 0.000000 
5000.00 1153.15 100.041705 33.073222 0.122581 0.093617 8.353164 7.031839 0.372623 16.581296 0.150882 0.367220 0.000000 
5000.00 1148.15 100.040226 33.026092 0.122449 0.126223 7.837098 7.179270 0.991058 16.283792 0.231276 0.254927 0.000000 
5000.00 1143.15 100.038749 32.980542 0.122322 0.156954 7.347830 7.319661 1.580473 15.998274 0.307981 0.147047 0.000000 
5000.00 1138.15 100.037276 32.936502 0.122200 0.185921 6.884006 7.453324 2.142290 15.724188 0.381186 0.043388 0.000000 
5000.00 1133.15 100.036280 32.914337 0.122093 0.198017 6.692598 7.505607 2.378785 15.606011 0.411227 0.000000 0.000000 
5000.00 1128.15 100.035648 32.907937 0.121997 0.198256 6.694130 7.499931 2.383381 15.599791 0.410451 0.000000 0.000000 
5000.00 1123.15 100.035023 32.901541 0.121905 0.198487 6.695750 7.494368 2.387797 15.593532 0.409701 0.000000 0.000000 
5000.00 1118.15 100.034404 32.895149 0.121815 0.198711 6.697453 7.488918 2.392040 15.587234 0.408978 0.000000 0.000000 
5000.00 1113.15 100.033792 32.888761 0.121728 0.198928 6.699239 7.483577 2.396115 15.580893 0.408281 0.000000 0.000000 
5000.00 1108.15 100.033187 32.882376 0.121644 0.199138 6.701103 7.478343 2.400030 15.574508 0.407611 0.000000 0.000000 
5000.00 1103.15 100.032589 32.875995 0.121562 0.199341 6.703043 7.473215 2.403790 15.568076 0.406969 0.000000 0.000000 
5000.00 1098.15 100.031998 32.869615 0.121482 0.199538 6.705059 7.468189 2.407399 15.561594 0.406355 0.000000 0.000000 
5000.00 1093.15 100.031413 32.863237 0.121405 0.199727 6.707147 7.463265 2.410864 15.555060 0.405770 0.000000 0.000000 
5000.00 1088.15 100.030836 32.856860 0.121330 0.199910 6.709307 7.458440 2.414189 15.548472 0.405214 0.000000 0.000000 
5000.00 1083.15 100.030264 32.850484 0.121257 0.200087 6.711536 7.453711 2.417378 15.541826 0.404687 0.000000 0.000000 
5000.00 1078.15 100.029700 32.844107 0.121187 0.200257 6.713835 7.449079 2.420437 15.535122 0.404191 0.000000 0.000000 
5000.00 1073.15 100.029142 32.837729 0.121118 0.200420 6.716202 7.444539 2.423369 15.528354 0.403726 0.000000 0.000000 
5000.00 1068.15 100.028591 32.831348 0.121051 0.200578 6.718635 7.440091 2.426179 15.521522 0.403292 0.000000 0.000000 
5000.00 1063.15 100.028047 32.824965 0.120987 0.200729 6.721135 7.435733 2.428871 15.514622 0.402889 0.000000 0.000000 
5000.00 1058.15 100.027509 32.818578 0.120924 0.200874 6.723701 7.431462 2.431448 15.507650 0.402519 0.000000 0.000000 
5000.00 1053.15 100.026978 32.812186 0.120863 0.201012 6.726332 7.427278 2.433914 15.500605 0.402182 0.000000 0.000000 
5000.00 1048.15 100.026453 32.805787 0.120803 0.201145 6.729029 7.423179 2.436272 15.493482 0.401878 0.000000 0.000000 
5000.00 1043.15 100.025934 32.799381 0.120745 0.201272 6.731789 7.419162 2.438526 15.486279 0.401607 0.000000 0.000000 
5000.00 1038.15 100.025423 32.792966 0.120689 0.201393 6.734614 7.415227 2.440679 15.478993 0.401371 0.000000 0.000000 
5000.00 1033.15 100.024917 32.786540 0.120635 0.201508 6.737503 7.411371 2.442735 15.471620 0.401169 0.000000 0.000000 
5000.00 1028.15 100.024418 32.780101 0.120582 0.201617 6.740455 7.407594 2.444696 15.464156 0.401001 0.000000 0.000000 
5000.00 1023.15 100.023926 32.773647 0.120531 0.201720 6.743470 7.403893 2.446565 15.456598 0.400869 0.000000 0.000000 
5000.00 1018.15 100.023439 32.767176 0.120481 0.201818 6.746548 7.400268 2.448345 15.448943 0.400772 0.000000 0.000000 
5000.00 1013.15 100.022959 32.760684 0.120432 0.201910 6.749688 7.396718 2.450039 15.441187 0.400711 0.000000 0.000000 
5000.00 1008.15 100.022486 32.754170 0.120385 0.201997 6.752888 7.393239 2.451650 15.433325 0.400685 0.000000 0.000000 
5000.00 1003.15 100.022018 32.747627 0.120339 0.202078 6.756148 7.389833 2.453179 15.425355 0.400695 0.000000 0.000000 
5000.00 998.15 100.021557 32.741054 0.120295 0.202153 6.759466 7.386497 2.454631 15.417272 0.400739 0.000000 0.000000 
5000.00 993.15 100.021101 32.734444 0.120252 0.202224 6.762840 7.383230 2.456007 15.409073 0.400819 0.000000 0.000000 
5000.00 988.15 100.020652 32.727794 0.120210 0.202289 6.766267 7.380031 2.457310 15.400755 0.400932 0.000000 0.000000 
5000.00 983.15 100.020208 32.721099 0.120170 0.202349 6.769743 7.376900 2.458542 15.392317 0.401079 0.000000 0.000000 
