Title: Gale2013MORB-1

Solid Composition:
Pressure Temperature mass SiO2 TiO2 Al2O3 Fe2O3 FeO MnO MgO CaO Na2O K2O P2O5 
5000.00 1573.15 0.000000 ---
5000.00 1568.15 0.000000 ---
5000.00 1563.15 0.000000 ---
5000.00 1558.15 0.000000 ---
5000.00 1553.15 0.000000 ---
5000.00 1548.15 0.975001 53.4716 0.130431 3.26085 0.796281 9.95925 0 24.3429 7.91798 0.120671 0 0
5000.00 1543.15 3.215929 52.8112 0.177274 3.68195 0.911724 8.55904 0 21.5021 12.181 0.175677 0 0
5000.00 1538.15 6.093541 52.3156 0.226918 4.05571 1.0142 7.6582 0 19.7177 14.7965 0.215126 0 0
5000.00 1533.15 8.833054 52.039 0.260005 4.29842 1.07685 7.50044 0 19.0662 15.5258 0.233177 0 0
5000.00 1528.15 11.475744 51.7993 0.290785 4.51836 1.1321 7.47803 0 18.6062 15.927 0.248162 0 0
5000.00 1523.15 14.018265 51.5752 0.321365 4.72854 1.18411 7.51434 0 18.2294 16.185 0.262066 0 0
5000.00 1518.15 16.462624 51.3597 0.352441 4.93312 1.23423 7.58349 0 17.8993 16.3622 0.275525 0 0
5000.00 1513.15 18.812963 51.1497 0.384315 5.13381 1.28302 7.67354 0 17.5995 16.4872 0.288825 0 0
5000.00 1508.15 24.483560 51.1421 0.364275 7.94111 1.16996 7.21356 0 15.6734 15.7977 0.69383 0.00394936 0
5000.00 1503.15 31.549448 51.2744 0.340661 10.4102 1.05556 6.85071 0 13.96 14.9937 1.10617 0.0086753 0
5000.00 1498.15 37.950645 51.4117 0.33342 11.824 0.994608 6.71589 0 12.9 14.4176 1.39014 0.012677 0
5000.00 1493.15 43.786725 51.5417 0.337687 12.7309 0.961471 6.68788 0 12.1604 13.9545 1.60892 0.0164928 0
5000.00 1488.15 49.033172 51.6615 0.347859 13.3253 0.944813 6.71527 0 11.6048 13.5951 1.78512 0.0202471 0
5000.00 1483.15 53.785293 51.7713 0.362137 13.7319 0.938086 6.77589 0 11.1625 13.3003 1.93372 0.0240688 0
5000.00 1478.15 58.117055 51.8715 0.3796 14.017 0.937765 6.85806 0 10.7963 13.0492 2.06264 0.028029 0
5000.00 1473.15 62.087844 51.9622 0.399716 14.2191 0.941715 6.95496 0 10.4841 12.8295 2.17656 0.0321733 0
5000.00 1468.15 65.742751 52.0436 0.422147 14.3622 0.948523 7.06228 0 10.2124 12.6339 2.27833 0.0365285 0
5000.00 1463.15 69.116253 52.116 0.446628 14.462 0.957146 7.17705 0 9.97266 12.4577 2.36974 0.0411093 0
5000.00 1458.15 72.234418 52.1795 0.472892 14.5294 0.966723 7.29703 0 9.75894 12.2976 2.45198 0.0459196 0
5000.00 1453.15 75.116017 52.2345 0.500614 14.5723 0.976463 7.42037 0 9.56728 12.1517 2.52582 0.0509523 0
5000.00 1448.15 77.773352 52.2816 0.529363 14.5966 0.985592 7.54537 0 9.39501 12.0186 2.59173 0.0561874 0
5000.00 1443.15 80.213029 52.3212 0.558569 14.6069 0.993317 7.6704 0 9.24034 11.8977 2.65 0.0615894 0
5000.00 1438.15 82.436967 52.3543 0.587514 14.607 0.99884 7.79379 0 9.10215 11.7886 2.70076 0.0671048 0
5000.00 1433.15 84.454391 52.3788 0.615737 14.599 1.00151 7.91421 0 8.97931 11.6929 2.74385 0.0726728 0.00191344
5000.00 1428.15 86.307858 52.3809 0.644703 14.5802 1.00128 8.03203 0 8.86985 11.6199 2.77803 0.0782368 0.0148892
5000.00 1423.15 87.918266 52.3802 0.671643 14.5599 0.997376 8.14313 0 8.77665 11.5576 2.80462 0.08356 0.0253826
5000.00 1418.15 89.293218 52.3762 0.696489 14.5394 0.990041 8.24639 0 8.69881 11.5064 2.82404 0.0885036 0.0337998
5000.00 1413.15 90.449676 52.3682 0.719725 14.5196 0.979968 8.3413 0 8.63494 11.4658 2.83704 0.0929509 0.0405578
5000.00 1408.15 91.413157 52.3555 0.742192 14.5006 0.968063 8.42789 0 8.58317 11.435 2.84466 0.0968318 0.0460645
5000.00 1403.15 92.213956 52.3379 0.764751 14.4826 0.955174 8.50658 0 8.54136 11.4127 2.84812 0.100135 0.0506787
5000.00 1398.15 93.268463 52.179 0.893177 14.4246 0.953635 8.63044 0.00508484 8.49192 11.4239 2.8299 0.102556 0.0658111
5000.00 1393.15 94.252752 52.0223 1.0256 14.3706 0.947863 8.74011 0.0129856 8.44488 11.4393 2.8102 0.104993 0.0810903
5000.00 1388.15 95.008805 51.9258 1.11559 14.3362 0.934652 8.817 0.0207124 8.40694 11.4462 2.79755 0.107541 0.091762
5000.00 1383.15 95.613485 51.8627 1.18121 14.3125 0.917832 8.87442 0.0283619 8.37549 11.449 2.78865 0.110039 0.0997834
5000.00 1378.15 96.111405 51.8197 1.23144 14.2953 0.89925 8.91931 0.0359729 8.34884 11.4497 2.78193 0.112428 0.106128
5000.00 1373.15 96.530598 51.7899 1.27124 14.2822 0.879858 8.95561 0.0435535 8.32587 11.4491 2.77657 0.114688 0.111334
5000.00 1368.15 96.891270 51.7686 1.30373 14.2719 0.860152 8.98582 0.0511409 8.30571 11.4481 2.77206 0.116827 0.115957
5000.00 1363.15 97.204641 51.7538 1.33058 14.2636 0.840449 9.01147 0.0586795 8.28786 11.4465 2.7682 0.118842 0.119937
5000.00 1358.15 97.480056 51.7438 1.35309 14.2569 0.820926 9.03366 0.0661477 8.2719 11.4446 2.76482 0.120742 0.123411
5000.00 1353.15 97.724452 51.7374 1.37216 14.2512 0.801687 9.05318 0.0735225 8.25751 11.4425 2.76179 0.122533 0.12648
5000.00 1348.15 97.943066 51.7339 1.38845 14.2464 0.782792 9.07058 0.080779 8.24445 11.4401 2.75905 0.124224 0.129218
5000.00 1343.15 98.139929 51.7325 1.40246 14.2423 0.764277 9.08628 0.0878917 8.23252 11.4377 2.75654 0.125822 0.131678
5000.00 1338.15 98.318199 51.7329 1.41456 14.2388 0.746157 9.10061 0.0948347 8.22157 11.4351 2.75422 0.127333 0.133903
5000.00 1333.15 98.480385 51.7348 1.42505 14.2356 0.728442 9.11382 0.101583 8.21148 11.4324 2.75206 0.128764 0.135922
5000.00 1328.15 98.628508 51.7378 1.43417 14.2329 0.711134 9.12609 0.108112 8.20215 11.4297 2.75004 0.130119 0.137761
5000.00 1323.15 98.764219 51.7418 1.4421 14.2304 0.694231 9.13758 0.114399 8.19351 11.427 2.74815 0.131403 0.13944
5000.00 1318.15 98.888881 51.7467 1.44902 14.2281 0.677731 9.14842 0.120424 8.18547 11.4242 2.74638 0.132621 0.140974
5000.00 1313.15 99.017258 51.744 1.45676 14.2261 0.654147 9.16619 0.132279 8.17744 11.4222 2.7441 0.133556 0.14312
5000.00 1308.15 99.120351 51.7494 1.46188 14.2244 0.637161 9.1773 0.138067 8.17067 11.4196 2.74257 0.134599 0.144406
5000.00 1303.15 99.213869 51.7555 1.46623 14.2228 0.620898 9.18772 0.143165 8.16445 11.417 2.74118 0.135589 0.145535
5000.00 1298.15 99.299105 51.7622 1.46993 14.2213 0.605303 9.19757 0.147678 8.15872 11.4144 2.7399 0.136529 0.146533
5000.00 1293.15 99.377116 51.7693 1.47309 14.2199 0.590328 9.20693 0.151691 8.15342 11.4118 2.73871 0.137423 0.14742
5000.00 1288.15 99.448781 51.7767 1.47581 14.2186 0.575927 9.21587 0.155271 8.1485 11.4093 2.7376 0.138271 0.148213
5000.00 1283.15 99.514840 51.7842 1.47815 14.2173 0.562061 9.22443 0.158474 8.14393 11.4069 2.73657 0.139078 0.148926
5000.00 1278.15 100.055108 51.8704 1.49003 14.2029 0.549731 9.19595 0.17969 8.10482 11.3792 2.72685 0.146438 0.153992
5000.00 1273.15 100.054576 51.8707 1.49004 14.203 0.544432 9.20077 0.179691 8.10486 11.3792 2.72687 0.146438 0.153992
5000.00 1268.15 100.054046 51.871 1.49005 14.2031 0.539145 9.20558 0.179691 8.1049 11.3793 2.72688 0.146439 0.153993
5000.00 1263.15 100.053517 51.8712 1.49006 14.2031 0.53387 9.21038 0.179692 8.10495 11.3794 2.7269 0.14644 0.153994
5000.00 1258.15 100.052989 51.8715 1.49006 14.2032 0.528608 9.21516 0.179693 8.10499 11.3794 2.72691 0.146441 0.153995
5000.00 1253.15 100.052463 51.8718 1.49007 14.2033 0.523359 9.21994 0.179694 8.10503 11.3795 2.72693 0.146441 0.153996
5000.00 1248.15 100.051938 51.872 1.49008 14.2034 0.518122 9.2247 0.179695 8.10507 11.3795 2.72694 0.146442 0.153997
5000.00 1243.15 100.051414 51.8723 1.49009 14.2034 0.512899 9.22945 0.179696 8.10512 11.3796 2.72695 0.146443 0.153997
5000.00 1238.15 100.050891 51.8726 1.4901 14.2035 0.507689 9.23419 0.179697 8.10516 11.3797 2.72697 0.146444 0.153998
5000.00 1233.15 100.050370 51.8729 1.4901 14.2036 0.502492 9.23892 0.179698 8.1052 11.3797 2.72698 0.146444 0.153999
5000.00 1228.15 100.049850 51.8731 1.49011 14.2037 0.497309 9.24363 0.179699 8.10524 11.3798 2.727 0.146445 0.154
5000.00 1223.15 100.049332 51.8734 1.49012 14.2037 0.492139 9.24833 0.1797 8.10529 11.3798 2.72701 0.146446 0.154001
5000.00 1218.15 100.048815 51.8737 1.49013 14.2038 0.486983 9.25302 0.179701 8.10533 11.3799 2.72703 0.146447 0.154001
5000.00 1213.15 100.048299 51.8739 1.49013 14.2039 0.481842 9.2577 0.179702 8.10537 11.38 2.72704 0.146447 0.154002
5000.00 1208.15 100.047785 51.8742 1.49014 14.2039 0.476715 9.26236 0.179703 8.10541 11.38 2.72705 0.146448 0.154003
5000.00 1203.15 100.047272 51.8745 1.49015 14.204 0.471602 9.26701 0.179704 8.10545 11.3801 2.72707 0.146449 0.154004
5000.00 1198.15 100.046761 51.8747 1.49016 14.2041 0.466503 9.27165 0.179705 8.10549 11.3801 2.72708 0.14645 0.154005
5000.00 1193.15 100.046251 51.875 1.49016 14.2042 0.46142 9.27627 0.179705 8.10554 11.3802 2.7271 0.14645 0.154005
5000.00 1188.15 100.045743 51.8753 1.49017 14.2042 0.456351 9.28088 0.179706 8.10558 11.3803 2.72711 0.146451 0.154006
5000.00 1183.15 100.045236 51.8755 1.49018 14.2043 0.451298 9.28548 0.179707 8.10562 11.3803 2.72712 0.146452 0.154007
5000.00 1178.15 100.044731 51.8758 1.49019 14.2044 0.44626 9.29006 0.179708 8.10566 11.3804 2.72714 0.146453 0.154008
5000.00 1173.15 100.044227 51.876 1.49019 14.2044 0.441237 9.29463 0.179709 8.1057 11.3804 2.72715 0.146453 0.154008
5000.00 1168.15 100.043725 51.8763 1.4902 14.2045 0.43623 9.29918 0.17971 8.10574 11.3805 2.72716 0.146454 0.154009
5000.00 1163.15 100.043225 51.8766 1.49021 14.2046 0.431238 9.30372 0.179711 8.10578 11.3805 2.72718 0.146455 0.15401
5000.00 1158.15 99.684811 52.0559 1.49449 14.2556 0.428222 9.34121 0.171866 8.13054 11.2382 2.73698 0.146958 0
5000.00 1153.15 99.684176 52.0564 1.49454 14.2557 0.417537 9.35089 0.172057 8.13064 11.2383 2.737 0.14696 0
5000.00 1148.15 99.683157 52.0571 1.49461 14.2559 0.40273 9.36432 0.172259 8.13079 11.2384 2.73703 0.146962 0
5000.00 1143.15 99.682121 52.0577 1.49467 14.256 0.387943 9.37773 0.172455 8.13093 11.2385 2.73706 0.146964 0
5000.00 1138.15 99.681073 52.0584 1.49472 14.2562 0.373198 9.3911 0.172644 8.13107 11.2386 2.73709 0.146966 0
5000.00 1133.15 99.680452 52.0589 1.49478 14.2563 0.363232 9.40013 0.172811 8.13117 11.2387 2.7371 0.146967 0
5000.00 1128.15 99.680157 52.0591 1.49483 14.2563 0.356904 9.40585 0.172963 8.13122 11.2387 2.73711 0.146968 0
5000.00 1123.15 99.679858 52.0594 1.49488 14.2563 0.350645 9.41152 0.173111 8.13128 11.2388 2.73712 0.146969 0
5000.00 1118.15 99.679557 52.0596 1.49492 14.2564 0.344454 9.41712 0.173255 8.13134 11.2388 2.73713 0.14697 0
5000.00 1113.15 99.679252 52.0599 1.49497 14.2564 0.338331 9.42266 0.173396 8.13139 11.2388 2.73714 0.146971 0
5000.00 1108.15 99.678945 52.0601 1.49501 14.2565 0.332276 9.42814 0.173534 8.13145 11.2389 2.73714 0.146972 0
5000.00 1103.15 99.678636 52.0604 1.49505 14.2565 0.326289 9.43356 0.173668 8.1315 11.2389 2.73715 0.146973 0
5000.00 1098.15 99.678326 52.0606 1.49509 14.2566 0.32037 9.43892 0.173799 8.13156 11.239 2.73716 0.146974 0
5000.00 1093.15 99.678013 52.0609 1.49513 14.2566 0.314518 9.44421 0.173928 8.13161 11.239 2.73717 0.146975 0
5000.00 1088.15 99.677700 52.0611 1.49516 14.2567 0.308734 9.44945 0.174053 8.13166 11.239 2.73718 0.146975 0
5000.00 1083.15 99.677386 52.0613 1.49519 14.2567 0.303017 9.45463 0.174176 8.13171 11.2391 2.73719 0.146976 0
5000.00 1078.15 99.677071 52.0616 1.49522 14.2568 0.297367 9.45974 0.174296 8.13176 11.2391 2.7372 0.146977 0
5000.00 1073.15 99.676756 52.0618 1.49525 14.2568 0.291783 9.4648 0.174413 8.13181 11.2391 2.7372 0.146978 0
5000.00 1068.15 99.676441 52.0621 1.49528 14.2568 0.286266 9.4698 0.174528 8.13186 11.2392 2.73721 0.146979 0
5000.00 1063.15 99.676126 52.0623 1.49531 14.2569 0.280815 9.47473 0.174641 8.13191 11.2392 2.73722 0.14698 0
5000.00 1058.15 99.675811 52.0625 1.49534 14.2569 0.275431 9.47961 0.174751 8.13195 11.2393 2.73723 0.14698 0
5000.00 1053.15 99.675496 52.0628 1.49536 14.257 0.270112 9.48443 0.174859 8.132 11.2393 2.73724 0.146981 0
5000.00 1048.15 99.675182 52.063 1.49539 14.257 0.264858 9.48919 0.174965 8.13205 11.2393 2.73725 0.146982 0
5000.00 1043.15 99.674868 52.0632 1.49541 14.2571 0.25967 9.49389 0.175068 8.13209 11.2394 2.73726 0.146983 0
5000.00 1038.15 99.674555 52.0634 1.49543 14.2571 0.254546 9.49853 0.17517 8.13213 11.2394 2.73727 0.146984 0
5000.00 1033.15 99.674243 52.0637 1.49545 14.2572 0.249487 9.50311 0.175269 8.13218 11.2394 2.73727 0.146984 0
5000.00 1028.15 99.673933 52.0639 1.49547 14.2572 0.244491 9.50764 0.175367 8.13222 11.2395 2.73728 0.146985 0
5000.00 1023.15 99.673623 52.0641 1.49549 14.2572 0.23956 9.51211 0.175463 8.13226 11.2395 2.73729 0.146986 0
5000.00 1018.15 99.673314 52.0643 1.49551 14.2573 0.234691 9.51652 0.175556 8.1323 11.2395 2.7373 0.146987 0
5000.00 1013.15 99.673007 52.0645 1.49553 14.2573 0.229886 9.52087 0.175649 8.13234 11.2396 2.73731 0.146987 0
5000.00 1008.15 99.672701 52.0647 1.49555 14.2574 0.225143 9.52517 0.175739 8.13237 11.2396 2.73732 0.146988 0
5000.00 1003.15 99.672397 52.0649 1.49556 14.2574 0.220461 9.52941 0.175828 8.13241 11.2396 2.73732 0.146989 0
5000.00 998.15 99.672094 52.0651 1.49558 14.2575 0.215841 9.5336 0.175915 8.13245 11.2397 2.73733 0.146989 0
5000.00 993.15 99.671792 52.0653 1.4956 14.2575 0.211282 9.53773 0.176 8.13248 11.2397 2.73734 0.14699 0
5000.00 988.15 99.671492 52.0655 1.49561 14.2576 0.206782 9.54181 0.176084 8.13251 11.2398 2.73735 0.146991 0
5000.00 983.15 99.671194 52.0657 1.49562 14.2576 0.202342 9.54584 0.176166 8.13255 11.2398 2.73736 0.146992 0