Title: Gale2013MORB-6

Bulk Composition:
Pressure Temperature mass SiO2 TiO2 Al2O3 Fe2O3 FeO MnO MgO CaO Na2O K2O P2O5 
5000.00 1573.15 100.147933 51.3438 1.49325 14.4879 1.47435 9.18898 0.172242 7.24078 11.3724 2.89633 0.156728 0.173317
5000.00 1568.15 100.148089 51.3437 1.49325 14.4878 1.4759 9.18757 0.172242 7.24077 11.3724 2.89632 0.156728 0.173317
5000.00 1563.15 100.148250 51.3436 1.49324 14.4878 1.4775 9.18611 0.172241 7.24076 11.3724 2.89632 0.156728 0.173317
5000.00 1558.15 100.148417 51.3435 1.49324 14.4878 1.47917 9.18459 0.172241 7.24075 11.3723 2.89631 0.156727 0.173316
5000.00 1553.15 100.148590 51.3434 1.49324 14.4878 1.48088 9.18303 0.172241 7.24073 11.3723 2.89631 0.156727 0.173316
5000.00 1548.15 100.148768 51.3433 1.49324 14.4877 1.48266 9.18141 0.172241 7.24072 11.3723 2.8963 0.156727 0.173316
5000.00 1543.15 100.148953 51.3432 1.49323 14.4877 1.4845 9.17974 0.17224 7.24071 11.3723 2.8963 0.156726 0.173315
5000.00 1538.15 100.149068 51.3432 1.49323 14.4877 1.48564 9.1787 0.17224 7.2407 11.3723 2.89629 0.156726 0.173315
5000.00 1533.15 100.148729 51.3434 1.49324 14.4878 1.48227 9.18177 0.172241 7.24072 11.3723 2.8963 0.156727 0.173316
5000.00 1528.15 100.148589 51.3434 1.49324 14.4878 1.48087 9.18304 0.172241 7.24073 11.3723 2.89631 0.156727 0.173316
5000.00 1523.15 100.148629 51.3434 1.49324 14.4878 1.48127 9.18268 0.172241 7.24073 11.3723 2.89631 0.156727 0.173316
5000.00 1518.15 100.148837 51.3433 1.49324 14.4877 1.48335 9.18079 0.17224 7.24072 11.3723 2.8963 0.156727 0.173316
5000.00 1513.15 100.149202 51.3431 1.49323 14.4877 1.48698 9.17748 0.17224 7.24069 11.3723 2.89629 0.156726 0.173315
5000.00 1508.15 100.148892 51.3433 1.49323 14.4877 1.48389 9.1803 0.17224 7.24071 11.3723 2.8963 0.156727 0.173316
5000.00 1503.15 100.147787 51.3438 1.49325 14.4879 1.47289 9.19031 0.172242 7.24079 11.3724 2.89633 0.156728 0.173318
5000.00 1498.15 100.146565 51.3445 1.49327 14.4881 1.46073 9.20138 0.172244 7.24088 11.3726 2.89637 0.15673 0.17332
5000.00 1493.15 100.145303 51.3451 1.49329 14.4882 1.44817 9.21281 0.172246 7.24097 11.3727 2.8964 0.156732 0.173322
5000.00 1488.15 100.144057 51.3457 1.49331 14.4884 1.43578 9.2241 0.172249 7.24106 11.3728 2.89644 0.156734 0.173324
5000.00 1483.15 100.142861 51.3464 1.49332 14.4886 1.42387 9.23493 0.172251 7.24115 11.373 2.89647 0.156736 0.173326
5000.00 1478.15 100.141797 51.3469 1.49334 14.4888 1.41328 9.24457 0.172253 7.24123 11.3731 2.8965 0.156738 0.173328
5000.00 1473.15 100.140831 51.3474 1.49336 14.4889 1.40367 9.25332 0.172254 7.24129 11.3732 2.89653 0.156739 0.17333
5000.00 1468.15 100.139951 51.3479 1.49337 14.489 1.3949 9.26131 0.172256 7.24136 11.3733 2.89656 0.156741 0.173331
5000.00 1463.15 100.139144 51.3483 1.49338 14.4891 1.38688 9.26861 0.172257 7.24142 11.3734 2.89658 0.156742 0.173332
5000.00 1458.15 100.138399 51.3486 1.49339 14.4892 1.37946 9.27536 0.172258 7.24147 11.3735 2.8966 0.156743 0.173334
5000.00 1453.15 100.137696 51.349 1.4934 14.4893 1.37246 9.28173 0.17226 7.24152 11.3736 2.89662 0.156744 0.173335
5000.00 1448.15 100.137009 51.3494 1.49341 14.4894 1.36562 9.28796 0.172261 7.24157 11.3736 2.89664 0.156745 0.173336
5000.00 1443.15 100.136298 51.3497 1.49342 14.4895 1.35854 9.2944 0.172262 7.24162 11.3737 2.89666 0.156746 0.173337
5000.00 1438.15 100.135505 51.3501 1.49343 14.4897 1.35065 9.30159 0.172263 7.24168 11.3738 2.89669 0.156747 0.173339
5000.00 1433.15 100.134485 51.3507 1.49345 14.4898 1.3405 9.31083 0.172265 7.24175 11.3739 2.89671 0.156749 0.173341
5000.00 1428.15 100.133169 51.3513 1.49347 14.49 1.3274 9.32276 0.172267 7.24185 11.3741 2.89675 0.156751 0.173343
5000.00 1423.15 100.131459 51.3522 1.49349 14.4902 1.31038 9.33825 0.17227 7.24197 11.3743 2.8968 0.156754 0.173346
5000.00 1418.15 100.129323 51.3533 1.49353 14.4906 1.28911 9.35761 0.172274 7.24213 11.3745 2.89686 0.156757 0.173349
5000.00 1413.15 100.127095 51.3544 1.49356 14.4909 1.26693 9.37781 0.172278 7.24229 11.3748 2.89693 0.156761 0.173353
5000.00 1408.15 100.125162 51.3554 1.49359 14.4912 1.24768 9.39533 0.172281 7.24243 11.375 2.89698 0.156764 0.173357
5000.00 1403.15 100.123493 51.3563 1.49361 14.4914 1.23107 9.41045 0.172284 7.24255 11.3752 2.89703 0.156766 0.17336
5000.00 1398.15 100.121899 51.3571 1.49364 14.4916 1.2152 9.4249 0.172287 7.24266 11.3754 2.89708 0.156769 0.173362
5000.00 1393.15 100.119970 51.3581 1.49367 14.4919 1.19599 9.44239 0.17229 7.2428 11.3756 2.89713 0.156772 0.173366
5000.00 1388.15 100.117891 51.3592 1.4937 14.4922 1.17529 9.46123 0.172294 7.24295 11.3758 2.89719 0.156775 0.173369
5000.00 1383.15 100.115787 51.3602 1.49373 14.4925 1.15434 9.4803 0.172297 7.24311 11.3761 2.89726 0.156778 0.173373
5000.00 1378.15 100.113737 51.3613 1.49376 14.4928 1.13392 9.49889 0.172301 7.24325 11.3763 2.89732 0.156782 0.173376
5000.00 1373.15 100.111795 51.3623 1.49379 14.4931 1.11458 9.5165 0.172304 7.2434 11.3765 2.89737 0.156785 0.17338
5000.00 1368.15 100.108227 51.3641 1.49384 14.4936 1.07905 9.54885 0.17231 7.24365 11.3769 2.89747 0.15679 0.173386
5000.00 1363.15 100.103480 51.3666 1.49391 14.4943 1.03177 9.59188 0.172318 7.244 11.3774 2.89761 0.156798 0.173394
5000.00 1358.15 100.099608 51.3685 1.49397 14.4949 0.993202 9.627 0.172325 7.24428 11.3779 2.89772 0.156804 0.173401
5000.00 1353.15 100.096149 51.3703 1.49402 14.4954 0.958743 9.65837 0.172331 7.24453 11.3783 2.89782 0.156809 0.173407
5000.00 1348.15 100.095205 51.3708 1.49404 14.4955 0.949338 9.66693 0.172333 7.2446 11.3784 2.89785 0.156811 0.173409
5000.00 1343.15 100.094442 51.3712 1.49405 14.4956 0.941741 9.67385 0.172334 7.24465 11.3785 2.89787 0.156812 0.17341
5000.00 1338.15 100.093678 51.3716 1.49406 14.4957 0.934123 9.68078 0.172335 7.24471 11.3786 2.8979 0.156813 0.173411
5000.00 1333.15 100.092911 51.372 1.49407 14.4958 0.926484 9.68774 0.172337 7.24476 11.3787 2.89792 0.156814 0.173413
5000.00 1328.15 100.092142 51.3724 1.49408 14.4959 0.918825 9.69471 0.172338 7.24482 11.3787 2.89794 0.156815 0.173414
5000.00 1323.15 100.091371 51.3728 1.49409 14.4961 0.911145 9.7017 0.172339 7.24487 11.3788 2.89796 0.156817 0.173415
5000.00 1318.15 100.090598 51.3732 1.4941 14.4962 0.903445 9.70871 0.172341 7.24493 11.3789 2.89798 0.156818 0.173417
5000.00 1313.15 100.089824 51.3736 1.49412 14.4963 0.895725 9.71574 0.172342 7.24499 11.379 2.89801 0.156819 0.173418
5000.00 1308.15 100.089047 51.374 1.49413 14.4964 0.887986 9.72278 0.172343 7.24504 11.3791 2.89803 0.15682 0.173419
5000.00 1303.15 100.088268 51.3744 1.49414 14.4965 0.880226 9.72985 0.172345 7.2451 11.3792 2.89805 0.156821 0.173421
5000.00 1298.15 100.087487 51.3748 1.49415 14.4966 0.872448 9.73693 0.172346 7.24515 11.3793 2.89808 0.156823 0.173422
5000.00 1293.15 100.086705 51.3752 1.49416 14.4967 0.864651 9.74403 0.172347 7.24521 11.3794 2.8981 0.156824 0.173423
5000.00 1288.15 100.085920 51.3756 1.49417 14.4968 0.856836 9.75114 0.172349 7.24527 11.3794 2.89812 0.156825 0.173425
5000.00 1283.15 100.085134 51.376 1.49419 14.497 0.849002 9.75827 0.17235 7.24532 11.3795 2.89814 0.156826 0.173426
5000.00 1278.15 100.084346 51.3764 1.4942 14.4971 0.841149 9.76542 0.172351 7.24538 11.3796 2.89817 0.156828 0.173427
5000.00 1273.15 100.083556 51.3768 1.49421 14.4972 0.833279 9.77259 0.172353 7.24544 11.3797 2.89819 0.156829 0.173429
5000.00 1268.15 100.082765 51.3772 1.49422 14.4973 0.825391 9.77977 0.172354 7.2455 11.3798 2.89821 0.15683 0.17343
5000.00 1263.15 100.081971 51.3776 1.49423 14.4974 0.817485 9.78696 0.172355 7.24555 11.3799 2.89823 0.156831 0.173431
5000.00 1258.15 100.081176 51.378 1.49425 14.4975 0.809561 9.79418 0.172357 7.24561 11.38 2.89826 0.156833 0.173433
5000.00 1253.15 100.080379 51.3784 1.49426 14.4976 0.80162 9.80141 0.172358 7.24567 11.3801 2.89828 0.156834 0.173434
5000.00 1248.15 100.079581 51.3788 1.49427 14.4978 0.793662 9.80865 0.17236 7.24573 11.3802 2.8983 0.156835 0.173436
5000.00 1243.15 100.078780 51.3792 1.49428 14.4979 0.785686 9.81591 0.172361 7.24578 11.3803 2.89833 0.156836 0.173437
5000.00 1238.15 100.077978 51.3797 1.49429 14.498 0.777693 9.82319 0.172362 7.24584 11.3803 2.89835 0.156838 0.173438
5000.00 1233.15 100.077174 51.3801 1.49431 14.4981 0.769683 9.83048 0.172364 7.2459 11.3804 2.89837 0.156839 0.17344
5000.00 1228.15 100.076369 51.3805 1.49432 14.4982 0.761655 9.83779 0.172365 7.24596 11.3805 2.8984 0.15684 0.173441
5000.00 1223.15 100.075562 51.3809 1.49433 14.4983 0.753611 9.84511 0.172367 7.24602 11.3806 2.89842 0.156841 0.173443
5000.00 1218.15 100.074753 51.3813 1.49434 14.4985 0.745549 9.85245 0.172368 7.24608 11.3807 2.89844 0.156843 0.173444
5000.00 1213.15 100.073942 51.3817 1.49435 14.4986 0.73747 9.85981 0.172369 7.24614 11.3808 2.89847 0.156844 0.173445
5000.00 1208.15 100.073130 51.3821 1.49437 14.4987 0.729373 9.86718 0.172371 7.24619 11.3809 2.89849 0.156845 0.173447
5000.00 1203.15 100.071141 51.3832 1.4944 14.499 0.709552 9.88522 0.172374 7.24634 11.3811 2.89855 0.156848 0.17345
5000.00 1198.15 100.069131 51.3842 1.49443 14.4993 0.689523 9.90346 0.172378 7.24648 11.3814 2.89861 0.156851 0.173454
5000.00 1193.15 100.067150 51.3852 1.49445 14.4996 0.669772 9.92144 0.172381 7.24663 11.3816 2.89866 0.156855 0.173457
5000.00 1188.15 100.065197 51.3862 1.49448 14.4998 0.650306 9.93916 0.172384 7.24677 11.3818 2.89872 0.156858 0.173461
5000.00 1183.15 100.063273 51.3872 1.49451 14.5001 0.631129 9.95662 0.172388 7.24691 11.382 2.89878 0.156861 0.173464
5000.00 1178.15 100.061379 51.3882 1.49454 14.5004 0.612248 9.9738 0.172391 7.24704 11.3822 2.89883 0.156864 0.173467
5000.00 1173.15 100.059515 51.3891 1.49457 14.5007 0.593665 9.99072 0.172394 7.24718 11.3824 2.89889 0.156867 0.17347
5000.00 1168.15 100.057682 51.3901 1.4946 14.5009 0.575387 10.0074 0.172397 7.24731 11.3827 2.89894 0.156869 0.173474
5000.00 1163.15 100.055879 51.391 1.49462 14.5012 0.557417 10.0237 0.1724 7.24744 11.3829 2.89899 0.156872 0.173477
5000.00 1158.15 100.054108 51.3919 1.49465 14.5015 0.539759 10.0398 0.172403 7.24757 11.3831 2.89904 0.156875 0.17348
5000.00 1153.15 100.052453 51.3928 1.49467 14.5017 0.523254 10.0548 0.172406 7.24769 11.3833 2.89909 0.156878 0.173483
5000.00 1148.15 100.050740 51.3936 1.4947 14.5019 0.50618 10.0704 0.172409 7.24782 11.3834 2.89914 0.15688 0.173486
5000.00 1143.15 100.049061 51.3945 1.49472 14.5022 0.489429 10.0856 0.172412 7.24794 11.3836 2.89919 0.156883 0.173489
5000.00 1138.15 100.047413 51.3953 1.49475 14.5024 0.473003 10.1006 0.172415 7.24806 11.3838 2.89924 0.156886 0.173491
5000.00 1133.15 100.045799 51.3962 1.49477 14.5027 0.456905 10.1152 0.172418 7.24817 11.384 2.89928 0.156888 0.173494
5000.00 1128.15 100.044218 51.397 1.4948 14.5029 0.441136 10.1296 0.172421 7.24829 11.3842 2.89933 0.156891 0.173497
5000.00 1123.15 100.042669 51.3978 1.49482 14.5031 0.425698 10.1436 0.172423 7.2484 11.3844 2.89937 0.156893 0.1735
5000.00 1118.15 100.040959 51.3987 1.49485 14.5034 0.408642 10.1592 0.172426 7.24852 11.3846 2.89942 0.156896 0.173503
5000.00 1113.15 100.040051 51.3991 1.49486 14.5035 0.399586 10.1674 0.172428 7.24859 11.3847 2.89945 0.156897 0.173504
5000.00 1108.15 100.039344 51.3995 1.49487 14.5036 0.392534 10.1738 0.172429 7.24864 11.3847 2.89947 0.156898 0.173505
5000.00 1103.15 100.038645 51.3999 1.49488 14.5037 0.385561 10.1802 0.17243 7.24869 11.3848 2.89949 0.156899 0.173507
5000.00 1098.15 100.037954 51.4002 1.49489 14.5038 0.378666 10.1864 0.172431 7.24874 11.3849 2.89951 0.1569 0.173508
5000.00 1093.15 100.037270 51.4006 1.4949 14.5039 0.371849 10.1927 0.172432 7.24879 11.385 2.89953 0.156901 0.173509
5000.00 1088.15 100.036594 51.4009 1.49491 14.504 0.365109 10.1988 0.172434 7.24884 11.3851 2.89955 0.156902 0.17351
5000.00 1083.15 100.035926 51.4012 1.49492 14.5041 0.358447 10.2049 0.172435 7.24889 11.3851 2.89957 0.156904 0.173511
5000.00 1078.15 100.035266 51.4016 1.49493 14.5042 0.351862 10.2109 0.172436 7.24894 11.3852 2.89959 0.156905 0.173512
5000.00 1073.15 100.034614 51.4019 1.49494 14.5043 0.345353 10.2168 0.172437 7.24898 11.3853 2.89961 0.156906 0.173514
5000.00 1068.15 100.033969 51.4023 1.49495 14.5044 0.338922 10.2226 0.172438 7.24903 11.3854 2.89963 0.156907 0.173515
5000.00 1063.15 100.033332 51.4026 1.49496 14.5045 0.332566 10.2284 0.172439 7.24908 11.3854 2.89964 0.156908 0.173516
5000.00 1058.15 100.032702 51.4029 1.49497 14.5046 0.326286 10.2341 0.17244 7.24912 11.3855 2.89966 0.156909 0.173517
5000.00 1053.15 100.032080 51.4032 1.49498 14.5046 0.320082 10.2398 0.172441 7.24917 11.3856 2.89968 0.15691 0.173518
5000.00 1048.15 100.031466 51.4035 1.49499 14.5047 0.313954 10.2454 0.172442 7.24921 11.3856 2.8997 0.156911 0.173519
5000.00 1043.15 100.030859 51.4039 1.495 14.5048 0.3079 10.2509 0.172444 7.24926 11.3857 2.89972 0.156911 0.17352
5000.00 1038.15 100.030259 51.4042 1.49501 14.5049 0.30192 10.2563 0.172445 7.2493 11.3858 2.89973 0.156912 0.173521
5000.00 1033.15 100.029667 51.4045 1.49501 14.505 0.296015 10.2617 0.172446 7.24934 11.3858 2.89975 0.156913 0.173522
5000.00 1028.15 100.029083 51.4048 1.49502 14.5051 0.290183 10.267 0.172447 7.24938 11.3859 2.89977 0.156914 0.173523