Title: Gale2013MORB-6

Liquid Composition:
Pressure Temperature mass SiO2 TiO2 Al2O3 Fe2O3 FeO MnO MgO CaO Na2O K2O P2O5 
5000.00 1573.15 100.147933 51.3438 1.49325 14.4879 1.47435 9.18898 0.172242 7.24078 11.3724 2.89633 0.156728 0.173317
5000.00 1568.15 100.148089 51.3437 1.49325 14.4878 1.4759 9.18757 0.172242 7.24077 11.3724 2.89632 0.156728 0.173317
5000.00 1563.15 100.148250 51.3436 1.49324 14.4878 1.4775 9.18611 0.172241 7.24076 11.3724 2.89632 0.156728 0.173317
5000.00 1558.15 100.148417 51.3435 1.49324 14.4878 1.47917 9.18459 0.172241 7.24075 11.3723 2.89631 0.156727 0.173316
5000.00 1553.15 100.148590 51.3434 1.49324 14.4878 1.48088 9.18303 0.172241 7.24073 11.3723 2.89631 0.156727 0.173316
5000.00 1548.15 100.148768 51.3433 1.49324 14.4877 1.48266 9.18141 0.172241 7.24072 11.3723 2.8963 0.156727 0.173316
5000.00 1543.15 100.148953 51.3432 1.49323 14.4877 1.4845 9.17974 0.17224 7.24071 11.3723 2.8963 0.156726 0.173315
5000.00 1538.15 99.802011 51.3413 1.49751 14.5231 1.48679 9.18735 0.172839 7.20333 11.3511 2.90551 0.157271 0.173918
5000.00 1533.15 96.890415 51.3329 1.53364 14.8227 1.49145 9.26284 0.178033 6.89044 11.1618 2.98504 0.161997 0.179144
5000.00 1528.15 94.106966 51.3373 1.56853 15.1139 1.49478 9.33123 0.183299 6.59113 10.9637 3.0649 0.166789 0.184443
5000.00 1523.15 91.442919 51.3545 1.60206 15.3969 1.49677 9.39107 0.188639 6.30373 10.7598 3.14512 0.171648 0.189816
5000.00 1518.15 88.889354 51.3847 1.63413 15.6717 1.49742 9.44136 0.194058 6.02718 10.5519 3.22573 0.176579 0.195269
5000.00 1513.15 86.437898 51.4279 1.66459 15.9385 1.49673 9.48131 0.199561 5.76075 10.3414 3.30678 0.181587 0.200807
5000.00 1508.15 81.544667 51.4656 1.74472 15.9296 1.5254 9.72512 0.211537 5.5337 10.064 3.39587 0.191555 0.212857
5000.00 1503.15 74.876089 51.465 1.8768 15.6793 1.58072 10.1481 0.230376 5.32858 9.77077 3.48202 0.206447 0.231815
5000.00 1498.15 68.625610 51.4297 2.02176 15.4092 1.63757 10.5741 0.251359 5.12177 9.52421 3.55489 0.222402 0.252928
5000.00 1493.15 62.818629 51.359 2.17932 15.1248 1.69524 11.0008 0.274595 4.91909 9.31836 3.61318 0.239299 0.276309
5000.00 1488.15 57.456864 51.2522 2.34925 14.8317 1.75306 11.4265 0.30022 4.72506 9.14695 3.65602 0.25701 0.302094
5000.00 1483.15 52.517274 51.1087 2.53184 14.5342 1.8105 11.8502 0.328457 4.54239 9.00504 3.68284 0.275433 0.330508
5000.00 1478.15 47.902828 50.9304 2.72769 14.2233 1.86856 12.2716 0.360097 4.36492 8.90192 3.69446 0.294764 0.362345
5000.00 1473.15 43.645441 50.715 2.93684 13.9142 1.92549 12.6894 0.395223 4.20126 8.82089 3.68937 0.314694 0.39769
5000.00 1468.15 39.700795 50.4593 3.16146 13.6072 1.98116 13.1039 0.434492 4.05152 8.76178 3.6667 0.33519 0.437204
5000.00 1463.15 36.027996 50.1595 3.40427 13.3015 2.03563 13.5153 0.478785 3.91531 8.72644 3.62532 0.35622 0.481774
5000.00 1458.15 32.594014 49.8098 3.66876 12.9953 2.08896 13.9241 0.529228 3.79247 8.71753 3.56357 0.377717 0.532532
5000.00 1453.15 29.372303 49.4024 3.95954 12.6867 2.14129 14.3312 0.587277 3.68321 8.73882 3.47913 0.399559 0.590943
5000.00 1448.15 26.341807 48.926 4.28293 12.3723 2.19286 14.7382 0.65484 3.58812 8.79561 3.36872 0.421532 0.658928
5000.00 1443.15 23.486197 48.3637 4.64797 12.0473 2.24412 15.1486 0.73446 3.50837 8.89538 3.22782 0.443265 0.739045
5000.00 1438.15 20.793186 47.6899 5.06826 11.7042 2.2959 15.5685 0.829583 3.446 9.04883 3.05 0.464118 0.834762
5000.00 1433.15 18.181149 46.9225 5.5757 11.3495 2.34721 16.029 0.948767 3.39651 9.21512 2.83169 0.48412 0.89985
5000.00 1428.15 15.697578 45.9918 6.19996 10.963 2.39989 16.5372 1.09887 3.36646 9.42893 2.56007 0.501033 0.952662
5000.00 1423.15 13.399462 44.7915 6.98351 10.5115 2.45783 17.1021 1.28734 3.36408 9.74268 2.22207 0.511138 1.02631
5000.00 1418.15 11.336701 43.296 7.96176 9.9874 2.52057 17.7032 1.52158 3.38422 10.1582 1.82953 0.511286 1.12622
5000.00 1413.15 9.613647 41.7237 9.05531 9.46395 2.57514 18.1901 1.79429 3.39658 10.6002 1.45158 0.504052 1.24507
5000.00 1408.15 8.265167 40.3918 10.1014 9.04431 2.60624 18.4052 2.08703 3.37226 10.9728 1.15585 0.497554 1.36559
5000.00 1403.15 7.208324 39.3623 11.0368 8.7422 2.61369 18.3581 2.39302 3.31416 11.2628 0.94004 0.495357 1.48154
5000.00 1398.15 5.574526 39.5377 11.0927 8.83394 2.54121 17.6574 2.9707 3.1659 11.2714 0.856471 0.521267 1.55139
5000.00 1393.15 4.333727 39.76 11.0512 8.95438 2.46027 16.9061 3.62385 3.03471 11.2506 0.788135 0.543279 1.62748
5000.00 1388.15 3.432059 39.8443 11.0341 9.04108 2.38563 16.2241 4.31017 2.92816 11.2389 0.719464 0.556585 1.71751
5000.00 1383.15 2.752241 39.7688 11.0479 9.08635 2.32032 15.6316 5.02785 2.84236 11.2407 0.649578 0.560829 1.8237
5000.00 1378.15 2.223392 39.5236 11.0948 9.08783 2.26562 15.1321 5.77923 2.77409 11.2585 0.579007 0.556145 1.94906
5000.00 1373.15 1.801864 39.1105 11.1712 9.04705 2.22152 14.7188 6.56786 2.72043 11.2929 0.509323 0.54323 2.09712
5000.00 1368.15 1.222392 40.4986 10.7472 9.42808 2.06367 13.4061 6.953 2.54991 11.1387 0.522385 0.596796 2.09557
5000.00 1363.15 0.581137 50.1708 7.41603 11.3376 1.46334 9.06022 5.5771 1.91891 9.45805 1.11691 0.996896 1.48417
5000.00 1358.15 0.257610 53.3701 6.5228 11.6792 1.25744 7.6393 5.19143 1.69371 8.88655 1.2639 1.14095 1.35462
5000.00 1353.15 0.015516 55.4207 6.01558 11.8078 1.12304 6.74004 4.97699 1.54845 8.52945 1.31362 1.23462 1.28967
5000.00 1348.15 0.000000 ---
5000.00 1343.15 0.000000 ---
5000.00 1338.15 0.000000 ---
5000.00 1333.15 0.000000 ---
5000.00 1328.15 0.000000 ---
5000.00 1323.15 0.000000 ---
5000.00 1318.15 0.000000 ---
5000.00 1313.15 0.000000 ---
5000.00 1308.15 0.000000 ---
5000.00 1303.15 0.000000 ---
5000.00 1298.15 0.000000 ---
5000.00 1293.15 0.000000 ---
5000.00 1288.15 0.000000 ---
5000.00 1283.15 0.000000 ---
5000.00 1278.15 0.000000 ---
5000.00 1273.15 0.000000 ---
5000.00 1268.15 0.000000 ---
5000.00 1263.15 0.000000 ---
5000.00 1258.15 0.000000 ---
5000.00 1253.15 0.000000 ---
5000.00 1248.15 0.000000 ---
5000.00 1243.15 0.000000 ---
5000.00 1238.15 0.000000 ---
5000.00 1233.15 0.000000 ---
5000.00 1228.15 0.000000 ---
5000.00 1223.15 0.000000 ---
5000.00 1218.15 0.000000 ---
5000.00 1213.15 0.000000 ---
5000.00 1208.15 0.000000 ---
5000.00 1203.15 0.000000 ---
5000.00 1198.15 0.000000 ---
5000.00 1193.15 0.000000 ---
5000.00 1188.15 0.000000 ---
5000.00 1183.15 0.000000 ---
5000.00 1178.15 0.000000 ---
5000.00 1173.15 0.000000 ---
5000.00 1168.15 0.000000 ---
5000.00 1163.15 0.000000 ---
5000.00 1158.15 0.000000 ---
5000.00 1153.15 0.399568 1.72884 0.230724 0.00886691 0.0155127 0.00931597 1.91943 1.13231 51.5073 1.16979e-005 0.0072848 43.4404
5000.00 1148.15 0.399340 1.70848 0.22554 0.00846767 0.0148526 0.00883603 1.91524 1.11064 51.5358 1.03372e-005 0.0069698 43.4651
5000.00 1143.15 0.399116 1.68847 0.220482 0.00808365 0.0142197 0.00837938 1.91099 1.08937 51.5638 9.12319e-006 0.00666589 43.4895
5000.00 1138.15 0.398897 1.6688 0.215544 0.00771438 0.0136127 0.00794495 1.90666 1.0685 51.5914 8.04146e-006 0.00637279 43.5134
5000.00 1133.15 0.398681 1.64946 0.210724 0.00735939 0.0130307 0.00753173 1.90225 1.04801 51.6185 7.07876e-006 0.0060902 43.537
5000.00 1128.15 0.398469 1.63045 0.206016 0.00701822 0.0124728 0.00713873 1.89774 1.02792 51.6452 6.22308e-006 0.00581785 43.5602
5000.00 1123.15 0.398260 1.61174 0.201419 0.00669043 0.011938 0.00676503 1.89314 1.0082 51.6716 5.46349e-006 0.00555547 43.583
5000.00 1118.15 0.397900 1.58444 0.193423 0.00647099 0.0116237 0.00651548 1.85645 0.995707 51.7175 5.13808e-006 0.0054001 43.6224
5000.00 1113.15 0.397568 1.5608 0.183474 0.00629257 0.0113043 0.00626853 1.81979 0.988033 51.7599 4.72957e-006 0.00527172 43.6588
5000.00 1108.15 0.397256 1.53879 0.173641 0.00612411 0.0109879 0.00602779 1.78505 0.981309 51.7998 4.31731e-006 0.0051482 43.6931
5000.00 1103.15 0.396954 1.51735 0.164311 0.00596138 0.0106866 0.00579915 1.75105 0.974786 51.8386 3.939e-006 0.00502798 43.7264
5000.00 1098.15 0.396660 1.49645 0.155457 0.00580409 0.0103997 0.00558189 1.71776 0.96846 51.8764 3.59196e-006 0.00491093 43.7588
5000.00 1093.15 0.396375 1.47608 0.147056 0.00565194 0.0101263 0.00537536 1.68516 0.962331 51.9131 3.27372e-006 0.0047969 43.7903
5000.00 1088.15 0.396097 1.45623 0.139083 0.00550469 0.00986582 0.00517895 1.65323 0.956398 51.9489 2.98201e-006 0.00468579 43.821
5000.00 1083.15 0.395828 1.43687 0.131517 0.0053621 0.00961766 0.00499209 1.62195 0.950658 51.9837 2.71473e-006 0.00457747 43.8508
5000.00 1078.15 0.395566 1.41801 0.124338 0.00522393 0.00938124 0.00481425 1.59129 0.94511 52.0175 2.46992e-006 0.00447183 43.8798
5000.00 1073.15 0.395312 1.39962 0.117525 0.00508999 0.00915601 0.00464495 1.56125 0.939755 52.0505 2.24582e-006 0.00436879 43.9081
5000.00 1068.15 0.395064 1.38169 0.111062 0.00496008 0.00894147 0.00448372 1.53179 0.93459 52.0826 2.04075e-006 0.00426823 43.9356
5000.00 1063.15 0.394824 1.36422 0.104929 0.004834 0.00873717 0.00433014 1.5029 0.929616 52.1139 1.8532e-006 0.00417007 43.9623
5000.00 1058.15 0.394590 1.34719 0.0991108 0.00471161 0.00854265 0.00418379 1.47457 0.924831 52.1444 1.68176e-006 0.00407422 43.9884
5000.00 1053.15 0.394362 1.33059 0.0935919 0.00459272 0.00835753 0.00404431 1.44678 0.920236 52.1741 1.52512e-006 0.00398061 44.0138
5000.00 1048.15 0.394141 1.31441 0.0883572 0.0044772 0.0081814 0.00391134 1.41952 0.915831 52.203 1.3821e-006 0.00388915 44.0385
5000.00 1043.15 0.393926 1.29865 0.0833929 0.0043649 0.00801393 0.00378455 1.39277 0.911615 52.2311 1.25157e-006 0.00379978 44.0625
5000.00 1038.15 0.393717 1.28329 0.0786856 0.00425568 0.00785478 0.00366363 1.36651 0.907588 52.2585 1.13252e-006 0.00371243 44.0859
5000.00 1033.15 0.393513 1.26833 0.0742228 0.00414943 0.00770364 0.0035483 1.34074 0.903751 52.2852 1.024e-006 0.00362703 44.1087
5000.00 1028.15 0.393315 1.25377 0.0699923 0.00404603 0.00756023 0.00343827 1.31544 0.900105 52.3112 9.25151e-007 0.00354352 44.1309