Title: Gale2013MORB-6

Solid Composition:
Pressure Temperature mass SiO2 TiO2 Al2O3 Fe2O3 FeO MnO MgO CaO Na2O K2O P2O5 
5000.00 1573.15 0.000000 ---
5000.00 1568.15 0.000000 ---
5000.00 1563.15 0.000000 ---
5000.00 1558.15 0.000000 ---
5000.00 1553.15 0.000000 ---
5000.00 1548.15 0.000000 ---
5000.00 1543.15 0.000000 ---
5000.00 1538.15 0.347057 51.8757 0.264102 4.31747 1.15316 6.69103 0 17.9883 17.4653 0.244935 0 0
5000.00 1533.15 3.258314 51.6542 0.29191 4.52818 1.20938 6.77108 0 17.6569 17.6307 0.25765 0 0
5000.00 1528.15 6.041623 51.4387 0.32052 4.73483 1.26432 6.87474 0 17.3592 17.7374 0.270228 0 0
5000.00 1523.15 8.705710 51.2267 0.350169 4.93889 1.31853 6.99371 0 17.0828 17.8064 0.28284 0 0
5000.00 1518.15 11.259483 51.0168 0.380964 5.14097 1.37223 7.12369 0 16.8211 17.8487 0.295574 0 0
5000.00 1513.15 13.711304 50.8085 0.412954 5.3413 1.42552 7.26211 0 16.5704 17.8707 0.30848 0 0
5000.00 1508.15 18.604225 50.807 0.390963 8.16769 1.30194 6.79228 0 14.7227 17.1067 0.706619 0.00406711 0
5000.00 1503.15 25.271698 50.9849 0.356866 10.9578 1.15342 6.35239 0 12.9064 16.1178 1.16101 0.0094184 0
5000.00 1498.15 31.520955 51.1588 0.342678 12.4825 1.07573 6.21269 0 11.8545 15.3967 1.46267 0.0137528 0
5000.00 1493.15 37.326673 51.3218 0.338735 13.417 1.03236 6.20369 0 11.1486 14.83 1.69011 0.0177762 0
5000.00 1488.15 42.687194 51.4717 0.341205 14.0264 1.00872 6.25969 0 10.6276 14.3689 1.87404 0.0217629 0
5000.00 1483.15 47.625588 51.6085 0.348142 14.4383 0.997532 6.35109 0 10.2171 13.9841 2.02934 0.0258471 0
5000.00 1478.15 52.238969 51.7289 0.361449 14.7322 0.995789 6.46882 0 9.87878 13.6391 2.16478 0.0301682 0
5000.00 1473.15 56.495391 51.836 0.37819 14.9329 1.00054 6.59876 0 9.58987 13.345 2.28403 0.0347111 0
5000.00 1468.15 60.439155 51.9315 0.397646 15.0682 1.00981 6.73719 0 9.33667 13.0887 2.39067 0.0395221 0
5000.00 1463.15 64.111148 52.0163 0.419535 15.1566 1.0223 6.88212 0 9.11056 12.8609 2.48706 0.044643 0
5000.00 1458.15 67.544385 52.0912 0.443652 15.2101 1.03708 7.03208 0 8.90581 12.6551 2.57475 0.0501106 0
5000.00 1453.15 70.765393 52.157 0.469791 15.2376 1.05335 7.18588 0 8.71846 12.4672 2.65484 0.0559599 0
5000.00 1448.15 73.795202 52.2144 0.49767 15.2452 1.07033 7.34244 0 8.5457 12.2939 2.72813 0.0622274 0
5000.00 1443.15 76.650101 52.2647 0.526843 15.2379 1.0872 7.50064 0 8.38552 12.1331 2.79519 0.0689547 0
5000.00 1438.15 79.342320 52.3094 0.556582 15.2197 1.10293 7.65922 0 8.23641 11.9831 2.85651 0.0761951 0
5000.00 1433.15 81.953336 52.333 0.587813 15.1865 1.11716 7.82043 0 8.09481 11.8529 2.91114 0.0841227 0.0121661
5000.00 1428.15 84.435591 52.3477 0.618477 15.1457 1.12801 7.9815 0 7.96233 11.7357 2.95935 0.0927451 0.0284581
5000.00 1423.15 86.731997 52.3658 0.645327 15.1049 1.13311 8.1388 0 7.84108 11.6263 3.00104 0.102004 0.0415689
5000.00 1418.15 88.792622 52.382 0.667688 15.0655 1.13188 8.29209 0 7.73469 11.5298 3.03314 0.111492 0.051691
5000.00 1413.15 90.513448 52.3774 0.690408 15.0248 1.12798 8.44183 0 7.65075 11.457 3.05044 0.119874 0.0595243
5000.00 1408.15 91.859994 52.3419 0.719095 14.9812 1.12545 8.58466 0 7.59065 11.4112 3.05364 0.126101 0.0660846
5000.00 1403.15 92.915169 52.2868 0.753257 14.9374 1.12381 8.71629 0 7.54731 11.3839 3.04886 0.130499 0.0718715
5000.00 1398.15 94.547373 52.054 0.927677 14.8252 1.13702 8.93951 0.0072922 7.48303 11.3815 3.01739 0.135278 0.0921134
5000.00 1393.15 95.786243 51.8828 1.06125 14.7425 1.13879 9.1047 0.0161287 7.43319 11.3812 2.99255 0.139285 0.107576
5000.00 1388.15 96.685831 51.7679 1.15504 14.6857 1.13232 9.22117 0.0254115 7.39612 11.3807 2.9745 0.142583 0.118557
5000.00 1383.15 97.363546 51.6879 1.22365 14.6453 1.12138 9.30642 0.0350419 7.36751 11.3799 2.96079 0.145357 0.126722
5000.00 1378.15 97.890345 51.6302 1.27569 14.6156 1.10822 9.37094 0.0449501 7.34476 11.379 2.94997 0.147711 0.133045
5000.00 1373.15 98.309931 51.5869 1.31642 14.5929 1.0943 9.42115 0.0550838 7.32629 11.378 2.94114 0.149702 0.138121
5000.00 1368.15 98.885834 51.4984 1.37946 14.5562 1.06688 9.50117 0.0884898 7.30168 11.3799 2.92683 0.151351 0.149625
5000.00 1363.15 99.522343 51.3735 1.45933 14.5127 1.02925 9.59499 0.140758 7.27509 11.3887 2.90801 0.151892 0.16574
5000.00 1358.15 99.841998 51.3634 1.48099 14.5021 0.99252 9.63213 0.159375 7.2586 11.3843 2.90194 0.154264 0.170353
5000.00 1353.15 100.080633 51.3697 1.49332 14.4958 0.958718 9.65882 0.171586 7.24541 11.3787 2.89807 0.156642 0.173234
5000.00 1348.15 100.095205 51.3708 1.49404 14.4955 0.949338 9.66693 0.172333 7.2446 11.3784 2.89785 0.156811 0.173409
5000.00 1343.15 100.094442 51.3712 1.49405 14.4956 0.941741 9.67385 0.172334 7.24465 11.3785 2.89787 0.156812 0.17341
5000.00 1338.15 100.093678 51.3716 1.49406 14.4957 0.934123 9.68078 0.172335 7.24471 11.3786 2.8979 0.156813 0.173411
5000.00 1333.15 100.092911 51.372 1.49407 14.4958 0.926484 9.68774 0.172337 7.24476 11.3787 2.89792 0.156814 0.173413
5000.00 1328.15 100.092142 51.3724 1.49408 14.4959 0.918825 9.69471 0.172338 7.24482 11.3787 2.89794 0.156815 0.173414
5000.00 1323.15 100.091371 51.3728 1.49409 14.4961 0.911145 9.7017 0.172339 7.24487 11.3788 2.89796 0.156817 0.173415
5000.00 1318.15 100.090598 51.3732 1.4941 14.4962 0.903445 9.70871 0.172341 7.24493 11.3789 2.89798 0.156818 0.173417
5000.00 1313.15 100.089824 51.3736 1.49412 14.4963 0.895725 9.71574 0.172342 7.24499 11.379 2.89801 0.156819 0.173418
5000.00 1308.15 100.089047 51.374 1.49413 14.4964 0.887986 9.72278 0.172343 7.24504 11.3791 2.89803 0.15682 0.173419
5000.00 1303.15 100.088268 51.3744 1.49414 14.4965 0.880226 9.72985 0.172345 7.2451 11.3792 2.89805 0.156821 0.173421
5000.00 1298.15 100.087487 51.3748 1.49415 14.4966 0.872448 9.73693 0.172346 7.24515 11.3793 2.89808 0.156823 0.173422
5000.00 1293.15 100.086705 51.3752 1.49416 14.4967 0.864651 9.74403 0.172347 7.24521 11.3794 2.8981 0.156824 0.173423
5000.00 1288.15 100.085920 51.3756 1.49417 14.4968 0.856836 9.75114 0.172349 7.24527 11.3794 2.89812 0.156825 0.173425
5000.00 1283.15 100.085134 51.376 1.49419 14.497 0.849002 9.75827 0.17235 7.24532 11.3795 2.89814 0.156826 0.173426
5000.00 1278.15 100.084346 51.3764 1.4942 14.4971 0.841149 9.76542 0.172351 7.24538 11.3796 2.89817 0.156828 0.173427
5000.00 1273.15 100.083556 51.3768 1.49421 14.4972 0.833279 9.77259 0.172353 7.24544 11.3797 2.89819 0.156829 0.173429
5000.00 1268.15 100.082765 51.3772 1.49422 14.4973 0.825391 9.77977 0.172354 7.2455 11.3798 2.89821 0.15683 0.17343
5000.00 1263.15 100.081971 51.3776 1.49423 14.4974 0.817485 9.78696 0.172355 7.24555 11.3799 2.89823 0.156831 0.173431
5000.00 1258.15 100.081176 51.378 1.49425 14.4975 0.809561 9.79418 0.172357 7.24561 11.38 2.89826 0.156833 0.173433
5000.00 1253.15 100.080379 51.3784 1.49426 14.4976 0.80162 9.80141 0.172358 7.24567 11.3801 2.89828 0.156834 0.173434
5000.00 1248.15 100.079581 51.3788 1.49427 14.4978 0.793662 9.80865 0.17236 7.24573 11.3802 2.8983 0.156835 0.173436
5000.00 1243.15 100.078780 51.3792 1.49428 14.4979 0.785686 9.81591 0.172361 7.24578 11.3803 2.89833 0.156836 0.173437
5000.00 1238.15 100.077978 51.3797 1.49429 14.498 0.777693 9.82319 0.172362 7.24584 11.3803 2.89835 0.156838 0.173438
5000.00 1233.15 100.077174 51.3801 1.49431 14.4981 0.769683 9.83048 0.172364 7.2459 11.3804 2.89837 0.156839 0.17344
5000.00 1228.15 100.076369 51.3805 1.49432 14.4982 0.761655 9.83779 0.172365 7.24596 11.3805 2.8984 0.15684 0.173441
5000.00 1223.15 100.075562 51.3809 1.49433 14.4983 0.753611 9.84511 0.172367 7.24602 11.3806 2.89842 0.156841 0.173443
5000.00 1218.15 100.074753 51.3813 1.49434 14.4985 0.745549 9.85245 0.172368 7.24608 11.3807 2.89844 0.156843 0.173444
5000.00 1213.15 100.073942 51.3817 1.49435 14.4986 0.73747 9.85981 0.172369 7.24614 11.3808 2.89847 0.156844 0.173445
5000.00 1208.15 100.073130 51.3821 1.49437 14.4987 0.729373 9.86718 0.172371 7.24619 11.3809 2.89849 0.156845 0.173447
5000.00 1203.15 100.071141 51.3832 1.4944 14.499 0.709552 9.88522 0.172374 7.24634 11.3811 2.89855 0.156848 0.17345
5000.00 1198.15 100.069131 51.3842 1.49443 14.4993 0.689523 9.90346 0.172378 7.24648 11.3814 2.89861 0.156851 0.173454
5000.00 1193.15 100.067150 51.3852 1.49445 14.4996 0.669772 9.92144 0.172381 7.24663 11.3816 2.89866 0.156855 0.173457
5000.00 1188.15 100.065197 51.3862 1.49448 14.4998 0.650306 9.93916 0.172384 7.24677 11.3818 2.89872 0.156858 0.173461
5000.00 1183.15 100.063273 51.3872 1.49451 14.5001 0.631129 9.95662 0.172388 7.24691 11.382 2.89878 0.156861 0.173464
5000.00 1178.15 100.061379 51.3882 1.49454 14.5004 0.612248 9.9738 0.172391 7.24704 11.3822 2.89883 0.156864 0.173467
5000.00 1173.15 100.059515 51.3891 1.49457 14.5007 0.593665 9.99072 0.172394 7.24718 11.3824 2.89889 0.156867 0.17347
5000.00 1168.15 100.057682 51.3901 1.4946 14.5009 0.575387 10.0074 0.172397 7.24731 11.3827 2.89894 0.156869 0.173474
5000.00 1163.15 100.055879 51.391 1.49462 14.5012 0.557417 10.0237 0.1724 7.24744 11.3829 2.89899 0.156872 0.173477
5000.00 1158.15 100.054108 51.3919 1.49465 14.5015 0.539759 10.0398 0.172403 7.24757 11.3831 2.89904 0.156875 0.17348
5000.00 1153.15 99.652885 51.5919 1.49974 14.5598 0.525289 10.0951 0.165401 7.27221 11.2224 2.91071 0.157477 0
5000.00 1148.15 99.651401 51.5927 1.49979 14.56 0.508149 10.1107 0.165425 7.27241 11.2225 2.91076 0.157481 0
5000.00 1143.15 99.649944 51.5936 1.49983 14.5602 0.491332 10.126 0.165449 7.2726 11.2227 2.9108 0.157485 0
5000.00 1138.15 99.648517 51.5944 1.49987 14.5604 0.474842 10.141 0.165473 7.27279 11.2229 2.91084 0.157488 0
5000.00 1133.15 99.647118 51.5952 1.49991 14.5607 0.458681 10.1557 0.165497 7.27298 11.223 2.91088 0.157491 0
5000.00 1128.15 99.645749 51.596 1.49995 14.5609 0.44285 10.1701 0.165521 7.27316 11.2232 2.91092 0.157495 0
5000.00 1123.15 99.644409 51.5968 1.49999 14.561 0.427351 10.1841 0.165546 7.27334 11.2233 2.91096 0.157498 0
5000.00 1118.15 99.643059 51.5976 1.50004 14.5612 0.410228 10.1997 0.165701 7.27349 11.2235 2.911 0.157501 0
5000.00 1113.15 99.642483 51.598 1.50009 14.5613 0.401135 10.2079 0.165855 7.27357 11.2236 2.91102 0.157502 0
5000.00 1108.15 99.642088 51.5983 1.50014 14.5614 0.394055 10.2144 0.166 7.27363 11.2236 2.91103 0.157503 0
5000.00 1103.15 99.641691 51.5986 1.50018 14.5614 0.387055 10.2207 0.166141 7.27369 11.2237 2.91104 0.157504 0
5000.00 1098.15 99.641294 51.5989 1.50022 14.5615 0.380132 10.227 0.16628 7.27374 11.2237 2.91105 0.157505 0
5000.00 1093.15 99.640896 51.5992 1.50026 14.5616 0.373288 10.2332 0.166415 7.2738 11.2238 2.91106 0.157506 0
5000.00 1088.15 99.640497 51.5994 1.5003 14.5616 0.366522 10.2393 0.166547 7.27385 11.2238 2.91108 0.157508 0
5000.00 1083.15 99.640099 51.5997 1.50034 14.5617 0.359833 10.2454 0.166676 7.27391 11.2239 2.91109 0.157509 0
5000.00 1078.15 99.639700 51.6 1.50037 14.5617 0.353221 10.2514 0.166803 7.27396 11.2239 2.9111 0.15751 0
5000.00 1073.15 99.639302 51.6003 1.50041 14.5618 0.346687 10.2573 0.166927 7.27402 11.2239 2.91111 0.157511 0
5000.00 1068.15 99.638905 51.6006 1.50044 14.5619 0.34023 10.2631 0.167048 7.27407 11.224 2.91112 0.157512 0
5000.00 1063.15 99.638508 51.6009 1.50047 14.5619 0.333849 10.2689 0.167167 7.27412 11.224 2.91113 0.157513 0
5000.00 1058.15 99.638112 51.6011 1.5005 14.562 0.327545 10.2746 0.167284 7.27417 11.2241 2.91115 0.157514 0
5000.00 1053.15 99.637718 51.6014 1.50053 14.562 0.321316 10.2803 0.167398 7.27422 11.2241 2.91116 0.157515 0
5000.00 1048.15 99.637325 51.6017 1.50055 14.5621 0.315163 10.2859 0.167509 7.27427 11.2242 2.91117 0.157516 0
5000.00 1043.15 99.636933 51.6019 1.50058 14.5622 0.309085 10.2914 0.167619 7.27431 11.2242 2.91118 0.157517 0
5000.00 1038.15 99.636543 51.6022 1.5006 14.5622 0.303082 10.2968 0.167726 7.27436 11.2243 2.91119 0.157518 0
5000.00 1033.15 99.636154 51.6025 1.50063 14.5623 0.297154 10.3022 0.167831 7.2744 11.2243 2.9112 0.157519 0
5000.00 1028.15 99.635767 51.6027 1.50065 14.5623 0.291299 10.3075 0.167935 7.27445 11.2244 2.91121 0.15752 0