Title: Gale2013MORB-6

System Thermodynamic Data:
Pressure Temperature mass F phi S H V dVdP*10^6 dVdT*10^6 Cp logfO2(absolute) logfO2-QFM rhol rhos viscosity aH2O chisqr
5000.00 1573.15 100.147933 1.0000000000000000 1.000000 275.588900 -1184277.012204 36.607287 -184.340211 2466.540516 149.219851 -7.247 0.000 2.735738 0.000000 2.084 0 0.000
5000.00 1568.15 100.148089 1.0000000000000000 1.000000 275.114210 -1185025.338160 36.595083 -184.415411 2466.604737 149.220650 -7.296 0.000 2.736654 0.000000 2.104 0 0.000
5000.00 1563.15 100.148250 1.0000000000000000 1.000000 274.638010 -1185773.752025 36.582883 -184.490770 2466.671259 149.221477 -7.346 0.000 2.737571 0.000000 2.124 0 0.000
5000.00 1558.15 100.148417 1.0000000000000000 1.000000 274.160289 -1186522.255400 36.570687 -184.566293 2466.740117 149.222333 -7.396 0.000 2.738489 0.000000 2.145 0 0.000
5000.00 1553.15 100.148590 1.0000000000000000 1.000000 273.681039 -1187270.849921 36.558495 -184.641985 2466.811346 149.223219 -7.447 0.000 2.739407 0.000000 2.166 0 0.000
5000.00 1548.15 100.148768 1.0000000000000000 1.000000 273.200248 -1188019.537258 36.546308 -184.717852 2466.884980 149.224135 -7.498 0.000 2.740325 0.000000 2.186 0 0.000
5000.00 1543.15 100.148953 1.0000000000000000 1.000000 272.717907 -1188768.319115 36.534124 -184.793898 2466.961055 149.225081 -7.549 0.000 2.741244 0.000000 2.207 0 0.000
5000.00 1538.15 100.149068 0.9965345999061568 0.997051 272.135204 -1189667.824916 36.505384 -184.498966 2463.521030 149.095794 -7.600 0.000 2.741985 3.223631 2.232 0 0.000
5000.00 1533.15 100.148729 0.9674652495605116 0.972232 270.821252 -1191679.380915 36.354294 -181.465761 2433.869065 148.004702 -7.652 0.000 2.741291 3.227715 2.281 0 0.000
5000.00 1528.15 100.148589 0.9396734131744009 0.948373 269.544204 -1193631.470372 36.209418 -178.572901 2405.085498 146.963161 -7.704 0.000 2.740444 3.231892 2.331 0 0.000
5000.00 1523.15 100.148629 0.9130721030935506 0.925419 268.302766 -1195526.122954 36.070418 -175.807804 2377.054568 145.968192 -7.757 0.000 2.739430 3.236142 2.382 0 0.000
5000.00 1518.15 100.148837 0.8875725054586450 0.903312 267.094971 -1197366.445624 35.936913 -173.158928 2349.678732 145.016576 -7.810 0.000 2.738238 3.240455 2.434 0 0.000
5000.00 1513.15 100.149202 0.8630912278994130 0.881995 265.918701 -1199155.777781 35.808527 -170.615943 2322.875480 144.105212 -7.863 0.000 2.736855 3.244820 2.487 0 0.000
5000.00 1508.15 100.148892 0.8142343406296266 0.835499 264.206266 -1201736.363331 35.640727 -164.061841 2261.824671 142.522284 -7.917 0.000 2.738439 3.173191 2.523 0 0.000
5000.00 1503.15 100.147787 0.7476559537912945 0.770024 262.130582 -1204841.680685 35.448588 -154.416936 2175.701546 140.477659 -7.970 0.000 2.743090 3.099936 2.542 0 0.000
5000.00 1498.15 100.146565 0.6852517635698873 0.707940 260.180919 -1207745.419961 35.270581 -145.216723 2094.727655 138.586741 -8.025 0.000 2.748384 3.059948 2.556 0 0.000
5000.00 1493.15 100.145303 0.6272748455753053 0.649667 258.354992 -1210453.658182 35.106191 -136.539801 2019.408710 136.850558 -8.079 0.000 2.754316 3.034973 2.565 0 0.000
5000.00 1488.15 100.144057 0.5737421194937188 0.595377 256.646624 -1212977.854124 34.954482 -128.425573 1949.877679 135.263575 -8.134 0.000 2.760876 3.018175 2.569 0 0.000
5000.00 1483.15 100.142861 0.5244235377140823 0.544967 255.045848 -1215334.574439 34.814180 -120.868825 1885.881640 133.814073 -8.190 0.000 2.768063 3.006360 2.569 0 0.000
5000.00 1478.15 100.141797 0.4783499939919021 0.497552 253.525365 -1217566.794596 34.683345 -113.733695 1825.881299 130.602739 -8.245 0.000 2.775888 2.997659 2.564 0 0.000
5000.00 1473.15 100.140831 0.4358406058209584 0.453552 252.093329 -1219662.681680 34.561286 -107.103503 1770.548657 129.543650 -8.302 0.000 2.784337 2.991399 2.555 0 0.000
5000.00 1468.15 100.139951 0.3964531126900449 0.412579 250.734600 -1221645.138259 34.446781 -100.922214 1719.272889 128.569566 -8.358 0.000 2.793469 2.986895 2.540 0 0.000
5000.00 1463.15 100.139144 0.3597793503067683 0.374261 249.439045 -1223529.562301 34.338827 -95.135586 1671.467833 127.668310 -8.415 0.000 2.803368 2.983698 2.520 0 0.000
5000.00 1458.15 100.138399 0.3254896696781403 0.338298 248.198460 -1225328.325648 34.236639 -89.699682 1626.658046 126.830063 -8.472 0.000 2.814147 2.981508 2.495 0 0.000
5000.00 1453.15 100.137696 0.2933191454337468 0.304447 247.006233 -1227051.266515 34.139624 -84.578985 1584.462033 126.046951 -8.530 0.000 2.825970 2.980108 2.462 0 0.000
5000.00 1448.15 100.137009 0.2630576543438998 0.272512 245.857107 -1228706.013453 34.047356 -79.744967 1544.582399 125.312773 -8.588 0.000 2.839073 2.979332 2.421 0 0.000
5000.00 1443.15 100.136298 0.2345422914404057 0.242340 244.747008 -1230298.187100 33.959575 -75.174844 1506.801767 124.622808 -8.646 0.000 2.853814 2.979038 2.370 0 0.000
5000.00 1438.15 100.135505 0.2076504786640230 0.213812 243.672894 -1231831.527906 33.876178 -70.850247 1470.983540 123.973709 -8.705 0.000 2.870747 2.979092 2.305 0 0.000
5000.00 1433.15 100.134485 0.1815673114215014 0.186114 242.618920 -1233326.531633 33.794585 -66.688144 1436.375166 123.336009 -8.765 0.000 2.890653 2.979585 2.230 0 0.000
5000.00 1428.15 100.133169 0.1567670186787147 0.159727 241.594054 -1234769.396357 33.716735 -62.738404 1403.335831 122.720127 -8.824 0.000 2.914799 2.980298 2.135 0 0.000
5000.00 1423.15 100.131459 0.1338187038657811 0.135233 240.609228 -1236143.066196 33.644967 -59.064131 1372.737281 122.152512 -8.885 0.000 2.945000 2.980986 2.009 0 0.000
5000.00 1418.15 100.129323 0.1132205905643550 0.113219 239.675042 -1237432.329793 33.580580 -55.765345 1345.194651 121.640661 -8.945 0.000 2.981796 2.981758 1.848 0 0.000
5000.00 1413.15 100.127095 0.0960144390129917 0.094961 238.814666 -1238610.847681 33.525102 -53.065492 1321.518068 121.196475 -9.006 0.000 3.019778 2.983153 1.680 0 0.000
5000.00 1408.15 100.125162 0.0825483541361635 0.080915 238.037640 -1239672.751691 33.478374 -51.045877 1301.674143 120.820875 -9.067 0.000 3.051124 2.985426 1.543 0 0.000
5000.00 1403.15 100.123493 0.0719943343596116 0.070118 237.326960 -1240642.215220 33.438593 -49.540210 1284.762794 120.500208 -9.129 0.000 3.074367 2.988208 1.442 0 0.000
5000.00 1398.15 100.121899 0.0556773863874977 0.054374 236.447060 -1241846.446051 33.393056 -47.491084 1250.261887 119.957354 -9.192 0.000 3.070170 2.994152 1.464 0 0.000
5000.00 1393.15 100.119970 0.0432853397622992 0.042389 235.672124 -1242893.928181 33.359172 -45.926514 1223.384784 119.533211 -9.254 0.000 3.064744 2.998463 1.484 0 0.000
5000.00 1388.15 100.117891 0.0342801814237429 0.033620 234.988741 -1243807.570500 33.334039 -44.770125 1203.570841 119.214117 -9.318 0.000 3.062411 3.001423 1.486 0 0.000
5000.00 1383.15 100.115787 0.0274905799148938 0.026965 234.365111 -1244634.581895 33.314473 -43.882555 1188.359118 118.963128 -9.381 0.000 3.063702 3.003552 1.465 0 0.000
5000.00 1378.15 100.113737 0.0222086597364619 0.021758 233.781918 -1245403.611379 33.298543 -43.180486 1176.251985 118.757839 -9.445 0.000 3.068797 3.005166 1.421 0 0.000
5000.00 1373.15 100.111795 0.0179985180782938 0.017590 233.227208 -1246132.476476 33.285040 -42.613262 1166.317558 118.584356 -9.510 0.000 3.077575 3.006461 1.356 0 0.000
5000.00 1368.15 100.108227 0.0122107091768518 0.012065 232.610670 -1246914.616230 33.273632 -41.936836 1152.320922 118.466935 -9.575 0.000 3.045010 3.008191 1.521 0 0.000
5000.00 1363.15 100.103480 0.0058053669283303 0.006136 231.974603 -1247699.787174 33.265212 -41.275916 1135.824015 118.205086 -9.640 0.000 2.846931 3.010256 2.787 0 0.000
5000.00 1358.15 100.099608 0.0025735325821621 0.002776 231.439925 -1248359.210031 33.259254 -40.794859 1128.625174 118.070459 -9.706 0.000 2.789667 3.010289 3.247 0 0.000
5000.00 1353.15 100.096149 0.0001550152460776 0.000169 230.929490 -1248990.404620 33.253783 -40.394971 1123.296721 117.962094 -9.773 0.000 2.755591 3.010111 3.557 0 0.000
5000.00 1348.15 100.095205 0.0000000000000000 0.000000 230.478319 -1249583.211370 33.246918 -40.364425 1121.368537 117.901058 -9.840 0.000 0.000000 3.010661 3.587 0 0.000
5000.00 1343.15 100.094442 0.0000000000000000 0.000000 230.029783 -1250173.406154 33.239929 -40.360187 1119.660450 117.842783 -9.907 0.000 0.000000 3.011271 3.587 0 0.000
5000.00 1338.15 100.093678 0.0000000000000000 0.000000 229.579803 -1250763.268772 33.232940 -40.355924 1117.952137 117.784195 -9.975 0.000 0.000000 3.011882 3.587 0 0.000
5000.00 1333.15 100.092911 0.0000000000000000 0.000000 229.128370 -1251352.797974 33.225949 -40.351636 1116.243595 117.725290 -10.044 0.000 0.000000 3.012492 3.587 0 0.000
5000.00 1328.15 100.092142 0.0000000000000000 0.000000 228.675474 -1251941.992504 33.218956 -40.347321 1114.534816 117.666067 -10.113 0.000 0.000000 3.013103 3.587 0 0.000
5000.00 1323.15 100.091371 0.0000000000000000 0.000000 228.221104 -1252530.851099 33.211961 -40.342980 1112.825796 117.606521 -10.183 0.000 0.000000 3.013715 3.587 0 0.000
5000.00 1318.15 100.090598 0.0000000000000000 0.000000 227.765251 -1253119.372492 33.204964 -40.338613 1111.116528 117.546650 -10.253 0.000 0.000000 3.014326 3.587 0 0.000
5000.00 1313.15 100.089824 0.0000000000000000 0.000000 227.307906 -1253707.555407 33.197965 -40.334220 1109.407008 117.486449 -10.323 0.000 0.000000 3.014938 3.587 0 0.000
5000.00 1308.15 100.089047 0.0000000000000000 0.000000 226.848949 -1254295.539940 33.190960 -40.371752 1118.519166 117.791167 -10.394 0.000 0.000000 3.015551 3.587 0 0.000
5000.00 1303.15 100.088268 0.0000000000000000 0.000000 226.387186 -1254884.871582 33.183903 -40.367406 1116.851047 117.731678 -10.466 0.000 0.000000 3.016169 3.587 0 0.000
5000.00 1298.15 100.087487 0.0000000000000000 0.000000 225.923889 -1255473.867631 33.176844 -40.363042 1115.184177 117.671901 -10.538 0.000 0.000000 3.016788 3.587 0 0.000
5000.00 1293.15 100.086705 0.0000000000000000 0.000000 225.459048 -1256062.527023 33.169782 -40.358660 1113.518721 117.611838 -10.611 0.000 0.000000 3.017406 3.587 0 0.000
5000.00 1288.15 100.085920 0.0000000000000000 0.000000 224.992652 -1256650.848718 33.162717 -40.354261 1111.854859 117.551490 -10.684 0.000 0.000000 3.018025 3.587 0 0.000
5000.00 1283.15 100.085134 0.0000000000000000 0.000000 224.524690 -1257238.831693 33.155650 -40.349847 1110.192777 117.490862 -10.758 0.000 0.000000 3.018645 3.587 0 0.000
5000.00 1278.15 100.084346 0.0000000000000000 0.000000 224.055150 -1257826.474947 33.148580 -40.345416 1108.532677 117.429955 -10.833 0.000 0.000000 3.019265 3.587 0 0.000
5000.00 1273.15 100.083556 0.0000000000000000 0.000000 223.584022 -1258413.777503 33.141507 -40.340971 1106.874773 117.368774 -10.908 0.000 0.000000 3.019886 3.587 0 0.000
5000.00 1268.15 100.082765 0.0000000000000000 0.000000 223.111293 -1259000.738407 33.134430 -40.336511 1105.219294 117.307322 -10.984 0.000 0.000000 3.020507 3.587 0 0.000
5000.00 1263.15 100.081971 0.0000000000000000 0.000000 222.636952 -1259587.356733 33.127350 -40.332039 1103.566482 117.245604 -11.060 0.000 0.000000 3.021128 3.587 0 0.000
5000.00 1258.15 100.081176 0.0000000000000000 0.000000 222.160988 -1260173.631581 33.120267 -40.327554 1101.916601 117.183623 -11.137 0.000 0.000000 3.021750 3.587 0 0.000
5000.00 1253.15 100.080379 0.0000000000000000 0.000000 221.683387 -1260759.562080 33.113179 -40.323058 1100.269929 117.121386 -11.214 0.000 0.000000 3.022373 3.587 0 0.000
5000.00 1248.15 100.079581 0.0000000000000000 0.000000 221.204139 -1261345.147393 33.106088 -40.318552 1098.626768 117.058898 -11.293 0.000 0.000000 3.022996 3.587 0 0.000
5000.00 1243.15 100.078780 0.0000000000000000 0.000000 220.723229 -1261930.386714 33.098992 -40.314037 1096.987442 116.996165 -11.371 0.000 0.000000 3.023620 3.587 0 0.000
5000.00 1238.15 100.077978 0.0000000000000000 0.000000 220.240647 -1262515.279277 33.091891 -40.309515 1095.352297 116.933196 -11.451 0.000 0.000000 3.024245 3.587 0 0.000
5000.00 1233.15 100.077174 0.0000000000000000 0.000000 219.756379 -1263099.824354 33.084786 -40.304986 1093.721711 116.869997 -11.531 0.000 0.000000 3.024870 3.587 0 0.000
5000.00 1228.15 100.076369 0.0000000000000000 0.000000 219.270412 -1263684.021260 33.077675 -40.300453 1092.096087 116.806579 -11.611 0.000 0.000000 3.025496 3.587 0 0.000
5000.00 1223.15 100.075562 0.0000000000000000 0.000000 218.782732 -1264267.869357 33.070559 -40.295918 1090.475865 116.742950 -11.693 0.000 0.000000 3.026122 3.587 0 0.000
5000.00 1218.15 100.074753 0.0000000000000000 0.000000 218.293326 -1264851.368058 33.063437 -40.291381 1088.861521 116.679122 -11.775 0.000 0.000000 3.026750 3.587 0 0.000
5000.00 1213.15 100.073942 0.0000000000000000 0.000000 217.802180 -1265434.516832 33.056310 -40.286846 1087.253568 116.615108 -11.857 0.000 0.000000 3.027378 3.587 0 0.000
5000.00 1208.15 100.073130 0.0000000000000000 0.000000 217.309281 -1266017.315205 33.049175 -40.282314 1085.652568 116.550921 -11.941 0.000 0.000000 3.028007 3.587 0 0.000
5000.00 1203.15 100.071141 0.0000000000000000 0.000000 216.796553 -1266601.411746 33.038704 -40.279048 1084.185702 116.485889 -12.025 0.000 0.000000 3.028906 3.587 0 0.000
5000.00 1198.15 100.069131 0.0000000000000000 0.000000 216.281478 -1267185.435092 33.028159 -40.275931 1082.731309 116.420724 -12.110 0.000 0.000000 3.029813 3.587 0 0.000
5000.00 1193.15 100.067150 0.0000000000000000 0.000000 215.764787 -1267769.323142 33.017679 -40.272918 1081.284892 116.355473 -12.195 0.000 0.000000 3.030714 3.587 0 0.000
5000.00 1188.15 100.065197 0.0000000000000000 0.000000 215.246474 -1268353.076576 33.007266 -40.270016 1079.847194 116.290158 -12.281 0.000 0.000000 3.031611 3.587 0 0.000
5000.00 1183.15 100.063273 0.0000000000000000 0.000000 214.726532 -1268936.695958 32.996922 -40.267230 1078.419036 116.224802 -12.368 0.000 0.000000 3.032503 3.587 0 0.000
5000.00 1178.15 100.061379 0.0000000000000000 0.000000 214.204953 -1269520.181756 32.986649 -40.264567 1077.001332 116.159432 -12.456 0.000 0.000000 3.033390 3.587 0 0.000
5000.00 1173.15 100.059515 0.0000000000000000 0.000000 213.681728 -1270103.534353 32.976448 -40.262033 1075.595096 116.094078 -12.544 0.000 0.000000 3.034272 3.587 0 0.000
5000.00 1168.15 100.057682 0.0000000000000000 0.000000 213.156849 -1270686.754070 32.966322 -40.259635 1074.201454 116.028773 -12.634 0.000 0.000000 3.035148 3.587 0 0.000
5000.00 1163.15 100.055879 0.0000000000000000 0.000000 212.630307 -1271269.841186 32.956271 -40.257378 1072.821662 115.963555 -12.724 0.000 0.000000 3.036019 3.587 0 0.000
5000.00 1158.15 100.054108 0.0000000000000000 0.000000 212.102091 -1271852.795961 32.946298 -40.255271 1071.457116 115.898465 -12.814 0.000 0.000000 3.036885 3.587 0 0.000
5000.00 1153.15 100.052453 0.0039935820786724 0.004165 211.496625 -1272535.891363 32.947221 -40.257024 1070.567447 116.066888 -12.906 0.000 2.912082 3.037271 -2.554 0 0.000
5000.00 1148.15 100.050740 0.0039913736310151 0.004164 210.963956 -1273119.734519 32.937424 -40.255096 1069.232345 116.003356 -12.998 0.000 2.912008 3.038126 -2.555 0 0.000
5000.00 1143.15 100.049061 0.0039892052772185 0.004163 210.429574 -1273703.452200 32.927707 -40.253344 1067.917844 115.940108 -13.091 0.000 2.911935 3.038975 -2.556 0 0.000
5000.00 1138.15 100.047413 0.0039870754865645 0.004162 209.893465 -1274287.044926 32.918073 -40.251777 1066.626131 115.877214 -13.185 0.000 2.911861 3.039818 -2.558 0 0.000
5000.00 1133.15 100.045799 0.0039849827777525 0.004161 209.355616 -1274870.513380 32.908522 -40.250404 1065.359669 115.814749 -13.280 0.000 2.911787 3.040654 -2.559 0 0.000
5000.00 1128.15 100.044218 0.0039829257194476 0.004160 208.816012 -1275453.858467 32.899055 -40.249235 1064.121231 115.752800 -13.375 0.000 2.911712 3.041485 -2.560 0 0.000
5000.00 1123.15 100.042669 0.0039809029296429 0.004159 208.274638 -1276037.081373 32.889673 -40.248280 1062.913952 115.691468 -13.472 0.000 2.911637 3.042309 -2.562 0 0.000
5000.00 1118.15 100.040959 0.0039773711846735 0.004161 207.668889 -1276686.999840 32.850225 -40.174231 1060.529569 115.615525 -13.569 0.000 2.911223 3.045926 -2.564 0 0.000
5000.00 1113.15 100.040051 0.0039740909335604 0.004160 207.121190 -1277282.742692 32.836521 -40.156286 1059.090299 115.553163 -13.667 0.000 2.910798 3.047177 -2.566 0 0.000
5000.00 1108.15 100.039344 0.0039710026327152 0.004158 206.587836 -1277863.187425 32.829959 -40.154345 1057.951214 115.495270 -13.766 0.000 2.910392 3.047768 -2.568 0 0.000
5000.00 1103.15 100.038645 0.0039680051724930 0.004156 206.052419 -1278443.387806 32.823400 -40.152526 1056.860624 115.438501 -13.866 0.000 2.909998 3.048359 -2.570 0 0.000
5000.00 1098.15 100.037954 0.0039650950824245 0.004154 205.514915 -1279023.350434 32.816845 -40.150844 1055.824422 115.383049 -13.967 0.000 2.909614 3.048951 -2.571 0 0.000
5000.00 1093.15 100.037270 0.0039622691037343 0.004153 204.975296 -1279603.082919 32.810293 -40.149317 1054.849374 115.329136 -14.069 0.000 2.909240 3.049543 -2.573 0 0.000
5000.00 1088.15 100.036594 0.0039595241764762 0.004151 204.433536 -1280182.594049 32.803742 -40.147966 1053.943286 115.277017 -14.172 0.000 2.908876 3.050135 -2.574 0 0.000
5000.00 1083.15 100.035926 0.0039568574235098 0.004150 203.889603 -1280761.893976 32.797193 -40.146815 1053.115183 115.226992 -14.276 0.000 2.908521 3.050727 -2.576 0 0.000
5000.00 1078.15 100.035266 0.0039542661376487 0.004148 203.343467 -1281340.994444 32.790644 -40.145892 1052.375555 115.179406 -14.380 0.000 2.908176 3.051320 -2.577 0 0.000
5000.00 1073.15 100.034614 0.0039517477706818 0.004147 202.795093 -1281919.909053 32.784095 -40.145231 1051.736630 115.134666 -14.486 0.000 2.907839 3.051913 -2.579 0 0.000
5000.00 1068.15 100.033969 0.0039492999216748 0.004145 202.244446 -1282498.653586 32.777544 -40.144871 1051.212727 115.093248 -14.592 0.000 2.907511 3.052507 -2.580 0 0.000
5000.00 1063.15 100.033332 0.0039469203287614 0.004144 201.691487 -1283077.246388 32.770991 -40.144858 1050.820685 115.055714 -14.700 0.000 2.907191 3.053101 -2.581 0 0.000
5000.00 1058.15 100.032702 0.0039446068589690 0.004143 201.136171 -1283655.708837 32.764435 -40.145249 1050.580378 115.022729 -14.809 0.000 2.906878 3.053696 -2.583 0 0.000
5000.00 1053.15 100.032080 0.0039423575013330 0.004142 200.578454 -1284234.065906 32.757874 -40.146107 1050.515370 114.995080 -14.918 0.000 2.906574 3.054292 -2.584 0 0.000
5000.00 1048.15 100.031466 0.0039401703568138 0.004141 200.018283 -1284812.346844 32.751307 -40.147513 1050.653699 114.973710 -15.029 0.000 2.906277 3.054889 -2.585 0 0.000
5000.00 1043.15 100.030859 0.0039380436366918 0.004140 199.455601 -1285390.586011 32.744733 -40.149559 1051.028849 114.959741 -15.141 0.000 2.905987 3.055488 -2.586 0 0.000
5000.00 1038.15 100.030259 0.0039359756512083 0.004139 198.890345 -1285968.823889 32.738150 -40.152358 1051.680914 114.954523 -15.254 0.000 2.905704 3.056087 -2.587 0 0.000
5000.00 1033.15 100.029667 0.0039339648064468 0.004138 198.322442 -1286547.108306 32.731556 -40.156044 1052.657997 114.959675 -15.368 0.000 2.905427 3.056688 -2.589 0 0.000
5000.00 1028.15 100.029083 0.0039320095988695 0.004137 197.751811 -1287125.495918 32.724950 -40.160780 1054.017805 114.977142 -15.483 0.000 2.905158 3.057291 -2.590 0 0.000
