Title: Gale2013MORB-8

Phase Volumes:
Pressure Temperature mass V liquid_0 olivine_0 clinopyroxene_0 clinopyroxene_1 clinopyroxene_2 feldspar_0 spinel_0 whitlockite 
5000.00 1573.15 100.146709 36.462355 36.462355 0.000000 0.000000 0.000000 0.000000 0.000000 0.000000 0.000000 
5000.00 1568.15 100.146864 36.449937 36.449937 0.000000 0.000000 0.000000 0.000000 0.000000 0.000000 0.000000 
5000.00 1563.15 100.147024 36.437523 36.437523 0.000000 0.000000 0.000000 0.000000 0.000000 0.000000 0.000000 
5000.00 1558.15 100.147189 36.425113 36.425113 0.000000 0.000000 0.000000 0.000000 0.000000 0.000000 0.000000 
5000.00 1553.15 100.147360 36.412707 36.412707 0.000000 0.000000 0.000000 0.000000 0.000000 0.000000 0.000000 
5000.00 1548.15 100.147537 36.400305 36.400305 0.000000 0.000000 0.000000 0.000000 0.000000 0.000000 0.000000 
5000.00 1543.15 100.147720 36.387907 36.387907 0.000000 0.000000 0.000000 0.000000 0.000000 0.000000 0.000000 
5000.00 1538.15 100.147707 36.292900 35.758242 0.000000 0.534658 0.000000 0.000000 0.000000 0.000000 0.000000 
5000.00 1533.15 100.147689 36.133624 34.649516 0.000000 1.484108 0.000000 0.000000 0.000000 0.000000 0.000000 
5000.00 1528.15 100.147873 35.981036 33.591798 0.000000 2.389238 0.000000 0.000000 0.000000 0.000000 0.000000 
5000.00 1523.15 100.148245 35.834641 32.581017 0.000000 3.253625 0.000000 0.000000 0.000000 0.000000 0.000000 
5000.00 1518.15 100.148793 35.693984 31.613499 0.000000 4.080485 0.000000 0.000000 0.000000 0.000000 0.000000 
5000.00 1513.15 100.148769 35.511703 29.676488 0.000000 5.044417 0.000000 0.000000 0.790797 0.000000 0.000000 
5000.00 1508.15 100.148022 35.303623 27.019390 0.000000 6.069369 0.000000 0.000000 2.214864 0.000000 0.000000 
5000.00 1503.15 100.147183 35.111591 24.531653 0.000000 6.999080 0.000000 0.000000 3.580858 0.000000 0.000000 
5000.00 1498.15 100.146351 34.935397 22.230581 0.000000 7.837385 0.000000 0.000000 4.867431 0.000000 0.000000 
5000.00 1493.15 100.145598 34.774186 20.121713 0.000000 8.591487 0.000000 0.000000 6.060985 0.000000 0.000000 
5000.00 1488.15 100.145014 34.625956 18.179188 0.000000 8.971358 0.303481 0.000000 7.171929 0.000000 0.000000 
5000.00 1483.15 100.144655 34.489243 16.395088 0.000000 8.976409 0.921244 0.000000 8.196502 0.000000 0.000000 
5000.00 1478.15 100.144480 34.362889 14.768281 0.000000 8.986383 1.480131 0.000000 9.128093 0.000000 0.000000 
5000.00 1473.15 100.144487 34.245251 13.274892 0.000000 9.002810 1.987952 0.000000 9.979597 0.000000 0.000000 
5000.00 1468.15 100.144678 34.135054 11.896163 0.000000 9.026142 2.451479 0.000000 10.761269 0.000000 0.000000 
5000.00 1463.15 100.145053 34.031296 10.617014 0.000000 9.056216 2.876492 0.000000 11.481575 0.000000 0.000000 
5000.00 1458.15 100.145612 33.933198 9.425289 0.000000 9.092595 3.267732 0.000000 12.147582 0.000000 0.000000 
5000.00 1453.15 100.146357 33.840187 8.311831 0.000000 9.134863 3.628823 0.000000 12.764670 0.000000 0.000000 
5000.00 1448.15 100.147302 33.751929 7.271947 0.000000 9.182871 3.962337 0.000000 13.334774 0.000000 0.000000 
5000.00 1443.15 100.148497 33.668440 6.309961 0.000000 9.236877 4.270493 0.000000 13.851109 0.000000 0.000000 
5000.00 1438.15 100.150088 33.585297 5.406497 0.000000 9.301589 4.578501 0.000000 14.287618 0.000000 0.011092 
5000.00 1433.15 100.152257 33.508124 4.628197 0.000000 9.370145 4.873901 0.000000 14.614509 0.000000 0.021371 
5000.00 1428.15 100.155004 33.436559 3.970156 0.000000 9.440057 5.162456 0.000000 14.832750 0.000000 0.031141 
5000.00 1423.15 100.158173 33.369975 3.409021 0.000000 9.509719 5.443393 0.000000 14.967336 0.000000 0.040508 
5000.00 1418.15 100.161563 33.308312 2.925864 0.000000 9.578606 5.710206 0.000000 15.044312 0.000000 0.049325 
5000.00 1413.15 100.164986 33.252025 2.511416 0.000000 9.646450 5.954315 0.000000 15.082510 0.000000 0.057335 
5000.00 1408.15 100.166612 33.182272 1.779186 0.193902 9.745437 6.123330 0.000000 15.266554 0.000000 0.073864 
5000.00 1403.15 100.174613 33.203426 0.000000 0.464443 10.458722 4.795593 0.000000 16.677303 0.688359 0.119006 
5000.00 1398.15 100.173989 33.194848 0.000000 0.467737 10.417999 4.847393 0.000000 16.660720 0.681992 0.119006 
5000.00 1393.15 100.173359 33.186198 0.000000 0.471127 10.379269 4.897705 0.000000 16.643720 0.675371 0.119006 
5000.00 1388.15 100.172724 33.177473 0.000000 0.474618 10.342399 4.946681 0.000000 16.626286 0.668483 0.119006 
5000.00 1383.15 100.172082 33.168670 0.000000 0.478218 10.307271 4.994459 0.000000 16.608398 0.661317 0.119006 
5000.00 1378.15 100.171433 33.159784 0.000000 0.481936 10.273781 5.041164 0.000000 16.590038 0.653859 0.119006 
5000.00 1373.15 100.170776 33.150812 0.000000 0.485780 10.241833 5.086910 0.000000 16.571187 0.646095 0.119006 
5000.00 1368.15 100.170111 33.141751 0.000000 0.489760 10.211343 5.131803 0.000000 16.551825 0.638013 0.119006 
5000.00 1363.15 100.169435 33.132595 0.000000 0.493887 10.182237 5.175938 0.000000 16.531931 0.629596 0.119006 
5000.00 1358.15 100.168749 33.123342 0.000000 0.498172 10.154446 5.219401 0.000000 16.511484 0.620831 0.119006 
5000.00 1353.15 100.168051 33.113986 0.000000 0.502629 10.127911 5.262273 0.000000 16.490465 0.611702 0.119006 
5000.00 1348.15 100.167340 33.104525 0.000000 0.507270 10.102578 5.304624 0.000000 16.468853 0.602192 0.119006 
5000.00 1343.15 100.166614 33.094954 0.000000 0.512113 10.078401 5.346519 0.000000 16.446628 0.592287 0.119006 
5000.00 1338.15 100.165873 33.085268 0.000000 0.517173 10.055338 5.388011 0.000000 16.423771 0.581970 0.119006 
5000.00 1333.15 100.165113 33.075466 0.000000 0.522468 10.033353 5.429149 0.000000 16.400264 0.571225 0.119006 
5000.00 1328.15 100.164333 33.065542 0.000000 0.528019 10.012415 5.469971 0.000000 16.376093 0.560039 0.119006 
5000.00 1323.15 100.163530 33.055495 0.000000 0.533847 9.992497 5.510504 0.000000 16.351244 0.548396 0.119006 
5000.00 1318.15 100.162420 33.042468 0.000000 0.543159 9.888535 5.557016 0.096929 16.310146 0.527677 0.119006 
5000.00 1313.15 100.160982 33.027027 0.000000 0.555759 9.717340 5.606536 0.272776 16.255974 0.499634 0.119006 
5000.00 1308.15 100.159457 33.011815 0.000000 0.568834 9.557249 5.652777 0.438479 16.203202 0.472269 0.119006 
5000.00 1303.15 100.157844 32.996791 0.000000 0.582393 9.407634 5.695795 0.594586 16.151798 0.445579 0.119006 
5000.00 1298.15 100.156142 32.982005 0.000000 0.596450 9.267905 5.735651 0.741610 16.101822 0.419560 0.119006 
5000.00 1293.15 100.154351 32.967458 0.000000 0.611014 9.137508 5.772409 0.880033 16.053281 0.394206 0.119006 
5000.00 1288.15 100.152472 32.953149 0.000000 0.626095 9.015922 5.806134 1.010306 16.006175 0.369510 0.119006 
5000.00 1283.15 100.150503 32.939079 0.000000 0.641702 8.902649 5.836897 1.132857 15.960504 0.345463 0.119006 
5000.00 1278.15 100.148446 32.925246 0.000000 0.657841 8.797223 5.864769 1.248087 15.916265 0.322055 0.119006 
5000.00 1273.15 100.146300 32.911651 0.000000 0.674520 8.699196 5.889824 1.356379 15.873451 0.299274 0.119006 
5000.00 1268.15 100.144066 32.898290 0.000000 0.691745 8.608144 5.912139 1.458096 15.832053 0.277107 0.119006 
5000.00 1263.15 100.141745 32.885162 0.000000 0.709519 8.523664 5.931794 1.553583 15.792056 0.255540 0.119006 
5000.00 1258.15 100.139338 32.872264 0.000000 0.727846 8.445367 5.948869 1.643171 15.753446 0.234558 0.119006 
5000.00 1253.15 100.136845 32.859592 0.000000 0.746727 8.372887 5.963448 1.727174 15.716204 0.214146 0.119006 
5000.00 1248.15 100.134267 32.847143 0.000000 0.766161 8.305871 5.975617 1.805894 15.680308 0.194286 0.119006 
5000.00 1243.15 100.131607 32.834914 0.000000 0.786149 8.243983 5.985462 1.879619 15.645733 0.174961 0.119006 
5000.00 1238.15 100.128866 32.822898 0.000000 0.806685 8.186903 5.993074 1.948625 15.612454 0.156151 0.119006 
5000.00 1233.15 100.126045 32.811091 0.000000 0.827767 8.134325 5.998540 2.013175 15.580439 0.137839 0.119006 
5000.00 1228.15 100.123147 32.799489 0.000000 0.849386 8.085961 6.001952 2.073520 15.549659 0.120005 0.119006 
5000.00 1223.15 100.120173 32.788085 0.000000 0.871534 8.041533 6.003400 2.129900 15.520080 0.102631 0.119006 
5000.00 1218.15 100.117125 32.776873 0.000000 0.894202 8.000780 6.002977 2.182544 15.491667 0.085697 0.119006 
5000.00 1213.15 100.114007 32.765848 0.000000 0.917377 7.963457 6.000771 2.231667 15.464384 0.069185 0.119006 
5000.00 1208.15 100.110821 32.755003 0.000000 0.941046 7.929329 5.996875 2.277476 15.438194 0.053077 0.119006 
