Title: Gale2013MORB-8

Solid Composition:
Pressure Temperature mass SiO2 TiO2 Al2O3 Fe2O3 FeO MnO MgO CaO Na2O K2O P2O5 
5000.00 1573.15 0.000000 ---
5000.00 1568.15 0.000000 ---
5000.00 1563.15 0.000000 ---
5000.00 1558.15 0.000000 ---
5000.00 1553.15 0.000000 ---
5000.00 1548.15 0.000000 ---
5000.00 1543.15 0.000000 ---
5000.00 1538.15 1.722673 51.5762 0.320895 4.78546 1.21053 6.13542 0 17.6835 18.0276 0.260356 0 0
5000.00 1533.15 4.788105 51.3517 0.352924 5.01142 1.26598 6.24601 0 17.4099 18.089 0.273028 0 0
5000.00 1528.15 7.718565 51.1294 0.386359 5.23546 1.32094 6.36792 0 17.1526 18.1215 0.285828 0 0
5000.00 1523.15 10.525201 50.9084 0.421267 5.45791 1.37555 6.49852 0 16.9071 18.1324 0.29881 0 0
5000.00 1518.15 13.218036 50.6884 0.457663 5.6788 1.42986 6.63614 0 16.6706 18.1265 0.312006 0 0
5000.00 1513.15 18.470520 50.6406 0.433424 8.65894 1.29926 6.17784 0 14.7488 17.3355 0.702128 0.00353131 0
5000.00 1508.15 25.613932 50.7795 0.398034 11.5131 1.14828 5.76544 0 12.917 16.3311 1.1394 0.00814325 0
5000.00 1503.15 32.298138 50.9319 0.386142 13.0332 1.0728 5.64398 0 11.8938 15.5986 1.42759 0.0119218 0
5000.00 1498.15 38.478083 51.0803 0.386301 13.9535 1.03302 5.64088 0 11.2208 15.0239 1.64591 0.0155151 0
5000.00 1493.15 44.140241 51.2184 0.394169 14.5504 1.01368 5.69181 0 10.7296 14.5588 1.82395 0.0191712 0
5000.00 1488.15 49.356374 51.3428 0.409389 14.9628 1.00782 5.77185 0 10.3454 14.1606 1.97638 0.0230592 0
5000.00 1483.15 54.149605 51.451 0.431637 15.2526 1.01216 5.86651 0 10.0299 13.8191 2.10981 0.0272543 0
5000.00 1478.15 58.522759 51.5463 0.458106 15.4529 1.02341 5.96677 0 9.7606 13.5316 2.22854 0.0317873 0
5000.00 1473.15 62.540600 51.6298 0.48832 15.5928 1.03974 6.07021 0 9.52422 13.2821 2.33611 0.0367422 0
5000.00 1468.15 66.253973 51.7022 0.522009 15.6902 1.06005 6.17517 0 9.31257 13.0608 2.43474 0.0422023 0
5000.00 1463.15 69.703657 51.7643 0.558975 15.7571 1.0836 6.28042 0 9.12016 12.8612 2.52591 0.048258 0
5000.00 1458.15 72.922392 51.8165 0.599016 15.8019 1.10986 6.38483 0 8.94319 12.679 2.61065 0.0550104 0
5000.00 1453.15 75.934779 51.8592 0.641896 15.8305 1.13849 6.48732 0 8.779 12.5114 2.68961 0.0625648 0
5000.00 1448.15 78.753836 51.8914 0.687435 15.8473 1.16942 6.58721 0 8.62627 12.3572 2.76277 0.0709895 0
5000.00 1443.15 81.370327 51.909 0.735901 15.8542 1.20319 6.68537 0 8.48593 12.2176 2.82863 0.0801734 0
5000.00 1438.15 83.856356 51.8672 0.794416 15.8341 1.24462 6.79546 0 8.3616 12.114 2.87973 0.0896508 0.0192336
5000.00 1433.15 86.030681 51.7883 0.860475 15.7982 1.29263 6.91791 0 8.26093 12.0326 2.91461 0.0982726 0.03612
5000.00 1428.15 87.908057 51.6724 0.933859 15.7466 1.34657 7.05521 0 8.18293 11.9716 2.93387 0.105444 0.0515092
5000.00 1423.15 89.544283 51.532 1.01149 15.6842 1.40389 7.20288 0 8.12185 11.9246 2.94201 0.111232 0.0657776
5000.00 1418.15 90.980133 51.3818 1.08878 15.6173 1.46166 7.35317 0 8.07246 11.8866 2.94355 0.115912 0.0788311
5000.00 1413.15 92.230661 51.2346 1.1611 15.5512 1.51724 7.49811 0 8.03168 11.8542 2.94177 0.119695 0.0903909
5000.00 1408.15 94.503276 50.9119 1.26923 15.4169 1.57018 7.87278 0.043785 7.96497 11.7725 2.93931 0.124764 0.113648
5000.00 1403.15 100.174613 50.0582 1.55555 15.0348 1.7398 8.8514 0.175909 7.79273 11.5767 2.90735 0.134742 0.17274
5000.00 1398.15 100.173989 50.0585 1.55556 15.0349 1.73359 8.85705 0.17591 7.79278 11.5768 2.90737 0.134743 0.172741
5000.00 1393.15 100.173359 50.0589 1.55557 15.035 1.72733 8.86275 0.175912 7.79282 11.5769 2.90739 0.134744 0.172742
5000.00 1388.15 100.172724 50.0592 1.55558 15.0351 1.72101 8.8685 0.175913 7.79287 11.577 2.90741 0.134745 0.172743
5000.00 1383.15 100.172082 50.0595 1.55559 15.0352 1.71463 8.87431 0.175914 7.79292 11.577 2.90743 0.134746 0.172744
5000.00 1378.15 100.171433 50.0598 1.5556 15.0353 1.70817 8.88019 0.175915 7.79297 11.5771 2.90745 0.134747 0.172745
5000.00 1373.15 100.170776 50.0601 1.55561 15.0354 1.70163 8.88614 0.175916 7.79303 11.5772 2.90746 0.134748 0.172746
5000.00 1368.15 100.170111 50.0605 1.55562 15.0355 1.69501 8.89216 0.175917 7.79308 11.5773 2.90748 0.134748 0.172748
5000.00 1363.15 100.169435 50.0608 1.55563 15.0356 1.68829 8.89828 0.175918 7.79313 11.5773 2.9075 0.134749 0.172749
5000.00 1358.15 100.168749 50.0612 1.55565 15.0357 1.68147 8.90449 0.17592 7.79318 11.5774 2.90752 0.13475 0.17275
5000.00 1353.15 100.168051 50.0615 1.55566 15.0358 1.67453 8.91081 0.175921 7.79324 11.5775 2.90754 0.134751 0.172751
5000.00 1348.15 100.167340 50.0619 1.55567 15.0359 1.66745 8.91725 0.175922 7.79329 11.5776 2.90756 0.134752 0.172752
5000.00 1343.15 100.166614 50.0622 1.55568 15.036 1.66024 8.92382 0.175923 7.79335 11.5777 2.90758 0.134753 0.172754
5000.00 1338.15 100.165873 50.0626 1.55569 15.0361 1.65286 8.93054 0.175925 7.79341 11.5777 2.90761 0.134754 0.172755
5000.00 1333.15 100.165113 50.063 1.5557 15.0362 1.6453 8.93742 0.175926 7.79347 11.5778 2.90763 0.134755 0.172756
5000.00 1328.15 100.164333 50.0634 1.55571 15.0364 1.63754 8.94448 0.175927 7.79353 11.5779 2.90765 0.134756 0.172758
5000.00 1323.15 100.163530 50.0638 1.55573 15.0365 1.62955 8.95175 0.175929 7.79359 11.578 2.90767 0.134757 0.172759
5000.00 1318.15 100.162420 50.0643 1.55574 15.0366 1.61851 8.96181 0.175931 7.79368 11.5781 2.90771 0.134759 0.172761
5000.00 1313.15 100.160982 50.065 1.55577 15.0369 1.6042 8.97482 0.175933 7.79379 11.5783 2.90775 0.134761 0.172763
5000.00 1308.15 100.159457 50.0658 1.55579 15.0371 1.58903 8.98864 0.175936 7.79391 11.5785 2.90779 0.134763 0.172766
5000.00 1303.15 100.157844 50.0666 1.55581 15.0373 1.57298 9.00325 0.175939 7.79403 11.5787 2.90784 0.134765 0.172769
5000.00 1298.15 100.156142 50.0675 1.55584 15.0376 1.55604 9.01866 0.175942 7.79416 11.5789 2.90789 0.134767 0.172772
5000.00 1293.15 100.154351 50.0684 1.55587 15.0379 1.53823 9.03488 0.175945 7.7943 11.5791 2.90794 0.13477 0.172775
5000.00 1288.15 100.152472 50.0693 1.5559 15.0381 1.51952 9.05191 0.175948 7.79445 11.5793 2.908 0.134772 0.172778
5000.00 1283.15 100.150503 50.0703 1.55593 15.0384 1.49993 9.06974 0.175952 7.7946 11.5795 2.90805 0.134775 0.172781
5000.00 1278.15 100.148446 50.0713 1.55596 15.0387 1.47946 9.08837 0.175955 7.79476 11.5798 2.90811 0.134778 0.172785
5000.00 1273.15 100.146300 50.0724 1.55599 15.0391 1.45811 9.10781 0.175959 7.79493 11.58 2.90817 0.13478 0.172789
5000.00 1268.15 100.144066 50.0735 1.55603 15.0394 1.43588 9.12805 0.175963 7.7951 11.5803 2.90824 0.134783 0.172793
5000.00 1263.15 100.141745 50.0747 1.55606 15.0397 1.41278 9.14907 0.175967 7.79528 11.5805 2.90831 0.134787 0.172797
5000.00 1258.15 100.139338 50.0759 1.5561 15.0401 1.38881 9.17089 0.175971 7.79547 11.5808 2.90838 0.13479 0.172801
5000.00 1253.15 100.136845 50.0771 1.55614 15.0405 1.364 9.19348 0.175976 7.79567 11.5811 2.90845 0.134793 0.172805
5000.00 1248.15 100.134267 50.0784 1.55618 15.0409 1.33834 9.21683 0.17598 7.79587 11.5814 2.90852 0.134797 0.172809
5000.00 1243.15 100.131607 50.0797 1.55622 15.0413 1.31186 9.24093 0.175985 7.79607 11.5817 2.9086 0.1348 0.172814
5000.00 1238.15 100.128866 50.0811 1.55627 15.0417 1.28457 9.26577 0.17599 7.79629 11.582 2.90868 0.134804 0.172819
5000.00 1233.15 100.126045 50.0825 1.55631 15.0421 1.25649 9.29134 0.175995 7.79651 11.5824 2.90876 0.134808 0.172824
5000.00 1228.15 100.123147 50.084 1.55635 15.0425 1.22763 9.31761 0.176 7.79673 11.5827 2.90885 0.134812 0.172829
5000.00 1223.15 100.120173 50.0854 1.5564 15.043 1.19802 9.34456 0.176005 7.79696 11.583 2.90893 0.134816 0.172834
5000.00 1218.15 100.117125 50.087 1.55645 15.0434 1.16768 9.37218 0.17601 7.7972 11.5834 2.90902 0.13482 0.172839
5000.00 1213.15 100.114007 50.0885 1.5565 15.0439 1.13663 9.40044 0.176016 7.79744 11.5837 2.90911 0.134824 0.172844
5000.00 1208.15 100.110821 50.0901 1.55655 15.0444 1.1049 9.42933 0.176021 7.79769 11.5841 2.90921 0.134828 0.17285