Title: MORB_Gale2013_0

System Thermodynamic Data:
Pressure Temperature mass F phi S H V dVdP*10^6 dVdT*10^6 Cp logfO2(absolute) logfO2-QFM rhol rhos viscosity aH2O chisqr
5000.00 1673.15 100.138469 1.0000000000000000 1.000000 289.872286 -1173579.586264 37.338980 -224.897695 2936.819171 150.549328 -6.318 0.000 2.681875 0.000000 1.503 0.0225083 0.000
5000.00 1663.15 100.138585 1.0000000000000000 1.000000 288.970094 -1175086.656683 37.309715 -224.676868 2936.349295 150.546068 -6.406 0.000 2.683982 0.000000 1.537 0.0224878 0.000
5000.00 1653.15 100.138718 1.0000000000000000 1.000000 288.062516 -1176593.926467 37.280468 -224.457232 2935.852942 150.542921 -6.495 0.000 2.686091 0.000000 1.572 0.0224681 0.000
5000.00 1643.15 100.138867 1.0000000000000000 1.000000 287.149485 -1178101.404344 37.251241 -224.238813 2935.330289 150.539889 -6.585 0.000 2.688202 0.000000 1.607 0.0224492 0.000
5000.00 1633.15 100.139034 1.0000000000000000 1.000000 286.230934 -1179609.099368 37.222033 -224.021638 2934.781521 150.536973 -6.676 0.000 2.690316 0.000000 1.643 0.022431 0.000
5000.00 1623.15 100.139218 1.0000000000000000 1.000000 285.306794 -1181117.020931 37.192845 -223.805736 2934.206828 150.534177 -6.768 0.000 2.692432 0.000000 1.679 0.0224137 0.000
5000.00 1613.15 100.139420 1.0000000000000000 1.000000 284.376993 -1182625.178783 37.163678 -223.591135 2933.606410 150.531502 -6.862 0.000 2.694551 0.000000 1.716 0.0223972 0.000
5000.00 1603.15 100.139641 1.0000000000000000 1.000000 283.441461 -1184133.583049 37.134531 -223.377867 2932.980473 150.528950 -6.956 0.000 2.696672 0.000000 1.753 0.0223817 0.000
5000.00 1593.15 100.139882 1.0000000000000000 1.000000 282.500125 -1185642.244248 37.105407 -223.165963 2932.329234 150.526525 -7.052 0.000 2.698795 0.000000 1.790 0.0223671 0.000
5000.00 1583.15 100.140142 1.0000000000000000 1.000000 281.552910 -1187151.173312 37.076304 -222.955455 2931.652917 150.524229 -7.149 0.000 2.700920 0.000000 1.828 0.0223536 0.000
5000.00 1573.15 100.140422 1.0000000000000000 1.000000 280.599739 -1188660.381607 37.047224 -222.746379 2930.951756 150.522065 -7.247 0.000 2.703048 0.000000 1.867 0.022341 0.000
5000.00 1563.15 100.140723 1.0000000000000000 1.000000 279.640536 -1190169.880957 37.018168 -222.538769 2930.225996 150.520036 -7.346 0.000 2.705178 0.000000 1.905 0.0223296 0.000
5000.00 1553.15 100.141046 1.0000000000000000 1.000000 278.675222 -1191679.683665 36.989135 -222.332663 2929.475892 150.518145 -7.447 0.000 2.707310 0.000000 1.945 0.0223194 0.000
5000.00 1543.15 100.141391 1.0000000000000000 1.000000 277.703717 -1193189.802543 36.960127 -222.128098 2928.701708 150.516396 -7.549 0.000 2.709444 0.000000 1.985 0.0223103 0.000
5000.00 1533.15 100.141759 1.0000000000000000 1.000000 276.725937 -1194700.250930 36.931143 -221.925115 2927.903722 150.514790 -7.652 0.000 2.711580 0.000000 2.025 0.0223025 0.000
5000.00 1523.15 100.142150 1.0000000000000000 1.000000 275.741799 -1196211.042729 36.902186 -221.723756 2927.082224 150.513333 -7.757 0.000 2.713719 0.000000 2.066 0.022296 0.000
5000.00 1513.15 100.141679 0.9487668034827966 0.956615 273.300079 -1199908.837373 36.629723 -216.084114 2872.865003 148.571242 -7.863 0.000 2.711463 3.228421 2.143 0.0239355 0.000
5000.00 1503.15 95.011936 0.9483104647455903 0.956369 258.649353 -1138755.773670 34.780255 -209.411507 2750.798147 140.539945 -7.970 0.000 2.708759 3.236332 2.224 0.0256862 0.000
5000.00 1493.15 90.101963 0.9512542899241440 0.959015 244.767732 -1080161.065788 33.028554 -203.368638 2636.810750 132.990146 -8.079 0.000 2.705925 3.244588 2.305 0.0274252 0.000
5000.00 1483.15 85.711299 0.9539857565902690 0.961468 232.337894 -1027932.577022 31.463294 -197.951140 2534.218769 126.250689 -8.190 0.000 2.702967 3.253187 2.388 0.0291473 0.000
5000.00 1473.15 81.768928 0.9527173593162756 0.959891 221.106184 -981277.531443 30.055775 -192.538525 2436.880676 117.119645 -8.302 0.000 2.700241 3.207149 2.468 0.0311164 0.000
5000.00 1463.15 77.904423 0.9176396808412158 0.923870 209.594616 -936057.753558 28.645858 -182.314539 2302.623240 110.643002 -8.415 0.000 2.701229 2.942150 2.503 0.0361026 0.000
5000.00 1453.15 71.488971 0.9116394923497373 0.917560 191.980878 -855712.456629 26.283197 -170.310611 2145.229916 101.128846 -8.530 0.000 2.702400 2.915283 2.529 0.042407 0.000
5000.00 1443.15 65.173948 0.9161557798235809 0.921623 174.835117 -776542.764870 23.962081 -159.354739 2001.679116 91.952665 -8.646 0.000 2.703744 2.909606 2.551 0.0493508 0.000
5000.00 1433.15 59.711483 0.9224275644574956 0.927500 160.018422 -708182.266379 21.952130 -149.896741 1878.876374 84.049915 -8.765 0.000 2.705201 2.910383 2.571 0.0566934 0.000
5000.00 1423.15 55.081699 0.9277401326855920 0.932490 147.439431 -650393.012523 20.246176 -141.701849 1773.776947 77.352258 -8.885 0.000 2.706738 2.912032 2.590 0.0644181 0.000
5000.00 1413.15 51.103862 0.9322678064267089 0.936775 136.615139 -600875.811319 18.778616 -134.518693 1682.583829 71.598690 -9.006 0.000 2.708294 2.915367 2.608 0.0725054 0.000
5000.00 1403.15 47.645042 0.9360894118075178 0.940471 127.188488 -557949.085179 17.501091 -128.163538 1602.337548 66.594767 -9.129 0.000 2.709720 2.922799 2.627 0.0809248 0.000
5000.00 1393.15 44.612786 0.9046542244205763 0.915979 118.492404 -521057.241583 16.364672 -120.783846 1490.287648 61.717088 -9.254 0.000 2.692458 3.093627 2.727 0.0927889 0.000
5000.00 1383.15 40.376548 0.8927530455579344 0.907329 107.138759 -473161.531642 14.907077 -113.127536 1362.153348 55.555843 -9.381 0.000 2.665037 3.134572 2.868 0.10715 0.000
5000.00 1373.15 36.060523 0.9046070362828315 0.917727 95.942939 -425339.975016 13.460448 -106.556640 1253.622375 49.639568 -9.510 0.000 2.640699 3.106225 2.991 0.121663 0.000
5000.00 1363.15 32.632671 0.9140247494206721 0.925965 87.005635 -387162.049347 12.299973 -101.048510 1166.608438 44.927053 -9.640 0.000 2.618858 3.080944 3.099 0.136295 0.000
5000.00 1353.15 29.837600 0.9216466566587622 0.932620 79.684671 -355880.272434 11.345051 -96.333480 1095.103686 41.075970 -9.773 0.000 2.599065 3.058330 3.196 0.151026 0.000
5000.00 1343.15 27.509130 0.9279233359493446 0.938095 73.560589 -329703.030453 10.542860 -92.227843 1035.140675 37.862508 -9.907 0.000 2.580974 3.038002 3.282 0.165839 0.000
5000.00 1333.15 25.534899 0.9314312148555398 0.941194 68.340315 -307426.826705 9.856384 -88.543970 983.206825 35.112781 -10.044 0.000 2.563823 3.020816 3.366 0.180914 0.000
5000.00 1323.15 23.792849 0.9346055294172297 0.944008 63.729708 -287681.360143 9.246612 -85.207301 937.562411 32.678522 -10.183 0.000 2.547514 3.005235 3.449 0.196229 0.000
5000.00 1313.15 22.245253 0.9389371413719745 0.947788 59.636333 -270058.294622 8.702302 -82.209963 897.713948 30.525973 -10.323 0.000 2.532378 2.989576 3.524 0.211573 0.000
5000.00 1303.15 20.894807 0.9426408308350497 0.951021 56.053072 -254629.194313 8.224234 -79.499742 862.893834 28.653534 -10.466 0.000 2.518250 2.975360 3.591 0.226935 0.000
5000.00 1293.15 19.703881 0.9458367138340048 0.953813 52.883869 -240981.048608 7.800053 -77.026484 831.792006 26.995857 -10.611 0.000 2.504997 2.962371 3.651 0.242307 0.000
5000.00 1283.15 18.643968 0.9486278688978123 0.956253 50.055805 -228799.859679 7.420352 -74.753512 803.923074 25.520567 -10.758 0.000 2.492509 2.950510 3.705 0.257679 0.000
5000.00 1273.15 17.693277 0.9510884247246715 0.958407 47.512943 -217845.348281 7.077913 -72.651396 778.751967 24.197488 -10.908 0.000 2.480697 2.939671 3.754 0.273039 0.000
5000.00 1263.15 16.834771 0.9532751348588884 0.960324 45.211425 -207929.244148 6.767071 -70.696583 755.857425 23.002982 -11.060 0.000 2.469487 2.929757 3.797 0.288375 0.000
5000.00 1253.15 16.054907 0.9552329959207715 0.962044 43.116293 -198901.530116 6.483303 -68.869959 734.902891 21.918228 -11.214 0.000 2.458816 2.920683 3.835 0.303674 0.000
5000.00 1243.15 15.342773 0.9569982446444775 0.963596 41.199320 -190641.064747 6.222951 -67.155837 715.616133 20.928045 -11.371 0.000 2.448632 2.912374 3.870 0.318924 0.000
5000.00 1233.15 14.689478 0.9586004674889620 0.965008 39.437440 -183048.867820 5.983026 -65.541203 697.774532 20.020046 -11.531 0.000 2.438890 2.904760 3.899 0.334112 0.000
5000.00 1223.15 14.087699 0.9600641077888076 0.966299 37.811615 -176043.217602 5.761054 -64.015165 681.194259 19.184022 -11.693 0.000 2.429554 2.897776 3.925 0.349223 0.000
5000.00 1213.15 13.531349 0.9614095562066799 0.967489 36.305979 -169556.007443 5.554972 -62.568526 665.722178 18.411479 -11.857 0.000 2.420593 2.891363 3.947 0.364244 0.000
5000.00 1203.15 13.015328 0.9626539484199247 0.968590 34.907199 -163529.994531 5.363046 -61.193467 651.229693 17.695292 -12.025 0.000 2.411982 2.885462 3.966 0.379159 0.000
5000.00 1193.15 12.533950 0.9583616655546826 0.965760 33.579289 -157922.776118 5.183108 -59.820000 636.512924 17.008939 -12.195 0.000 2.399706 2.940734 4.001 0.397328 0.000
5000.00 1183.15 12.015986 0.9616407003008598 0.968347 32.206224 -152075.393396 4.994940 -58.515571 622.345319 16.305300 -12.368 0.000 2.388971 2.915340 4.028 0.414517 0.000
5000.00 1173.15 11.558935 0.9631307194993211 0.969624 30.979660 -146870.616891 4.826659 -57.285007 609.327737 15.678480 -12.544 0.000 2.378774 2.906714 4.052 0.431484 0.000
5000.00 1163.15 11.136596 0.9645477698046290 0.970830 29.843239 -142045.236933 4.670345 -56.114736 597.125146 15.099185 -12.724 0.000 2.369104 2.898056 4.072 0.448195 0.000
5000.00 1153.15 10.745575 0.9658996787712590 0.971973 28.788083 -137562.579062 4.524856 -54.999558 585.653017 14.562718 -12.906 0.000 2.359950 2.889396 4.088 0.464622 0.000
5000.00 1143.15 10.382919 0.9671934814223415 0.973061 27.806449 -133390.820784 4.389194 -53.934933 574.837847 14.064996 -13.091 0.000 2.351301 2.880764 4.101 0.480737 0.000

Title: MORB_Gale2013_0

Liquid Composition:
Pressure Temperature mass SiO2 TiO2 Al2O3 Fe2O3 FeO MnO MgO CaO Na2O K2O P2O5 H2O 
5000.00 1673.15 100.138469 50.4634 1.54163 14.9658 1.38015 8.83879 0.173183 7.69815 11.362 2.76293 0.144153 0.169179 0.50053
5000.00 1663.15 100.138585 50.4634 1.54163 14.9658 1.38131 8.83774 0.173183 7.69814 11.362 2.76292 0.144152 0.169179 0.500529
5000.00 1653.15 100.138718 50.4633 1.54163 14.9658 1.38263 8.83654 0.173183 7.69813 11.362 2.76292 0.144152 0.169179 0.500529
5000.00 1643.15 100.138867 50.4632 1.54163 14.9658 1.38411 8.83519 0.173183 7.69812 11.362 2.76291 0.144152 0.169178 0.500528
5000.00 1633.15 100.139034 50.4631 1.54162 14.9658 1.38577 8.83368 0.173182 7.69811 11.362 2.76291 0.144152 0.169178 0.500527
5000.00 1623.15 100.139218 50.463 1.54162 14.9657 1.3876 8.83202 0.173182 7.69809 11.3619 2.7629 0.144152 0.169178 0.500526
5000.00 1613.15 100.139420 50.4629 1.54162 14.9657 1.38962 8.83018 0.173182 7.69808 11.3619 2.7629 0.144151 0.169178 0.500525
5000.00 1603.15 100.139641 50.4628 1.54161 14.9657 1.39182 8.82818 0.173181 7.69806 11.3619 2.76289 0.144151 0.169177 0.500524
5000.00 1593.15 100.139882 50.4627 1.54161 14.9656 1.39421 8.826 0.173181 7.69804 11.3619 2.76289 0.144151 0.169177 0.500523
5000.00 1583.15 100.140142 50.4626 1.54161 14.9656 1.3968 8.82365 0.17318 7.69802 11.3618 2.76288 0.14415 0.169176 0.500522
5000.00 1573.15 100.140422 50.4624 1.5416 14.9656 1.39959 8.82111 0.17318 7.698 11.3618 2.76287 0.14415 0.169176 0.50052
5000.00 1563.15 100.140723 50.4623 1.5416 14.9655 1.40259 8.81838 0.173179 7.69798 11.3618 2.76286 0.144149 0.169175 0.500519
5000.00 1553.15 100.141046 50.4621 1.54159 14.9655 1.4058 8.81546 0.173179 7.69795 11.3617 2.76285 0.144149 0.169175 0.500517
5000.00 1543.15 100.141391 50.462 1.54159 14.9654 1.40924 8.81233 0.173178 7.69793 11.3617 2.76284 0.144148 0.169174 0.500515
5000.00 1533.15 100.141759 50.4618 1.54158 14.9654 1.4129 8.809 0.173178 7.6979 11.3617 2.76283 0.144148 0.169174 0.500513
5000.00 1523.15 100.142150 50.4616 1.54158 14.9653 1.41679 8.80546 0.173177 7.69787 11.3616 2.76282 0.144147 0.169173 0.500511
5000.00 1513.15 95.011100 50.4008 1.60531 15.5227 1.42459 8.93282 0.182529 7.14783 11.0264 2.89929 0.151932 0.178309 0.527541
5000.00 1503.15 90.100813 50.3596 1.66912 16.0933 1.43045 9.05689 0.192477 6.5941 10.6563 3.04326 0.160212 0.188026 0.556291
5000.00 1493.15 85.709879 50.3413 1.72816 16.6377 1.4343 9.16722 0.202337 6.07297 10.2803 3.18483 0.16842 0.197659 0.58479
5000.00 1483.15 81.767359 50.3449 1.78208 17.156 1.4363 9.2633 0.212093 5.58275 9.90204 3.3238 0.17654 0.207189 0.612987
5000.00 1473.15 77.902677 50.3684 1.83803 17.5974 1.44137 9.38003 0.222615 5.13749 9.50745 3.46112 0.185194 0.217468 0.643396
5000.00 1463.15 71.488190 50.3742 1.96986 17.4963 1.49384 9.84764 0.24259 4.86883 8.96744 3.6008 0.200448 0.236981 0.701127
5000.00 1453.15 65.172169 50.331 2.1358 17.2843 1.55601 10.3018 0.2661 4.52571 8.61019 3.74205 0.218029 0.259947 0.769075
5000.00 1443.15 59.709489 50.2694 2.30769 17.048 1.61861 10.7389 0.290445 4.18758 8.30512 3.87508 0.235972 0.283729 0.839436
5000.00 1433.15 55.079518 50.2011 2.47656 16.815 1.67904 11.1595 0.31486 3.87131 8.01239 3.99888 0.253747 0.30758 0.909999
5000.00 1423.15 51.101503 50.1279 2.64183 16.5865 1.73743 11.5648 0.33937 3.57451 7.72937 4.1145 0.271381 0.331523 0.980838
5000.00 1413.15 47.642485 50.0531 2.80207 16.3645 1.79382 11.9555 0.364009 3.29476 7.45255 4.22318 0.288907 0.355593 1.05205
5000.00 1403.15 44.600019 49.9846 2.9532 16.1528 1.84792 12.3312 0.388841 3.02887 7.17556 4.32692 0.306391 0.37985 1.12382
5000.00 1393.15 40.359146 50.7496 2.8015 15.982 1.83909 12.0999 0.4297 2.70402 6.87457 4.52277 0.335239 0.419765 1.24191
5000.00 1383.15 36.046286 51.9778 2.48822 15.7999 1.79064 11.4995 0.481112 2.38159 6.59092 4.75873 0.371061 0.469988 1.3905
5000.00 1373.15 32.620603 53.0839 2.21958 15.584 1.7466 10.9605 0.531637 2.1077 6.33829 4.96639 0.405599 0.519345 1.53652
5000.00 1363.15 29.827069 54.0898 1.98644 15.3428 1.70619 10.4717 0.581429 1.8719 6.11226 5.15009 0.439007 0.567985 1.68043
5000.00 1353.15 27.499724 55.0129 1.78205 15.0824 1.66874 10.0242 0.630636 1.66662 5.90912 5.3133 0.47142 0.616055 1.82265
5000.00 1343.15 25.526363 55.8663 1.60139 14.8075 1.63368 9.61063 0.679388 1.48627 5.72585 5.45878 0.502955 0.66368 1.96355
5000.00 1333.15 23.784002 56.7264 1.44023 14.5337 1.59875 9.22807 0.729159 1.32383 5.51257 5.59626 0.534635 0.670739 2.10564
5000.00 1323.15 22.236928 57.5923 1.29598 14.2613 1.5641 8.87272 0.779888 1.17745 5.27294 5.72613 0.566406 0.641881 2.24894
5000.00 1313.15 20.886894 58.4049 1.16662 13.9797 1.53129 8.53843 0.830297 1.04734 5.05276 5.84234 0.597394 0.617421 2.39151
5000.00 1303.15 19.696298 59.1716 1.05018 13.6911 1.49995 8.22173 0.880486 0.931071 4.84958 5.94646 0.627677 0.596646 2.53361
5000.00 1293.15 18.636654 59.8983 0.945043 13.3968 1.46974 7.91981 0.930549 0.826747 4.66146 6.03978 0.657324 0.579022 2.67549
5000.00 1283.15 17.686187 60.5899 0.849923 13.098 1.4404 7.63033 0.980557 0.732831 4.48681 6.12339 0.686385 0.564141 2.81732
5000.00 1273.15 16.827871 61.2505 0.763736 12.7958 1.4117 7.35134 1.03057 0.648072 4.3243 6.1982 0.714902 0.551687 2.95928
5000.00 1263.15 16.048169 61.8833 0.685573 12.4908 1.38343 7.08121 1.08064 0.571438 4.17279 6.26498 0.742908 0.541414 3.10149
5000.00 1253.15 15.336177 62.4912 0.61466 12.1839 1.3554 6.81859 1.13081 0.502068 4.03135 6.32441 0.770429 0.533134 3.24406
5000.00 1243.15 14.683007 63.0766 0.550329 11.8754 1.32746 6.56236 1.18111 0.43924 3.89913 6.37709 0.797483 0.526701 3.3871
5000.00 1233.15 14.081341 63.6414 0.492 11.5659 1.29948 6.31158 1.23158 0.382339 3.77544 6.42352 0.824087 0.522005 3.53067
5000.00 1223.15 13.525094 64.1873 0.439161 11.2558 1.27132 6.06552 1.28223 0.330841 3.65963 6.46417 0.850247 0.518966 3.67484
5000.00 1213.15 13.009169 64.7156 0.391358 10.9455 1.2429 5.8236 1.33308 0.284297 3.55114 6.49943 0.875969 0.517531 3.81965
5000.00 1203.15 12.529257 65.2274 0.348185 10.6352 1.21412 5.58538 1.38415 0.242316 3.44948 6.52967 0.901252 0.51767 3.96512
5000.00 1193.15 12.012057 65.8951 0.331608 10.3353 1.155 5.19385 1.36536 0.194155 3.37431 6.57254 0.930668 0.517191 4.13488
5000.00 1183.15 11.555062 66.505 0.311706 10.0278 1.10361 4.85607 1.35656 0.159211 3.30279 6.60305 0.958098 0.51849 4.2976
5000.00 1173.15 11.132766 67.0931 0.294123 9.71936 1.05279 4.53256 1.34752 0.129299 3.23689 6.62841 0.984897 0.521192 4.4599
5000.00 1163.15 10.741779 67.6597 0.278595 9.41018 1.00268 4.22341 1.33836 0.103855 3.17648 6.64882 1.01103 0.525284 4.62161
5000.00 1153.15 10.379148 68.2051 0.264888 9.10062 0.95343 3.92862 1.32919 0.0823661 3.1215 6.66448 1.03647 0.53077 4.78254
5000.00 1143.15 10.042291 68.7296 0.252799 8.79103 0.905157 3.6481 1.32009 0.0643663 3.07186 6.67559 1.06119 0.537669 4.9425
Title: MORB_Gale2013_0

liquid_0 thermodynamic data and composition:
Pressure Temperature mass S H V Cp viscosity SiO2 TiO2 Al2O3 Fe2O3 FeO MnO MgO CaO Na2O K2O P2O5 H2O Mg#
5000.00 1673.15 100.138469 289.872286 -1173579.586264 37.338980 150.549328 1.503 50.4634 1.54163 14.9658 1.38015 8.83879 0.173183 7.69815 11.362 2.76293 0.144153 0.169179 0.50053 60.8
5000.00 1663.15 100.138585 288.970094 -1175086.656683 37.309715 150.546068 1.537 50.4634 1.54163 14.9658 1.38131 8.83774 0.173183 7.69814 11.362 2.76292 0.144152 0.169179 0.500529 60.8
5000.00 1653.15 100.138718 288.062516 -1176593.926467 37.280468 150.542921 1.572 50.4633 1.54163 14.9658 1.38263 8.83654 0.173183 7.69813 11.362 2.76292 0.144152 0.169179 0.500529 60.8
5000.00 1643.15 100.138867 287.149485 -1178101.404344 37.251241 150.539889 1.607 50.4632 1.54163 14.9658 1.38411 8.83519 0.173183 7.69812 11.362 2.76291 0.144152 0.169178 0.500528 60.8
5000.00 1633.15 100.139034 286.230934 -1179609.099368 37.222033 150.536973 1.643 50.4631 1.54162 14.9658 1.38577 8.83368 0.173182 7.69811 11.362 2.76291 0.144152 0.169178 0.500527 60.8
5000.00 1623.15 100.139218 285.306794 -1181117.020931 37.192845 150.534177 1.679 50.463 1.54162 14.9657 1.3876 8.83202 0.173182 7.69809 11.3619 2.7629 0.144152 0.169178 0.500526 60.8
5000.00 1613.15 100.139420 284.376993 -1182625.178783 37.163678 150.531502 1.716 50.4629 1.54162 14.9657 1.38962 8.83018 0.173182 7.69808 11.3619 2.7629 0.144151 0.169178 0.500525 60.8
5000.00 1603.15 100.139641 283.441461 -1184133.583049 37.134531 150.528950 1.753 50.4628 1.54161 14.9657 1.39182 8.82818 0.173181 7.69806 11.3619 2.76289 0.144151 0.169177 0.500524 60.9
5000.00 1593.15 100.139882 282.500125 -1185642.244248 37.105407 150.526525 1.790 50.4627 1.54161 14.9656 1.39421 8.826 0.173181 7.69804 11.3619 2.76289 0.144151 0.169177 0.500523 60.9
5000.00 1583.15 100.140142 281.552910 -1187151.173312 37.076304 150.524229 1.828 50.4626 1.54161 14.9656 1.3968 8.82365 0.17318 7.69802 11.3618 2.76288 0.14415 0.169176 0.500522 60.9
5000.00 1573.15 100.140422 280.599739 -1188660.381607 37.047224 150.522065 1.867 50.4624 1.5416 14.9656 1.39959 8.82111 0.17318 7.698 11.3618 2.76287 0.14415 0.169176 0.50052 60.9
5000.00 1563.15 100.140723 279.640536 -1190169.880957 37.018168 150.520036 1.905 50.4623 1.5416 14.9655 1.40259 8.81838 0.173179 7.69798 11.3618 2.76286 0.144149 0.169175 0.500519 60.9
5000.00 1553.15 100.141046 278.675222 -1191679.683665 36.989135 150.518145 1.945 50.4621 1.54159 14.9655 1.4058 8.81546 0.173179 7.69795 11.3617 2.76285 0.144149 0.169175 0.500517 60.9
5000.00 1543.15 100.141391 277.703717 -1193189.802543 36.960127 150.516396 1.985 50.462 1.54159 14.9654 1.40924 8.81233 0.173178 7.69793 11.3617 2.76284 0.144148 0.169174 0.500515 60.9
5000.00 1533.15 100.141759 276.725937 -1194700.250930 36.931143 150.514790 2.025 50.4618 1.54158 14.9654 1.4129 8.809 0.173178 7.6979 11.3617 2.76283 0.144148 0.169174 0.500513 60.9
5000.00 1523.15 100.142150 275.741799 -1196211.042729 36.902186 150.513333 2.066 50.4616 1.54158 14.9653 1.41679 8.80546 0.173177 7.69787 11.3616 2.76282 0.144147 0.169173 0.500511 60.9
5000.00 1513.15 95.011100 260.981924 -1135224.728544 35.040531 142.396482 2.143 50.4008 1.60531 15.5227 1.42459 8.93282 0.182529 7.14783 11.0264 2.89929 0.151932 0.178309 0.527541 58.8
5000.00 1503.15 90.100813 246.909619 -1076933.422290 33.262759 134.649205 2.224 50.3596 1.66912 16.0933 1.43045 9.05689 0.192477 6.5941 10.6563 3.04326 0.160212 0.188026 0.556291 56.5
5000.00 1493.15 85.709879 234.313348 -1024969.234017 31.674889 127.739095 2.305 50.3413 1.72816 16.6377 1.4343 9.16722 0.202337 6.07297 10.2803 3.18483 0.16842 0.197659 0.58479 54.1
5000.00 1483.15 81.767359 222.989632 -978467.622903 30.250963 121.550576 2.388 50.3449 1.78208 17.156 1.4363 9.2633 0.212093 5.58275 9.90204 3.3238 0.17654 0.207189 0.612987 51.8
5000.00 1473.15 77.902677 211.949977 -932571.066171 28.850265 112.512616 2.468 50.3684 1.83803 17.5974 1.44137 9.38003 0.222615 5.13749 9.50745 3.46112 0.185194 0.217468 0.643396 49.4
5000.00 1463.15 71.488190 194.169248 -852510.248424 26.465061 102.880769 2.503 50.3742 1.96986 17.4963 1.49384 9.84764 0.24259 4.86883 8.96744 3.6008 0.200448 0.236981 0.701127 46.8
5000.00 1453.15 65.172169 176.743847 -773751.900668 24.116408 93.444634 2.529 50.331 2.1358 17.2843 1.55601 10.3018 0.2661 4.52571 8.61019 3.74205 0.218029 0.259947 0.769075 43.9
5000.00 1443.15 59.709489 161.680209 -705761.990496 22.084006 85.308842 2.551 50.2694 2.30769 17.048 1.61861 10.7389 0.290445 4.18758 8.30512 3.87508 0.235972 0.283729 0.839436 41.0
5000.00 1433.15 55.079518 148.905494 -648265.727423 20.360599 78.430060 2.571 50.2011 2.47656 16.815 1.67904 11.1595 0.31486 3.87131 8.01239 3.99888 0.253747 0.30758 0.909999 38.2
5000.00 1423.15 51.101503 137.923962 -598983.217235 18.879365 72.534008 2.590 50.1279 2.64183 16.5865 1.73743 11.5648 0.33937 3.57451 7.72937 4.1145 0.271381 0.331523 0.980838 35.5
5000.00 1413.15 47.642485 128.371159 -556243.919685 17.591329 67.418930 2.608 50.0531 2.80207 16.3645 1.79382 11.9555 0.364009 3.29476 7.45255 4.22318 0.288907 0.355593 1.05205 32.9
5000.00 1403.15 44.600019 119.967067 -518775.960864 16.459273 62.929025 2.627 49.9846 2.9532 16.1528 1.84792 12.3312 0.388841 3.02887 7.17556 4.32692 0.306391 0.37985 1.12382 30.5
5000.00 1393.15 40.359146 108.594757 -470847.047712 14.989704 56.786921 2.727 50.7496 2.8015 15.982 1.83909 12.0999 0.4297 2.70402 6.87457 4.52277 0.335239 0.419765 1.24191 28.5
5000.00 1383.15 36.046286 97.134944 -423460.520822 13.525625 50.597750 2.868 51.9778 2.48822 15.7999 1.79064 11.4995 0.481112 2.38159 6.59092 4.75873 0.371061 0.469988 1.3905 27.0
5000.00 1373.15 32.620603 88.006588 -385594.761175 12.353020 45.694046 2.991 53.0839 2.21958 15.584 1.7466 10.9605 0.531637 2.1077 6.33829 4.96639 0.405599 0.519345 1.53652 25.5
5000.00 1363.15 29.827069 80.542581 -354544.892684 11.389342 41.704179 3.099 54.0898 1.98644 15.3428 1.70619 10.4717 0.581429 1.8719 6.11226 5.15009 0.439007 0.567985 1.68043 24.2
5000.00 1353.15 27.499724 74.308271 -328545.102644 10.580622 38.386882 3.196 55.0129 1.78205 15.0824 1.66874 10.0242 0.630636 1.66662 5.90912 5.3133 0.47142 0.616055 1.82265 22.9
5000.00 1343.15 25.526363 69.009414 -306397.274863 9.890205 35.579365 3.282 55.8663 1.60139 14.8075 1.63368 9.61063 0.679388 1.48627 5.72585 5.45878 0.502955 0.66368 1.96355 21.6
5000.00 1333.15 23.784002 64.329737 -286747.583213 9.276774 33.094627 3.366 56.7264 1.44023 14.5337 1.59875 9.22807 0.729159 1.32383 5.51257 5.59626 0.534635 0.670739 2.10564 20.4
5000.00 1323.15 22.236928 60.173772 -269222.596979 8.728875 30.883676 3.449 57.5923 1.29598 14.2613 1.5641 8.87272 0.779888 1.17745 5.27294 5.72613 0.566406 0.641881 2.24894 19.1
5000.00 1313.15 20.886894 56.539148 -253873.670044 8.247937 28.958090 3.524 58.4049 1.16662 13.9797 1.53129 8.53843 0.830297 1.04734 5.05276 5.84234 0.597394 0.617421 2.39151 17.9
5000.00 1303.15 19.696298 53.327165 -240292.087678 7.821422 27.263002 3.591 59.1716 1.05018 13.6911 1.49995 8.22173 0.880486 0.931071 4.84958 5.94646 0.627677 0.596646 2.53361 16.8
5000.00 1293.15 18.636654 50.462954 -228166.995302 7.439792 25.756925 3.651 59.8983 0.945043 13.3968 1.46974 7.91981 0.930549 0.826747 4.66146 6.03978 0.657324 0.579022 2.67549 15.7
5000.00 1283.15 17.686187 47.889193 -217260.345258 7.095737 24.408187 3.705 60.5899 0.849923 13.098 1.4404 7.63033 0.980557 0.732831 4.48681 6.12339 0.686385 0.564141 2.81732 14.6
5000.00 1273.15 16.827871 45.560993 -207385.520344 6.783525 23.192056 3.754 61.2505 0.763736 12.7958 1.4117 7.35134 1.03057 0.648072 4.3243 6.1982 0.714902 0.551687 2.95928 13.6
5000.00 1263.15 16.048169 43.442619 -198393.755576 6.498584 22.088896 3.797 61.8833 0.685573 12.4908 1.38343 7.08121 1.08064 0.571438 4.17279 6.26498 0.742908 0.541414 3.10149 12.6
5000.00 1253.15 15.336177 41.505238 -190164.873703 6.237220 21.082908 3.835 62.4912 0.61466 12.1839 1.3554 6.81859 1.13081 0.502068 4.03135 6.32441 0.770429 0.533134 3.24406 11.6
5000.00 1243.15 14.683007 39.725312 -182600.647519 5.996412 20.161226 3.870 63.0766 0.550329 11.8754 1.32746 6.56236 1.18111 0.43924 3.89913 6.37709 0.797483 0.526701 3.3871 10.7
5000.00 1233.15 14.081341 38.083426 -175619.950543 5.773667 19.313267 3.899 63.6414 0.492 11.5659 1.29948 6.31158 1.23158 0.382339 3.77544 6.42352 0.824087 0.522005 3.53067 9.7
5000.00 1223.15 13.525094 36.563416 -169155.151511 5.566903 18.530242 3.925 64.1873 0.439161 11.2558 1.27132 6.06552 1.28223 0.330841 3.65963 6.46417 0.850247 0.518966 3.67484 8.9
5000.00 1213.15 13.009169 35.151703 -163149.390565 5.374372 17.804789 3.947 64.7156 0.391358 10.9455 1.2429 5.8236 1.33308 0.284297 3.55114 6.49943 0.875969 0.517531 3.81965 8.0
5000.00 1203.15 12.529257 33.836798 -157554.491171 5.194591 17.130696 3.966 65.2274 0.348185 10.6352 1.21412 5.58538 1.38415 0.242316 3.44948 6.52967 0.901252 0.51767 3.96512 7.2
5000.00 1193.15 12.012057 32.445069 -151744.519632 5.005638 16.412375 4.001 65.8951 0.331608 10.3353 1.155 5.19385 1.36536 0.194155 3.37431 6.57254 0.930668 0.517191 4.13488 6.2
5000.00 1183.15 11.555062 31.205948 -146558.059644 4.836836 15.776765 4.028 66.505 0.311706 10.0278 1.10361 4.85607 1.35656 0.159211 3.30279 6.60305 0.958098 0.51849 4.2976 5.5
5000.00 1173.15 11.132766 30.058122 -141749.191049 4.680043 15.189602 4.052 67.0931 0.294123 9.71936 1.05279 4.53256 1.34752 0.129299 3.23689 6.62841 0.984897 0.521192 4.4599 4.8
5000.00 1163.15 10.741779 28.992578 -137281.459526 4.534110 14.646059 4.072 67.6597 0.278595 9.41018 1.00268 4.22341 1.33836 0.103855 3.17648 6.64882 1.01103 0.525284 4.62161 4.2
5000.00 1153.15 10.379148 28.001462 -133123.230613 4.398037 14.141945 4.088 68.2051 0.264888 9.10062 0.95343 3.92862 1.32919 0.0823661 3.1215 6.66448 1.03647 0.53077 4.78254 3.6
5000.00 1143.15 10.042291 27.077902 -129246.952543 4.270952 13.673606 4.101 68.7296 0.252799 8.79103 0.905157 3.6481 1.32009 0.0643663 3.07186 6.67559 1.06119 0.537669 4.9425 3.0

feldspar_0 thermodynamic data and composition:
Pressure Temperature mass S H V Cp formula SiO2 TiO2 Al2O3 Fe2O3 FeO MnO MgO CaO Na2O K2O P2O5 H2O
5000.00 1473.15 0.299394 0.735441 -4075.459436 0.112097 0.368973 K0.00Na0.29Ca0.71Al1.71Si2.29O8 50.3555 0 31.819 0 0 0 0 14.5012 3.29711 0.0271796 0 0
5000.00 1463.15 3.176361 7.786527 -43262.714640 1.190611 3.912095 K0.00Na0.31Ca0.69Al1.69Si2.31O8 50.8252 0 31.5019 0 0 0 0 14.13 3.51229 0.0306862 0 0
5000.00 1453.15 3.473176 8.494779 -47334.566658 1.303088 4.274782 K0.00Na0.33Ca0.67Al1.67Si2.33O8 51.2325 0 31.2266 0 0 0 0 13.8078 3.69842 0.0346251 0 0
5000.00 1443.15 3.082626 7.521743 -42038.268159 1.157581 3.791477 K0.00Na0.34Ca0.66Al1.66Si2.34O8 51.623 0 30.9626 0 0 0 0 13.499 3.87658 0.0388296 0 0
5000.00 1433.15 2.623445 6.385923 -35798.763315 0.986017 3.224542 K0.00Na0.36Ca0.64Al1.64Si2.36O8 52.0134 0 30.6987 0 0 0 0 13.1901 4.05457 0.0432713 0 0
5000.00 1423.15 2.258401 5.483909 -30836.748271 0.849562 2.773922 K0.00Na0.37Ca0.63Al1.63Si2.37O8 52.4051 0 30.4338 0 0 0 0 12.8802 4.23297 0.0479706 0 0
5000.00 1413.15 1.959718 4.746851 -26775.111207 0.737855 2.405370 K0.00Na0.39Ca0.61Al1.61Si2.39O8 52.7998 0 30.1668 0 0 0 0 12.5678 4.41264 0.0529512 0 0
5000.00 1403.15 1.704230 4.117678 -23298.802362 0.642238 2.090311 K0.00Na0.40Ca0.59Al1.59Si2.41O8 53.2014 0 29.8951 0 0 0 0 12.25 4.59528 0.0582527 0 0
5000.00 1393.15 2.078587 5.009685 -28433.708284 0.784061 2.547695 K0.00Na0.42Ca0.58Al1.58Si2.42O8 53.6235 0 29.6093 0 0 0 0 11.9156 4.78657 0.0650124 0 0
5000.00 1383.15 2.122418 5.102391 -29050.529272 0.801359 2.599581 K0.00Na0.44Ca0.56Al1.56Si2.44O8 54.0473 0 29.3221 0 0 0 0 11.5798 4.97799 0.0728565 0 0
5000.00 1373.15 1.783701 4.276991 -24428.909768 0.674097 2.183147 K0.00Na0.45Ca0.54Al1.54Si2.46O8 54.4648 0 29.039 0 0 0 0 11.2489 5.16631 0.0810468 0 0
5000.00 1363.15 1.525595 3.648387 -20906.527847 0.577077 1.865880 K0.01Na0.47Ca0.53Al1.53Si2.47O8 54.8749 0 28.7608 0 0 0 0 10.9237 5.35097 0.0896023 0 0
5000.00 1353.15 1.323866 3.157344 -18153.022965 0.501211 1.617955 K0.01Na0.48Ca0.51Al1.51Si2.49O8 55.2768 0 28.4881 0 0 0 0 10.6049 5.53162 0.0985375 0 0
5000.00 1343.15 1.162738 2.765325 -15953.300356 0.440584 1.419959 K0.01Na0.50Ca0.50Al1.50Si2.50O8 55.67 0 28.2211 0 0 0 0 10.2929 5.70805 0.107865 0 0
5000.00 1333.15 1.043401 2.474441 -14324.648683 0.395696 1.273246 K0.01Na0.51Ca0.48Al1.48Si2.52O8 56.0587 0 27.9571 0 0 0 0 9.98434 5.88198 0.117836 0 0
5000.00 1323.15 0.940006 2.222753 -12913.025494 0.356776 1.146180 K0.01Na0.53Ca0.47Al1.47Si2.53O8 56.4414 0 27.6969 0 0 0 0 9.68043 6.05274 0.128457 0 0
5000.00 1313.15 0.842664 1.986635 -11582.927585 0.320081 1.026670 K0.01Na0.54Ca0.45Al1.45Si2.55O8 56.8137 0 27.4437 0 0 0 0 9.38466 6.21843 0.139508 0 0
5000.00 1303.15 0.761037 1.788687 -10467.410044 0.289292 0.932997 K0.01Na0.55Ca0.44Al1.44Si2.56O8 57.176 0 27.1971 0 0 0 0 9.09665 6.37927 0.151005 0 0
5000.00 1293.15 0.691867 1.620987 -9522.013776 0.263188 0.847697 K0.01Na0.57Ca0.42Al1.42Si2.58O8 57.529 0 26.9566 0 0 0 0 8.81588 6.53552 0.162966 0 0
5000.00 1283.15 0.632474 1.477057 -8710.107232 0.240761 0.774460 K0.01Na0.58Ca0.41Al1.41Si2.59O8 57.8732 0 26.722 0 0 0 0 8.54198 6.68742 0.175411 0 0
5000.00 1273.15 0.580958 1.352276 -8005.727134 0.221298 0.710941 K0.01Na0.59Ca0.40Al1.40Si2.60O8 58.209 0 26.4929 0 0 0 0 8.27461 6.83513 0.188357 0 0
5000.00 1263.15 0.535883 1.243160 -7389.298695 0.204260 0.655373 K0.01Na0.60Ca0.38Al1.38Si2.62O8 58.5369 0 26.269 0 0 0 0 8.01343 6.97885 0.201827 0 0
5000.00 1253.15 0.496136 1.146999 -6845.598174 0.189226 0.606379 K0.01Na0.62Ca0.37Al1.37Si2.63O8 58.8572 0 26.0501 0 0 0 0 7.75811 7.11876 0.215842 0 0
5000.00 1243.15 0.460836 1.061658 -6362.618935 0.175868 0.562877 K0.01Na0.63Ca0.36Al1.36Si2.64O8 59.1703 0 25.8359 0 0 0 0 7.5083 7.25503 0.230431 0 0
5000.00 1233.15 0.429282 0.985432 -5930.775339 0.163921 0.524001 K0.01Na0.64Ca0.35Al1.35Si2.65O8 59.4768 0 25.6261 0 0 0 0 7.26367 7.38784 0.245623 0 0
5000.00 1223.15 0.400908 0.916945 -5542.333532 0.153172 0.489052 K0.01Na0.65Ca0.34Al1.34Si2.66O8 59.7769 0 25.4203 0 0 0 0 7.02391 7.51736 0.261452 0 0
5000.00 1213.15 0.375252 0.855081 -5190.997866 0.143448 0.457464 K0.02Na0.66Ca0.32Al1.32Si2.68O8 60.0712 0 25.2184 0 0 0 0 6.78867 7.64375 0.277958 0 0
5000.00 1203.15 0.351936 0.798922 -4871.605966 0.134606 0.428771 K0.02Na0.67Ca0.31Al1.31Si2.69O8 60.36 0 25.02 0 0 0 0 6.55761 7.76719 0.295186 0 0
5000.00 1193.15 0.364780 0.824815 -5052.841050 0.139574 0.444123 K0.02Na0.68Ca0.30Al1.30Si2.70O8 60.6013 0 24.8542 0 0 0 0 6.36448 7.87007 0.309997 0 0
5000.00 1183.15 0.333534 0.751147 -4623.160779 0.127668 0.405820 K0.02Na0.69Ca0.29Al1.29Si2.71O8 60.8418 0 24.6886 0 0 0 0 6.17175 7.97204 0.325796 0 0
5000.00 1173.15 0.311491 0.698648 -4320.544206 0.119275 0.378764 K0.02Na0.70Ca0.28Al1.28Si2.72O8 61.0768 0 24.5266 0 0 0 0 5.98326 8.07111 0.342167 0 0
5000.00 1163.15 0.291461 0.651016 -4045.466823 0.111646 0.354200 K0.02Na0.70Ca0.28Al1.28Si2.72O8 61.3065 0 24.3681 0 0 0 0 5.79892 8.16733 0.359153 0 0
5000.00 1153.15 0.273186 0.607624 -3794.381941 0.104682 0.331809 K0.02Na0.71Ca0.27Al1.27Si2.73O8 61.5309 0 24.213 0 0 0 0 5.6186 8.26072 0.376802 0 0
5000.00 1143.15 0.256444 0.567943 -3564.274348 0.098299 0.311322 K0.02Na0.72Ca0.26Al1.26Si2.74O8 61.7501 0 24.0612 0 0 0 0 5.44218 8.35133 0.395163 0 0

olivine_0 thermodynamic data and composition:
Pressure Temperature mass S H V Cp formula SiO2 TiO2 Al2O3 Fe2O3 FeO MnO MgO CaO Na2O K2O P2O5 H2O
5000.00 1193.15 0.121983 0.240001 -894.548279 0.029768 0.119165 (Ca0.00Mg0.14Fe''0.75Mn0.11Co0.00Ni0.00)2SiO4 30.8557 0 0 0 55.4377 7.71814 5.71355 0.274923 0 0 0 0
5000.00 1183.15 0.093283 0.182297 -677.764621 0.022674 0.090696 (Ca0.00Mg0.13Fe''0.76Mn0.11Co0.00Ni0.00)2SiO4 30.7205 0 0 0 56.0204 7.86219 5.12762 0.269227 0 0 0 0
5000.00 1173.15 0.085129 0.165252 -613.220117 0.020615 0.082394 (Ca0.00Mg0.12Fe''0.77Mn0.11Co0.00Ni0.00)2SiO4 30.5948 0 0 0 56.5548 8.00455 4.58245 0.263436 0 0 0 0
5000.00 1163.15 0.077733 0.149900 -555.504905 0.018758 0.074911 (Ca0.00Mg0.10Fe''0.78Mn0.11Co0.00Ni0.00)2SiO4 30.4778 0 0 0 57.0428 8.14652 4.07524 0.257604 0 0 0 0
5000.00 1153.15 0.071015 0.136048 -503.775298 0.017081 0.068154 (Ca0.00Mg0.09Fe''0.79Mn0.12Co0.00Ni0.00)2SiO4 30.369 0 0 0 57.4864 8.28937 3.60343 0.251775 0 0 0 0
5000.00 1143.15 0.064903 0.123533 -457.314434 0.015563 0.062043 (Ca0.00Mg0.08Fe''0.80Mn0.12Co0.00Ni0.00)2SiO4 30.2678 0 0 0 57.8872 8.43426 3.16468 0.245991 0 0 0 0

clinopyroxene_1 thermodynamic data and composition:
Pressure Temperature mass S H V Cp structure formula SiO2 TiO2 Al2O3 Fe2O3 FeO MnO MgO CaO Na2O K2O P2O5 H2O
5000.00 1453.15 1.161326 2.727523 -14383.184056 0.353900 1.376154 cpx Na0.02Ca0.66Fe''0.27Mg0.87Fe'''0.05Ti0.02Al0.27Si1.83O6 49.5176 0.841491 6.2865 1.7035 8.79618 0 15.8039 16.7066 0.344181 0 0 0
5000.00 1443.15 0.657849 1.537395 -8126.054047 0.199900 0.776363 cpx Na0.03Ca0.67Fe''0.28Mg0.84Fe'''0.05Ti0.03Al0.28Si1.82O6 49.1041 1.01795 6.46107 1.82557 8.99978 0 15.2409 16.9826 0.368087 0 0 0
5000.00 1433.15 0.578273 1.344532 -7124.670763 0.175188 0.679527 cpx Na0.03Ca0.69Fe''0.28Mg0.81Fe'''0.05Ti0.03Al0.29Si1.81O6 48.6251 1.24093 6.67031 1.96189 9.16591 0 14.6479 17.2942 0.393851 0 0 0
5000.00 1423.15 0.522416 1.208203 -6420.244625 0.157742 0.611073 cpx Na0.03Ca0.70Fe''0.29Mg0.78Fe'''0.06Ti0.04Al0.30Si1.79O6 48.0444 1.53612 6.93271 2.11819 9.28197 0 14.0103 17.6545 0.421845 0 0 0
5000.00 1413.15 0.487520 1.121097 -5976.734944 0.146641 0.567347 cpx Na0.03Ca0.73Fe''0.29Mg0.74Fe'''0.06Ti0.06Al0.32Si1.77O6 47.2818 1.96038 7.29033 2.3058 9.31822 0 13.2956 18.0952 0.452671 0 0 0
5000.00 1403.15 0.477381 1.090608 -5839.148721 0.142854 0.552056 cpx Na0.04Ca0.75Fe''0.29Mg0.69Fe'''0.07Ti0.08Al0.35Si1.73O6 46.0739 2.70082 7.88487 2.55718 9.17847 0 12.3977 18.7195 0.487571 0 0 0
5000.00 1393.15 0.702457 1.596193 -8570.608645 0.209551 0.809026 cpx Na0.04Ca0.77Fe''0.29Mg0.67Fe'''0.08Ti0.09Al0.36Si1.72O6 45.5725 3.00616 8.03726 2.67685 9.33384 0 11.8911 18.9739 0.50848 0 0 0
5000.00 1383.15 0.616014 1.394734 -7494.728058 0.183736 0.708608 cpx Na0.04Ca0.76Fe''0.31Mg0.67Fe'''0.07Ti0.07Al0.34Si1.74O6 46.0833 2.63694 7.6096 2.63585 9.88285 0 11.8632 18.7714 0.516877 0 0 0
5000.00 1373.15 0.416563 0.939451 -5054.216466 0.124173 0.478401 cpx Na0.04Ca0.75Fe''0.33Mg0.66Fe'''0.07Ti0.07Al0.32Si1.75O6 46.4437 2.37 7.27218 2.60955 10.3784 0 11.7693 18.6307 0.526132 0 0 0
5000.00 1363.15 0.287593 0.645915 -3479.880858 0.085656 0.329669 cpx Na0.04Ca0.75Fe''0.34Mg0.66Fe'''0.07Ti0.06Al0.31Si1.77O6 46.7198 2.15861 6.98645 2.59223 10.8466 0 11.6356 18.5247 0.536056 0 0 0
5000.00 1353.15 0.202083 0.451924 -2438.465502 0.060126 0.231174 cpx Na0.04Ca0.75Fe''0.36Mg0.65Fe'''0.07Ti0.06Al0.30Si1.78O6 46.9397 1.98273 6.73535 2.58156 11.3003 0 11.4727 18.4411 0.546534 0 0 0
5000.00 1343.15 0.144073 0.320775 -1733.563763 0.042816 0.164449 cpx Na0.04Ca0.75Fe''0.37Mg0.64Fe'''0.07Ti0.05Al0.29Si1.79O6 47.1184 1.83172 6.50948 2.5764 11.7477 0 11.286 18.3728 0.557495 0 0 0
5000.00 1333.15 0.098349 0.217980 -1179.892605 0.029190 0.111993 cpx Na0.04Ca0.75Fe''0.39Mg0.63Fe'''0.07Ti0.05Al0.28Si1.79O6 47.2651 1.6997 6.30076 2.57572 12.1972 0 11.0773 18.3153 0.568872 0 0 0
5000.00 1323.15 0.065458 0.144408 -782.872128 0.019400 0.074353 cpx Na0.04Ca0.74Fe''0.40Mg0.62Fe'''0.07Ti0.05Al0.27Si1.80O6 47.385 1.58246 6.10594 2.57928 12.653 0 10.8483 18.2653 0.580618 0 0 0
5000.00 1313.15 0.046564 0.102238 -555.088351 0.013779 0.052752 cpx Na0.04Ca0.74Fe''0.42Mg0.60Fe'''0.07Ti0.04Al0.27Si1.81O6 47.4816 1.47649 5.9244 2.58743 13.117 0 10.6005 18.22 0.592718 0 0 0
5000.00 1303.15 0.033328 0.072822 -395.938762 0.009846 0.037653 cpx Na0.04Ca0.74Fe''0.43Mg0.59Fe'''0.07Ti0.04Al0.26Si1.82O6 47.5573 1.37977 5.75386 2.60009 13.5926 0 10.3341 18.1771 0.605159 0 0 0
5000.00 1293.15 0.023929 0.052027 -283.242038 0.007056 0.026956 cpx Na0.05Ca0.74Fe''0.45Mg0.57Fe'''0.08Ti0.04Al0.25Si1.82O6 47.6143 1.29074 5.59245 2.61723 14.083 0 10.0493 18.1351 0.617922 0 0 0
5000.00 1283.15 0.017273 0.037365 -203.662531 0.005084 0.019398 cpx Na0.05Ca0.74Fe''0.47Mg0.56Fe'''0.08Ti0.03Al0.25Si1.83O6 47.6538 1.20825 5.43868 2.63888 14.5913 0 9.74591 18.0922 0.630991 0 0 0
5000.00 1273.15 0.012580 0.027073 -147.714011 0.003695 0.014083 cpx Na0.05Ca0.74Fe''0.49Mg0.54Fe'''0.08Ti0.03Al0.24Si1.83O6 47.6769 1.13138 5.29127 2.66512 15.1203 0 9.42358 18.0471 0.644343 0 0 0
5000.00 1263.15 0.009306 0.019922 -108.790377 0.002728 0.010383 cpx Na0.05Ca0.74Fe''0.51Mg0.52Fe'''0.08Ti0.03Al0.23Si1.84O6 47.6845 1.05937 5.1491 2.69599 15.6725 0 9.08204 17.9985 0.657954 0 0 0
5000.00 1253.15 0.007073 0.015060 -82.289862 0.002068 0.007864 cpx Na0.05Ca0.74Fe''0.53Mg0.50Fe'''0.08Ti0.03Al0.23Si1.84O6 47.6771 0.991634 5.01116 2.73155 16.2505 0 8.721 17.9452 0.671787 0 0 0
5000.00 1243.15 0.005613 0.011885 -64.969047 0.001637 0.006217 cpx Na0.05Ca0.74Fe''0.55Mg0.48Fe'''0.08Ti0.03Al0.22Si1.85O6 47.6554 0.927661 4.87649 2.77179 16.8564 0 8.34031 17.8861 0.685795 0 0 0
5000.00 1233.15 0.004736 0.009971 -54.520954 0.001378 0.005226 cpx Na0.05Ca0.74Fe''0.57Mg0.46Fe'''0.08Ti0.03Al0.22Si1.85O6 47.6199 0.867037 4.74418 2.81667 17.4921 0 7.93999 17.8202 0.699917 0 0 0
5000.00 1223.15 0.004307 0.009016 -49.292874 0.001250 0.004733 cpx Na0.05Ca0.74Fe''0.59Mg0.44Fe'''0.08Ti0.02Al0.21Si1.86O6 47.5713 0.809415 4.61337 2.86602 18.159 0 7.52036 17.7465 0.714078 0 0 0
5000.00 1213.15 0.004228 0.008799 -48.092955 0.001223 0.004628 cpx Na0.06Ca0.74Fe''0.62Mg0.41Fe'''0.09Ti0.02Al0.21Si1.86O6 47.5103 0.754511 4.48323 2.91954 18.8579 0 7.08211 17.6642 0.728184 0 0 0
5000.00 1203.15 0.004430 0.009162 -50.054063 0.001278 0.004827 cpx Na0.06Ca0.74Fe''0.64Mg0.39Fe'''0.09Ti0.02Al0.20Si1.86O6 47.4379 0.702096 4.35295 2.97676 19.5891 0 6.62644 17.5726 0.742123 0 0 0

clinopyroxene_0 thermodynamic data and composition:
Pressure Temperature mass S H V Cp structure formula SiO2 TiO2 Al2O3 Fe2O3 FeO MnO MgO CaO Na2O K2O P2O5 H2O
5000.00 1513.15 5.130578 12.318155 -64684.108829 1.589191 6.174760 cpx Na0.02Ca0.69Fe''0.20Mg0.97Fe'''0.03Ti0.01Al0.20Si1.88O6 51.5916 0.361452 4.64466 1.1808 6.53022 0 17.8846 17.5707 0.235997 0 0 0
5000.00 1503.15 4.911123 11.739734 -61822.351380 1.517496 5.890740 cpx Na0.02Ca0.70Fe''0.20Mg0.94Fe'''0.04Ti0.01Al0.22Si1.87O6 51.1584 0.43445 5.052 1.28364 6.68643 0 17.3092 17.8184 0.257507 0 0 0
5000.00 1493.15 4.392084 10.454384 -55191.831771 1.353665 5.251052 cpx Na0.02Ca0.71Fe''0.21Mg0.92Fe'''0.04Ti0.01Al0.24Si1.86O6 50.7161 0.516692 5.46608 1.38942 6.87231 0 16.7659 17.9938 0.279675 0 0 0
5000.00 1483.15 3.943941 9.348262 -49464.954118 1.212331 4.700113 cpx Na0.02Ca0.71Fe''0.22Mg0.89Fe'''0.04Ti0.02Al0.25Si1.85O6 50.2603 0.609602 5.88832 1.49897 7.07798 0 16.2384 18.1237 0.302722 0 0 0
5000.00 1473.15 3.566857 8.420766 -44631.005836 1.093413 4.238057 cpx Na0.02Ca0.72Fe''0.23Mg0.87Fe'''0.04Ti0.02Al0.27Si1.83O6 49.8232 0.709073 6.27814 1.60529 7.34596 0 15.7781 18.1349 0.325362 0 0 0
5000.00 1463.15 3.239872 7.638840 -40284.790495 0.990186 3.850138 cpx Na0.02Ca0.67Fe''0.26Mg0.88Fe'''0.04Ti0.02Al0.27Si1.83O6 49.7966 0.730559 6.20011 1.61811 8.32595 0 16.1046 16.896 0.328125 0 0 0
5000.00 1453.15 1.682299 4.014728 -20242.805248 0.509801 2.033276 cpx Na0.01Ca0.29Fe''0.43Mg1.13Fe'''0.04Ti0.01Al0.22Si1.87O6 50.9037 0.3867 5.11367 1.30178 13.9607 0 20.6716 7.4858 0.176017 0 0 0
5000.00 1443.15 1.723984 4.095770 -20616.452169 0.520594 2.075983 cpx Na0.01Ca0.29Fe''0.45Mg1.11Fe'''0.04Ti0.01Al0.22Si1.86O6 50.656 0.426549 5.14835 1.36043 14.7188 0 20.2568 7.25286 0.180205 0 0 0
5000.00 1433.15 1.430248 3.382473 -16993.104878 0.430326 1.715786 cpx Na0.01Ca0.28Fe''0.48Mg1.09Fe'''0.04Ti0.01Al0.23Si1.86O6 50.4033 0.466144 5.18236 1.4197 15.5084 0 19.8381 6.99835 0.183679 0 0 0
5000.00 1423.15 1.199379 2.823357 -14152.802392 0.359506 1.433254 cpx Na0.01Ca0.27Fe''0.51Mg1.07Fe'''0.04Ti0.01Al0.23Si1.86O6 50.1442 0.505022 5.21571 1.47987 16.3349 0 19.412 6.72186 0.186375 0 0 0
5000.00 1413.15 1.014139 2.376032 -11880.045483 0.302791 1.207043 cpx Na0.01Ca0.26Fe''0.54Mg1.05Fe'''0.04Ti0.02Al0.23Si1.86O6 49.8779 0.542459 5.24829 1.54117 17.2063 0 18.9757 6.42007 0.188162 0 0 0
5000.00 1403.15 0.863412 2.013134 -10035.173232 0.256726 1.023375 cpx Na0.01Ca0.24Fe''0.57Mg1.03Fe'''0.05Ti0.02Al0.23Si1.85O6 49.6032 0.576939 5.2796 1.60376 18.1383 0 18.5272 6.08228 0.188731 0 0 0
5000.00 1393.15 0.763633 1.771478 -8815.422282 0.226292 0.901458 cpx Na0.01Ca0.24Fe''0.59Mg1.01Fe'''0.05Ti0.02Al0.23Si1.85O6 49.473 0.557032 5.18838 1.62662 18.9646 0 18.0824 5.9185 0.189349 0 0 0
5000.00 1383.15 0.640161 1.477401 -7349.204967 0.189192 0.752846 cpx Na0.01Ca0.24Fe''0.62Mg0.99Fe'''0.05Ti0.01Al0.22Si1.86O6 49.4445 0.506233 5.02275 1.62015 19.6629 0 17.6639 5.88892 0.190653 0 0 0
5000.00 1373.15 0.518826 1.191198 -5923.126009 0.152915 0.607863 cpx Na0.01Ca0.24Fe''0.64Mg0.97Fe'''0.05Ti0.01Al0.22Si1.86O6 49.4074 0.460159 4.86807 1.61381 20.3636 0 17.255 5.84032 0.191643 0 0 0
5000.00 1363.15 0.431183 0.984832 -4894.705509 0.126731 0.503276 cpx Na0.01Ca0.23Fe''0.67Mg0.95Fe'''0.05Ti0.01Al0.21Si1.87O6 49.361 0.418134 4.72241 1.60802 21.0721 0 16.8486 5.77738 0.192343 0 0 0
5000.00 1353.15 0.364830 0.828906 -4117.421776 0.106923 0.424201 cpx Na0.01Ca0.23Fe''0.69Mg0.93Fe'''0.05Ti0.01Al0.21Si1.87O6 49.3047 0.379661 4.5844 1.60305 21.7929 0 16.4393 5.70318 0.192766 0 0 0
5000.00 1343.15 0.312928 0.707202 -3510.477067 0.091443 0.362435 cpx Na0.01Ca0.23Fe''0.72Mg0.91Fe'''0.05Ti0.01Al0.20Si1.87O6 49.2382 0.344364 4.45296 1.5991 22.5292 0 16.0233 5.61993 0.192919 0 0 0
5000.00 1333.15 0.282659 0.635342 -3151.066746 0.082347 0.326065 cpx Na0.01Ca0.23Fe''0.74Mg0.89Fe'''0.05Ti0.01Al0.19Si1.88O6 49.1617 0.311942 4.32498 1.59591 23.2879 0 15.5956 5.5292 0.192775 0 0 0
5000.00 1323.15 0.254726 0.569403 -2821.082227 0.073975 0.292627 cpx Na0.01Ca0.22Fe''0.77Mg0.87Fe'''0.05Ti0.01Al0.19Si1.88O6 49.0747 0.282172 4.20038 1.5937 24.0704 0 15.154 5.43235 0.192338 0 0 0
5000.00 1313.15 0.221451 0.492247 -2435.832655 0.064101 0.253316 cpx Na0.01Ca0.22Fe''0.80Mg0.84Fe'''0.05Ti0.01Al0.19Si1.88O6 48.9764 0.254829 4.0808 1.59307 24.8748 0 14.6977 5.33078 0.191651 0 0 0
5000.00 1303.15 0.194225 0.429260 -2121.141370 0.056029 0.221194 cpx Na0.01Ca0.22Fe''0.83Mg0.82Fe'''0.05Ti0.01Al0.18Si1.89O6 48.8667 0.229731 3.96547 1.59404 25.7025 0 14.2252 5.22557 0.190719 0 0 0
5000.00 1293.15 0.171685 0.377230 -1861.021513 0.049353 0.194633 cpx Na0.01Ca0.21Fe''0.86Mg0.79Fe'''0.05Ti0.01Al0.18Si1.89O6 48.7459 0.206713 3.85366 1.59664 26.5548 0 13.735 5.11775 0.189548 0 0 0
5000.00 1283.15 0.152765 0.333659 -1643.053112 0.043754 0.172368 cpx Na0.01Ca0.21Fe''0.89Mg0.77Fe'''0.05Ti0.01Al0.17Si1.89O6 48.6142 0.185631 3.7447 1.60084 27.4321 0 13.2262 5.00827 0.188145 0 0 0
5000.00 1273.15 0.136719 0.296795 -1458.533628 0.039010 0.153511 cpx Na0.01Ca0.21Fe''0.93Mg0.74Fe'''0.05Ti0.00Al0.17Si1.89O6 48.4718 0.166351 3.63797 1.60659 28.3346 0 12.6981 4.89806 0.186517 0 0 0
5000.00 1263.15 0.122994 0.265337 -1300.999211 0.034957 0.137404 cpx Na0.01Ca0.20Fe''0.96Mg0.71Fe'''0.05Ti0.00Al0.16Si1.90O6 48.3192 0.148751 3.5329 1.6138 29.2621 0 12.1504 4.78805 0.184673 0 0 0
5000.00 1253.15 0.111165 0.238289 -1165.493657 0.031467 0.123542 cpx Na0.01Ca0.20Fe''1.00Mg0.68Fe'''0.05Ti0.00Al0.16Si1.90O6 48.1572 0.132716 3.42891 1.62232 30.2137 0 11.5834 4.67913 0.182623 0 0 0
5000.00 1243.15 0.100897 0.214870 -1048.148940 0.028442 0.111529 cpx Na0.01Ca0.19Fe''1.03Mg0.65Fe'''0.05Ti0.00Al0.16Si1.90O6 47.9863 0.118136 3.32549 1.63195 31.1878 0 10.9977 4.57221 0.180379 0 0 0
5000.00 1233.15 0.091927 0.194461 -945.897632 0.025803 0.101052 cpx Na0.01Ca0.19Fe''1.07Mg0.62Fe'''0.05Ti0.00Al0.15Si1.90O6 47.8076 0.10491 3.22213 1.64244 32.1825 0 10.3943 4.46816 0.177954 0 0 0
5000.00 1223.15 0.084041 0.176565 -856.271774 0.023487 0.091859 cpx Na0.01Ca0.19Fe''1.11Mg0.58Fe'''0.05Ti0.00Al0.15Si1.91O6 47.6223 0.0929394 3.1184 1.65344 33.195 0 9.77477 4.36781 0.175364 0 0 0
5000.00 1213.15 0.077063 0.160775 -777.260384 0.021441 0.083744 cpx Na0.01Ca0.18Fe''1.15Mg0.55Fe'''0.05Ti0.00Al0.14Si1.91O6 47.4316 0.0821331 3.01396 1.66455 34.2219 0 9.14129 4.27194 0.172625 0 0 0
5000.00 1203.15 0.070848 0.146757 -707.208044 0.019623 0.076536 cpx Na0.01Ca0.18Fe''1.19Mg0.51Fe'''0.05Ti0.00Al0.14Si1.91O6 47.2369 0.0724036 2.90852 1.67531 35.2595 0 8.49639 4.18125 0.169756 0 0 0

apatite thermodynamic data and composition:
Pressure Temperature mass S H V Cp formula
5000.00 1333.15 0.023321 0.053164 -282.009508 0.007615 0.026997 Ca5(PO4)3OH
5000.00 1323.15 0.040621 0.092248 -491.679627 0.013264 0.046970 Ca5(PO4)3OH
5000.00 1313.15 0.033498 0.075778 -405.848018 0.010938 0.038689 Ca5(PO4)3OH
5000.00 1303.15 0.027997 0.063087 -339.521394 0.009142 0.032297 Ca5(PO4)3OH
5000.00 1293.15 0.023665 0.053115 -287.260672 0.007727 0.027268 Ca5(PO4)3OH
5000.00 1283.15 0.020193 0.045143 -245.353094 0.006594 0.023240 Ca5(PO4)3OH
5000.00 1273.15 0.017368 0.038671 -211.228644 0.005671 0.019964 Ca5(PO4)3OH
5000.00 1263.15 0.015038 0.033346 -183.056449 0.004910 0.017264 Ca5(PO4)3OH
5000.00 1253.15 0.013090 0.028908 -159.502199 0.004274 0.015010 Ca5(PO4)3OH
5000.00 1243.15 0.011444 0.025168 -139.574544 0.003737 0.013105 Ca5(PO4)3OH
5000.00 1233.15 0.010037 0.021980 -122.523853 0.003277 0.011479 Ca5(PO4)3OH
5000.00 1223.15 0.008820 0.019234 -107.773897 0.002880 0.010074 Ca5(PO4)3OH
5000.00 1213.15 0.007757 0.016843 -94.874756 0.002533 0.008849 Ca5(PO4)3OH
5000.00 1203.15 0.006818 0.014740 -83.469740 0.002226 0.007767 Ca5(PO4)3OH
5000.00 1193.15 0.007452 0.016040 -91.316433 0.002433 0.008478 Ca5(PO4)3OH
5000.00 1183.15 0.006222 0.013332 -76.310181 0.002032 0.007069 Ca5(PO4)3OH
5000.00 1173.15 0.005456 0.011639 -66.978944 0.001782 0.006190 Ca5(PO4)3OH
5000.00 1163.15 0.004771 0.010130 -58.618532 0.001558 0.005405 Ca5(PO4)3OH
5000.00 1153.15 0.004151 0.008773 -51.047766 0.001355 0.004696 Ca5(PO4)3OH
5000.00 1143.15 0.003584 0.007539 -44.114962 0.001170 0.004048 Ca5(PO4)3OH

spinel_0 thermodynamic data and composition:
Pressure Temperature mass S H V Cp formula SiO2 TiO2 Al2O3 Fe2O3 FeO MnO MgO CaO Na2O K2O P2O5 H2O
5000.00 1393.15 0.708963 1.520291 -4390.454659 0.155066 0.671988 Fe''1.32Mg0.28Fe'''0.55Al0.25Cr0.00Ti0.60O4 0 22.7271 6.04619 20.9089 44.922 0 5.39586 0 0 0 0 0
5000.00 1383.15 0.951668 2.029289 -5806.548522 0.207166 0.897059 Fe''1.34Mg0.26Fe'''0.57Al0.24Cr0.00Ti0.60O4 0 22.5422 5.67593 21.4566 45.3821 0 4.94316 0 0 0 0 0
5000.00 1373.15 0.720830 1.528711 -4338.961598 0.156242 0.676110 Fe''1.35Mg0.24Fe'''0.59Al0.22Cr0.00Ti0.59O4 0 22.3172 5.36076 22.0439 45.7382 0 4.54 0 0 0 0 0
5000.00 1363.15 0.561231 1.183921 -3336.042447 0.121167 0.524050 Fe''1.37Mg0.22Fe'''0.61Al0.21Cr0.00Ti0.59O4 0 22.056 5.08655 22.6739 46.0079 0 4.17573 0 0 0 0 0
5000.00 1353.15 0.447096 0.938226 -2626.259547 0.096168 0.415758 Fe''1.38Mg0.20Fe'''0.63Al0.20Cr0.00Ti0.58O4 0 21.7607 4.84403 23.3494 46.2027 0 3.84316 0 0 0 0 0
5000.00 1343.15 0.363027 0.757873 -2108.414404 0.077811 0.336300 Fe''1.39Mg0.19Fe'''0.65Al0.20Cr0.00Ti0.58O4 0 21.4326 4.62678 24.0729 46.3305 0 3.53722 0 0 0 0 0
5000.00 1333.15 0.303167 0.629652 -1741.625950 0.064764 0.279853 Fe''1.40Mg0.17Fe'''0.67Al0.19Cr0.00Ti0.57O4 0 21.083 4.42541 24.8314 46.4067 0 3.25356 0 0 0 0 0
5000.00 1323.15 0.255110 0.527123 -1450.103689 0.054322 0.234715 Fe''1.40Mg0.16Fe'''0.70Al0.18Cr0.00Ti0.56O4 0 20.7105 4.23823 25.6281 46.4333 0 2.98989 0 0 0 0 0
5000.00 1313.15 0.214182 0.440287 -1204.927969 0.045466 0.196455 Fe''1.40Mg0.15Fe'''0.72Al0.17Cr0.00Ti0.55O4 0 20.3043 4.06736 26.4804 46.4033 0 2.74456 0 0 0 0 0
5000.00 1303.15 0.181922 0.372051 -1013.095066 0.038502 0.166391 Fe''1.41Mg0.14Fe'''0.75Al0.17Cr0.00Ti0.54O4 0 19.8655 3.91021 27.3887 46.3197 0 2.51584 0 0 0 0 0
5000.00 1293.15 0.156082 0.317556 -860.515307 0.032937 0.142379 Fe''1.41Mg0.12Fe'''0.78Al0.16Cr0.00Ti0.53O4 0 19.3951 3.7647 28.3524 46.1854 0 2.30235 0 0 0 0 0
5000.00 1283.15 0.135075 0.273388 -737.338453 0.028422 0.122914 Fe''1.40Mg0.11Fe'''0.81Al0.16Cr0.00Ti0.52O4 0 18.8946 3.62915 29.3702 46.003 0 2.103 0 0 0 0 0
5000.00 1273.15 0.117781 0.237135 -636.624520 0.024714 0.106933 Fe''1.40Mg0.10Fe'''0.84Al0.15Cr0.00Ti0.51O4 0 18.366 3.50224 30.4393 45.7756 0 1.91691 0 0 0 0 0
5000.00 1263.15 0.103381 0.207040 -553.343839 0.021633 0.093662 Fe''1.40Mg0.10Fe'''0.87Al0.15Cr0.00Ti0.49O4 0 17.8115 3.38283 31.5561 45.5062 0 1.74331 0 0 0 0 0
5000.00 1253.15 0.091266 0.181799 -483.772522 0.019046 0.082526 Fe''1.39Mg0.09Fe'''0.91Al0.14Cr0.00Ti0.48O4 0 17.2344 3.26998 32.7155 45.1986 0 1.58156 0 0 0 0 0
5000.00 1243.15 0.080976 0.160428 -425.105762 0.016854 0.073090 Fe''1.38Mg0.08Fe'''0.94Al0.14Cr0.00Ti0.46O4 0 16.638 3.16289 33.9111 44.8569 0 1.43104 0 0 0 0 0
5000.00 1233.15 0.072155 0.142170 -375.199499 0.014979 0.065021 Fe''1.37Mg0.07Fe'''0.98Al0.13Cr0.00Ti0.45O4 0 16.0265 3.06086 35.1358 44.4857 0 1.29117 0 0 0 0 0
5000.00 1223.15 0.064529 0.126440 -332.394014 0.013362 0.058061 Fe''1.36Mg0.06Fe'''1.01Al0.13Cr0.00Ti0.43O4 0 15.4043 2.96328 36.3815 44.0896 0 1.16137 0 0 0 0 0
5000.00 1213.15 0.057881 0.112777 -295.390917 0.011955 0.052005 Fe''1.35Mg0.06Fe'''1.05Al0.13Cr0.00Ti0.41O4 0 14.7758 2.86961 37.6397 43.6739 0 1.04106 0 0 0 0 0
5000.00 1203.15 0.052039 0.100820 -263.165546 0.010722 0.046694 Fe''1.34Mg0.05Fe'''1.09Al0.12Cr0.00Ti0.40O4 0 14.1457 2.77938 38.9018 43.2435 0 0.929651 0 0 0 0 0
5000.00 1193.15 0.027677 0.053364 -139.550724 0.005695 0.024797 Fe''1.35Mg0.05Fe'''1.09Al0.11Cr0.00Ti0.40O4 0 14.2398 2.61082 38.8638 43.4568 0 0.828725 0 0 0 0 0
5000.00 1183.15 0.027886 0.053500 -140.098172 0.005729 0.024951 Fe''1.36Mg0.04Fe'''1.10Al0.11Cr0.00Ti0.40O4 0 14.1918 2.46856 39.0777 43.5185 0 0.74345 0 0 0 0 0
5000.00 1173.15 0.024094 0.045999 -120.682577 0.004944 0.021531 Fe''1.36Mg0.04Fe'''1.10Al0.10Cr0.00Ti0.40O4 0 14.1765 2.33049 39.2269 43.6015 0 0.66455 0 0 0 0 0
5000.00 1163.15 0.020852 0.039616 -104.187146 0.004273 0.018611 Fe''1.37Mg0.03Fe'''1.11Al0.10Cr0.00Ti0.40O4 0 14.194 2.19655 39.3112 43.7068 0 0.591471 0 0 0 0 0
5000.00 1153.15 0.018076 0.034175 -90.143445 0.003700 0.016114 Fe''1.37Mg0.03Fe'''1.11Al0.09Cr0.00Ti0.40O4 0 14.2441 2.06672 39.3305 43.8349 0 0.523721 0 0 0 0 0
5000.00 1143.15 0.015696 0.029532 -78.164497 0.003210 0.013976 Fe''1.38Mg0.03Fe'''1.11Al0.09Cr0.00Ti0.40O4 0 14.3268 1.94102 39.2848 43.9865 0 0.460861 0 0 0 0 0

Title: MORB_Gale2013_0

Phase Masses:
Pressure Temperature mass liquid_0 olivine_0 clinopyroxene_0 clinopyroxene_1 feldspar_0 spinel_0 apatite 
5000.00 1673.15 100.138469 100.138469 0.000000 0.000000 0.000000 0.000000 0.000000 0.000000 
5000.00 1663.15 100.138585 100.138585 0.000000 0.000000 0.000000 0.000000 0.000000 0.000000 
5000.00 1653.15 100.138718 100.138718 0.000000 0.000000 0.000000 0.000000 0.000000 0.000000 
5000.00 1643.15 100.138867 100.138867 0.000000 0.000000 0.000000 0.000000 0.000000 0.000000 
5000.00 1633.15 100.139034 100.139034 0.000000 0.000000 0.000000 0.000000 0.000000 0.000000 
5000.00 1623.15 100.139218 100.139218 0.000000 0.000000 0.000000 0.000000 0.000000 0.000000 
5000.00 1613.15 100.139420 100.139420 0.000000 0.000000 0.000000 0.000000 0.000000 0.000000 
5000.00 1603.15 100.139641 100.139641 0.000000 0.000000 0.000000 0.000000 0.000000 0.000000 
5000.00 1593.15 100.139882 100.139882 0.000000 0.000000 0.000000 0.000000 0.000000 0.000000 
5000.00 1583.15 100.140142 100.140142 0.000000 0.000000 0.000000 0.000000 0.000000 0.000000 
5000.00 1573.15 100.140422 100.140422 0.000000 0.000000 0.000000 0.000000 0.000000 0.000000 
5000.00 1563.15 100.140723 100.140723 0.000000 0.000000 0.000000 0.000000 0.000000 0.000000 
5000.00 1553.15 100.141046 100.141046 0.000000 0.000000 0.000000 0.000000 0.000000 0.000000 
5000.00 1543.15 100.141391 100.141391 0.000000 0.000000 0.000000 0.000000 0.000000 0.000000 
5000.00 1533.15 100.141759 100.141759 0.000000 0.000000 0.000000 0.000000 0.000000 0.000000 
5000.00 1523.15 100.142150 100.142150 0.000000 0.000000 0.000000 0.000000 0.000000 0.000000 
5000.00 1513.15 100.141679 95.011100 0.000000 5.130578 0.000000 0.000000 0.000000 0.000000 
5000.00 1503.15 95.011936 90.100813 0.000000 4.911123 0.000000 0.000000 0.000000 0.000000 
5000.00 1493.15 90.101963 85.709879 0.000000 4.392084 0.000000 0.000000 0.000000 0.000000 
5000.00 1483.15 85.711299 81.767359 0.000000 3.943941 0.000000 0.000000 0.000000 0.000000 
5000.00 1473.15 81.768928 77.902677 0.000000 3.566857 0.000000 0.299394 0.000000 0.000000 
5000.00 1463.15 77.904423 71.488190 0.000000 3.239872 0.000000 3.176361 0.000000 0.000000 
5000.00 1453.15 71.488971 65.172169 0.000000 1.682299 1.161326 3.473176 0.000000 0.000000 
5000.00 1443.15 65.173948 59.709489 0.000000 1.723984 0.657849 3.082626 0.000000 0.000000 
5000.00 1433.15 59.711483 55.079518 0.000000 1.430248 0.578273 2.623445 0.000000 0.000000 
5000.00 1423.15 55.081699 51.101503 0.000000 1.199379 0.522416 2.258401 0.000000 0.000000 
5000.00 1413.15 51.103862 47.642485 0.000000 1.014139 0.487520 1.959718 0.000000 0.000000 
5000.00 1403.15 47.645042 44.600019 0.000000 0.863412 0.477381 1.704230 0.000000 0.000000 
5000.00 1393.15 44.612786 40.359146 0.000000 0.763633 0.702457 2.078587 0.708963 0.000000 
5000.00 1383.15 40.376548 36.046286 0.000000 0.640161 0.616014 2.122418 0.951668 0.000000 
5000.00 1373.15 36.060523 32.620603 0.000000 0.518826 0.416563 1.783701 0.720830 0.000000 
5000.00 1363.15 32.632671 29.827069 0.000000 0.431183 0.287593 1.525595 0.561231 0.000000 
5000.00 1353.15 29.837600 27.499724 0.000000 0.364830 0.202083 1.323866 0.447096 0.000000 
5000.00 1343.15 27.509130 25.526363 0.000000 0.312928 0.144073 1.162738 0.363027 0.000000 
5000.00 1333.15 25.534899 23.784002 0.000000 0.282659 0.098349 1.043401 0.303167 0.023321 
5000.00 1323.15 23.792849 22.236928 0.000000 0.254726 0.065458 0.940006 0.255110 0.040621 
5000.00 1313.15 22.245253 20.886894 0.000000 0.221451 0.046564 0.842664 0.214182 0.033498 
5000.00 1303.15 20.894807 19.696298 0.000000 0.194225 0.033328 0.761037 0.181922 0.027997 
5000.00 1293.15 19.703881 18.636654 0.000000 0.171685 0.023929 0.691867 0.156082 0.023665 
5000.00 1283.15 18.643968 17.686187 0.000000 0.152765 0.017273 0.632474 0.135075 0.020193 
5000.00 1273.15 17.693277 16.827871 0.000000 0.136719 0.012580 0.580958 0.117781 0.017368 
5000.00 1263.15 16.834771 16.048169 0.000000 0.122994 0.009306 0.535883 0.103381 0.015038 
5000.00 1253.15 16.054907 15.336177 0.000000 0.111165 0.007073 0.496136 0.091266 0.013090 
5000.00 1243.15 15.342773 14.683007 0.000000 0.100897 0.005613 0.460836 0.080976 0.011444 
5000.00 1233.15 14.689478 14.081341 0.000000 0.091927 0.004736 0.429282 0.072155 0.010037 
5000.00 1223.15 14.087699 13.525094 0.000000 0.084041 0.004307 0.400908 0.064529 0.008820 
5000.00 1213.15 13.531349 13.009169 0.000000 0.077063 0.004228 0.375252 0.057881 0.007757 
5000.00 1203.15 13.015328 12.529257 0.000000 0.070848 0.004430 0.351936 0.052039 0.006818 
5000.00 1193.15 12.533950 12.012057 0.121983 0.000000 0.000000 0.364780 0.027677 0.007452 
5000.00 1183.15 12.015986 11.555062 0.093283 0.000000 0.000000 0.333534 0.027886 0.006222 
5000.00 1173.15 11.558935 11.132766 0.085129 0.000000 0.000000 0.311491 0.024094 0.005456 
5000.00 1163.15 11.136596 10.741779 0.077733 0.000000 0.000000 0.291461 0.020852 0.004771 
5000.00 1153.15 10.745575 10.379148 0.071015 0.000000 0.000000 0.273186 0.018076 0.004151 
5000.00 1143.15 10.382919 10.042291 0.064903 0.000000 0.000000 0.256444 0.015696 0.003584 

Title: MORB_Gale2013_0

Phase Volumes:
Pressure Temperature mass V liquid_0 olivine_0 clinopyroxene_0 clinopyroxene_1 feldspar_0 spinel_0 apatite 
5000.00 1673.15 100.138469 37.338980 37.338980 0.000000 0.000000 0.000000 0.000000 0.000000 0.000000 
5000.00 1663.15 100.138585 37.309715 37.309715 0.000000 0.000000 0.000000 0.000000 0.000000 0.000000 
5000.00 1653.15 100.138718 37.280468 37.280468 0.000000 0.000000 0.000000 0.000000 0.000000 0.000000 
5000.00 1643.15 100.138867 37.251241 37.251241 0.000000 0.000000 0.000000 0.000000 0.000000 0.000000 
5000.00 1633.15 100.139034 37.222033 37.222033 0.000000 0.000000 0.000000 0.000000 0.000000 0.000000 
5000.00 1623.15 100.139218 37.192845 37.192845 0.000000 0.000000 0.000000 0.000000 0.000000 0.000000 
5000.00 1613.15 100.139420 37.163678 37.163678 0.000000 0.000000 0.000000 0.000000 0.000000 0.000000 
5000.00 1603.15 100.139641 37.134531 37.134531 0.000000 0.000000 0.000000 0.000000 0.000000 0.000000 
5000.00 1593.15 100.139882 37.105407 37.105407 0.000000 0.000000 0.000000 0.000000 0.000000 0.000000 
5000.00 1583.15 100.140142 37.076304 37.076304 0.000000 0.000000 0.000000 0.000000 0.000000 0.000000 
5000.00 1573.15 100.140422 37.047224 37.047224 0.000000 0.000000 0.000000 0.000000 0.000000 0.000000 
5000.00 1563.15 100.140723 37.018168 37.018168 0.000000 0.000000 0.000000 0.000000 0.000000 0.000000 
5000.00 1553.15 100.141046 36.989135 36.989135 0.000000 0.000000 0.000000 0.000000 0.000000 0.000000 
5000.00 1543.15 100.141391 36.960127 36.960127 0.000000 0.000000 0.000000 0.000000 0.000000 0.000000 
5000.00 1533.15 100.141759 36.931143 36.931143 0.000000 0.000000 0.000000 0.000000 0.000000 0.000000 
5000.00 1523.15 100.142150 36.902186 36.902186 0.000000 0.000000 0.000000 0.000000 0.000000 0.000000 
5000.00 1513.15 100.141679 36.629723 35.040531 0.000000 1.589191 0.000000 0.000000 0.000000 0.000000 
5000.00 1503.15 95.011936 34.780255 33.262759 0.000000 1.517496 0.000000 0.000000 0.000000 0.000000 
5000.00 1493.15 90.101963 33.028554 31.674889 0.000000 1.353665 0.000000 0.000000 0.000000 0.000000 
5000.00 1483.15 85.711299 31.463294 30.250963 0.000000 1.212331 0.000000 0.000000 0.000000 0.000000 
5000.00 1473.15 81.768928 30.055775 28.850265 0.000000 1.093413 0.000000 0.112097 0.000000 0.000000 
5000.00 1463.15 77.904423 28.645858 26.465061 0.000000 0.990186 0.000000 1.190611 0.000000 0.000000 
5000.00 1453.15 71.488971 26.283197 24.116408 0.000000 0.509801 0.353900 1.303088 0.000000 0.000000 
5000.00 1443.15 65.173948 23.962081 22.084006 0.000000 0.520594 0.199900 1.157581 0.000000 0.000000 
5000.00 1433.15 59.711483 21.952130 20.360599 0.000000 0.430326 0.175188 0.986017 0.000000 0.000000 
5000.00 1423.15 55.081699 20.246176 18.879365 0.000000 0.359506 0.157742 0.849562 0.000000 0.000000 
5000.00 1413.15 51.103862 18.778616 17.591329 0.000000 0.302791 0.146641 0.737855 0.000000 0.000000 
5000.00 1403.15 47.645042 17.501091 16.459273 0.000000 0.256726 0.142854 0.642238 0.000000 0.000000 
5000.00 1393.15 44.612786 16.364672 14.989704 0.000000 0.226292 0.209551 0.784061 0.155066 0.000000 
5000.00 1383.15 40.376548 14.907077 13.525625 0.000000 0.189192 0.183736 0.801359 0.207166 0.000000 
5000.00 1373.15 36.060523 13.460448 12.353020 0.000000 0.152915 0.124173 0.674097 0.156242 0.000000 
5000.00 1363.15 32.632671 12.299973 11.389342 0.000000 0.126731 0.085656 0.577077 0.121167 0.000000 
5000.00 1353.15 29.837600 11.345051 10.580622 0.000000 0.106923 0.060126 0.501211 0.096168 0.000000 
5000.00 1343.15 27.509130 10.542860 9.890205 0.000000 0.091443 0.042816 0.440584 0.077811 0.000000 
5000.00 1333.15 25.534899 9.856384 9.276774 0.000000 0.082347 0.029190 0.395696 0.064764 0.007615 
5000.00 1323.15 23.792849 9.246612 8.728875 0.000000 0.073975 0.019400 0.356776 0.054322 0.013264 
5000.00 1313.15 22.245253 8.702302 8.247937 0.000000 0.064101 0.013779 0.320081 0.045466 0.010938 
5000.00 1303.15 20.894807 8.224234 7.821422 0.000000 0.056029 0.009846 0.289292 0.038502 0.009142 
5000.00 1293.15 19.703881 7.800053 7.439792 0.000000 0.049353 0.007056 0.263188 0.032937 0.007727 
5000.00 1283.15 18.643968 7.420352 7.095737 0.000000 0.043754 0.005084 0.240761 0.028422 0.006594 
5000.00 1273.15 17.693277 7.077913 6.783525 0.000000 0.039010 0.003695 0.221298 0.024714 0.005671 
5000.00 1263.15 16.834771 6.767071 6.498584 0.000000 0.034957 0.002728 0.204260 0.021633 0.004910 
5000.00 1253.15 16.054907 6.483303 6.237220 0.000000 0.031467 0.002068 0.189226 0.019046 0.004274 
5000.00 1243.15 15.342773 6.222951 5.996412 0.000000 0.028442 0.001637 0.175868 0.016854 0.003737 
5000.00 1233.15 14.689478 5.983026 5.773667 0.000000 0.025803 0.001378 0.163921 0.014979 0.003277 
5000.00 1223.15 14.087699 5.761054 5.566903 0.000000 0.023487 0.001250 0.153172 0.013362 0.002880 
5000.00 1213.15 13.531349 5.554972 5.374372 0.000000 0.021441 0.001223 0.143448 0.011955 0.002533 
5000.00 1203.15 13.015328 5.363046 5.194591 0.000000 0.019623 0.001278 0.134606 0.010722 0.002226 
5000.00 1193.15 12.533950 5.183108 5.005638 0.029768 0.000000 0.000000 0.139574 0.005695 0.002433 
5000.00 1183.15 12.015986 4.994940 4.836836 0.022674 0.000000 0.000000 0.127668 0.005729 0.002032 
5000.00 1173.15 11.558935 4.826659 4.680043 0.020615 0.000000 0.000000 0.119275 0.004944 0.001782 
5000.00 1163.15 11.136596 4.670345 4.534110 0.018758 0.000000 0.000000 0.111646 0.004273 0.001558 
5000.00 1153.15 10.745575 4.524856 4.398037 0.017081 0.000000 0.000000 0.104682 0.003700 0.001355 
5000.00 1143.15 10.382919 4.389194 4.270952 0.015563 0.000000 0.000000 0.098299 0.003210 0.001170 

Title: MORB_Gale2013_0

Solid Composition:
Pressure Temperature mass SiO2 TiO2 Al2O3 Fe2O3 FeO MnO MgO CaO Na2O K2O P2O5 H2O 
5000.00 1673.15 0.000000 ---
5000.00 1663.15 0.000000 ---
5000.00 1653.15 0.000000 ---
5000.00 1643.15 0.000000 ---
5000.00 1633.15 0.000000 ---
5000.00 1623.15 0.000000 ---
5000.00 1613.15 0.000000 ---
5000.00 1603.15 0.000000 ---
5000.00 1593.15 0.000000 ---
5000.00 1583.15 0.000000 ---
5000.00 1573.15 0.000000 ---
5000.00 1563.15 0.000000 ---
5000.00 1553.15 0.000000 ---
5000.00 1543.15 0.000000 ---
5000.00 1533.15 0.000000 ---
5000.00 1523.15 0.000000 ---
5000.00 1513.15 5.130578 51.5916 0.361452 4.64466 1.1808 6.53022 0 17.8846 17.5707 0.235997 0 0 0
5000.00 1503.15 4.911123 51.1584 0.43445 5.052 1.28364 6.68643 0 17.3092 17.8184 0.257507 0 0 0
5000.00 1493.15 4.392084 50.7161 0.516692 5.46608 1.38942 6.87231 0 16.7659 17.9938 0.279675 0 0 0
5000.00 1483.15 3.943941 50.2603 0.609602 5.88832 1.49897 7.07798 0 16.2384 18.1237 0.302722 0 0 0
5000.00 1473.15 3.866251 49.8644 0.654164 8.25597 1.48098 6.7771 0 14.5563 17.8535 0.555487 0.00210473 0 0
5000.00 1463.15 6.416233 50.3058 0.368895 18.7258 0.817063 4.20418 0 8.13198 15.5267 1.90445 0.0151912 0 0
5000.00 1453.15 6.316802 50.8297 0.257692 19.687 0.659875 5.3352 0 8.41079 12.6571 2.14366 0.019038 0 0
5000.00 1443.15 5.464459 51.0147 0.257119 19.8688 0.648978 5.72708 0 8.22562 11.9478 2.28803 0.0219047 0 0
5000.00 1433.15 4.631965 51.0932 0.298857 19.82 0.683301 5.93295 0 7.95427 11.7906 2.4023 0.0245079 0 0
5000.00 1423.15 3.980196 51.1514 0.353803 19.7501 0.723958 6.1406 0 7.68846 11.6511 2.51336 0.027219 0 0
5000.00 1413.15 3.461377 51.1665 0.435044 19.6439 0.776305 6.35365 0 7.43226 11.5451 2.61718 0.0299792 0 0
5000.00 1403.15 3.045023 51.0637 0.587008 19.4648 0.855643 6.58205 0 7.197 11.5154 2.70183 0.0326027 0 0
5000.00 1393.15 4.253641 42.6113 4.38442 17.7354 4.21901 12.4333 0 6.1093 10.0186 2.45698 0.031769 0 0
5000.00 1383.15 4.330262 40.3558 5.40411 17.4443 5.33004 14.2864 0 5.38532 9.21665 2.54161 0.0357096 0 0
5000.00 1373.15 3.439920 41.3177 5.03294 17.7958 5.17867 13.9125 0 4.97906 8.96984 2.7715 0.0420252 0 0
5000.00 1363.15 2.805602 42.2144 4.69759 18.0987 5.04852 13.5537 0 4.61744 8.72676 2.99419 0.0487228 0 0
5000.00 1353.15 2.337876 43.053 4.39215 18.3559 4.93865 13.2134 0 4.29204 8.48926 3.20971 0.0557988 0 0
5000.00 1343.15 1.982766 43.8409 4.11157 18.5724 4.84713 12.892 0 3.99656 8.25795 3.41828 0.0632546 0 0
5000.00 1333.15 1.750897 43.9982 3.79634 18.4787 4.70187 12.4799 0 3.70327 8.61479 3.56829 0.0702212 0.564562 0.0238842
5000.00 1323.15 1.555921 44.1267 3.50847 18.3725 4.57142 12.0862 0 3.42753 8.9635 3.71267 0.0776071 1.10659 0.0468152
5000.00 1313.15 1.358359 44.8568 3.29368 18.5345 4.52376 11.8217 0 3.19229 8.69201 3.9092 0.0865446 1.04527 0.0442208
5000.00 1303.15 1.198509 45.5476 3.091 18.666 4.48797 11.5741 0 2.97453 8.43248 4.09848 0.0958861 0.990127 0.0418881
5000.00 1293.15 1.067227 46.2045 2.89873 18.7715 4.46207 11.3422 0 2.77159 8.18286 4.28123 0.105649 0.939879 0.0397623
5000.00 1283.15 0.957780 46.8301 2.7161 18.8531 4.44498 11.1263 0 2.58191 7.9427 4.45745 0.115833 0.893647 0.0378064
5000.00 1273.15 0.865406 47.4272 2.54231 18.9133 4.43532 10.9262 0 2.40395 7.71128 4.62734 0.126446 0.850673 0.0359883
5000.00 1263.15 0.786602 47.9985 2.37671 18.954 4.43156 10.7416 0 2.23643 7.48799 4.79109 0.137497 0.810307 0.0342806
5000.00 1253.15 0.718730 48.5464 2.21875 18.9772 4.43209 10.5725 0 2.07824 7.27235 4.9489 0.148995 0.771989 0.0326596
5000.00 1243.15 0.659766 49.0735 2.06801 18.9842 4.4352 10.4184 0 1.92845 7.06405 5.10094 0.160953 0.735222 0.0311041
5000.00 1233.15 0.608138 49.582 1.92416 18.9765 4.43907 10.2792 0 1.78625 6.86284 5.2474 0.173384 0.699542 0.0295946
5000.00 1223.15 0.562605 50.0745 1.78691 18.9553 4.44179 10.1546 0 1.65091 6.66859 5.38847 0.186308 0.664506 0.0281124
5000.00 1213.15 0.522181 50.5532 1.65605 18.9217 4.44146 10.0441 0 1.5218 6.4812 5.52435 0.199747 0.62967 0.0266386
5000.00 1203.15 0.486071 51.0206 1.53139 18.8767 4.43614 9.94749 0 1.39832 6.30059 5.65528 0.213727 0.594576 0.025154
5000.00 1193.15 0.521893 49.5696 0.755178 17.5104 2.06106 15.2622 1.80397 1.37938 5.30984 5.50084 0.216674 0.605261 0.025606
5000.00 1183.15 0.460925 50.2436 0.858603 18.0145 2.36419 13.9704 1.59117 1.08272 5.27399 5.76872 0.235752 0.572169 0.024206
5000.00 1173.15 0.426170 50.753 0.801489 18.0585 2.21774 13.7621 1.59893 0.95293 5.14048 5.89924 0.250093 0.542658 0.0229575
5000.00 1163.15 0.394817 51.2581 0.749656 18.105 2.07622 13.5392 1.60392 0.833588 5.00607 6.02926 0.265133 0.512163 0.0216674
5000.00 1153.15 0.366428 51.7592 0.702681 18.1537 1.94023 13.3035 1.60651 0.724192 4.86997 6.15868 0.28092 0.480129 0.0203122
5000.00 1143.15 0.340627 52.2564 0.660176 18.2041 1.81024 13.0568 1.60707 0.624237 4.73134 6.28738 0.297502 0.44594 0.0188658
Title: MORB_Gale2013_0

Bulk Composition:
Pressure Temperature mass SiO2 TiO2 Al2O3 Fe2O3 FeO MnO MgO CaO Na2O K2O P2O5 H2O 
5000.00 1673.15 100.138469 50.4634 1.54163 14.9658 1.38015 8.83879 0.173183 7.69815 11.362 2.76293 0.144153 0.169179 0.50053
5000.00 1663.15 100.138585 50.4634 1.54163 14.9658 1.38131 8.83774 0.173183 7.69814 11.362 2.76292 0.144152 0.169179 0.500529
5000.00 1653.15 100.138718 50.4633 1.54163 14.9658 1.38263 8.83654 0.173183 7.69813 11.362 2.76292 0.144152 0.169179 0.500529
5000.00 1643.15 100.138867 50.4632 1.54163 14.9658 1.38411 8.83519 0.173183 7.69812 11.362 2.76291 0.144152 0.169178 0.500528
5000.00 1633.15 100.139034 50.4631 1.54162 14.9658 1.38577 8.83368 0.173182 7.69811 11.362 2.76291 0.144152 0.169178 0.500527
5000.00 1623.15 100.139218 50.463 1.54162 14.9657 1.3876 8.83202 0.173182 7.69809 11.3619 2.7629 0.144152 0.169178 0.500526
5000.00 1613.15 100.139420 50.4629 1.54162 14.9657 1.38962 8.83018 0.173182 7.69808 11.3619 2.7629 0.144151 0.169178 0.500525
5000.00 1603.15 100.139641 50.4628 1.54161 14.9657 1.39182 8.82818 0.173181 7.69806 11.3619 2.76289 0.144151 0.169177 0.500524
5000.00 1593.15 100.139882 50.4627 1.54161 14.9656 1.39421 8.826 0.173181 7.69804 11.3619 2.76289 0.144151 0.169177 0.500523
5000.00 1583.15 100.140142 50.4626 1.54161 14.9656 1.3968 8.82365 0.17318 7.69802 11.3618 2.76288 0.14415 0.169176 0.500522
5000.00 1573.15 100.140422 50.4624 1.5416 14.9656 1.39959 8.82111 0.17318 7.698 11.3618 2.76287 0.14415 0.169176 0.50052
5000.00 1563.15 100.140723 50.4623 1.5416 14.9655 1.40259 8.81838 0.173179 7.69798 11.3618 2.76286 0.144149 0.169175 0.500519
5000.00 1553.15 100.141046 50.4621 1.54159 14.9655 1.4058 8.81546 0.173179 7.69795 11.3617 2.76285 0.144149 0.169175 0.500517
5000.00 1543.15 100.141391 50.462 1.54159 14.9654 1.40924 8.81233 0.173178 7.69793 11.3617 2.76284 0.144148 0.169174 0.500515
5000.00 1533.15 100.141759 50.4618 1.54158 14.9654 1.4129 8.809 0.173178 7.6979 11.3617 2.76283 0.144148 0.169174 0.500513
5000.00 1523.15 100.142150 50.4616 1.54158 14.9653 1.41679 8.80546 0.173177 7.69787 11.3616 2.76282 0.144147 0.169173 0.500511
5000.00 1513.15 100.141679 50.4618 1.54158 14.9654 1.4121 8.80973 0.173178 7.6979 11.3617 2.76284 0.144148 0.169174 0.500514
5000.00 1503.15 95.011936 50.4009 1.6053 15.5226 1.42286 8.93436 0.182528 7.14795 11.0265 2.89926 0.151931 0.178307 0.527537
5000.00 1493.15 90.101963 50.3595 1.6691 16.0932 1.43211 9.05536 0.192474 6.5942 10.6563 3.04322 0.16021 0.188024 0.556284
5000.00 1483.15 85.711299 50.341 1.72813 16.6375 1.43918 9.16275 0.202334 6.07306 10.2804 3.18478 0.168417 0.197656 0.584781
5000.00 1473.15 81.768928 50.3446 1.78206 17.1557 1.44324 9.25696 0.212089 5.58284 9.90207 3.32374 0.176537 0.207186 0.612975
5000.00 1463.15 77.904423 50.3686 1.838 17.5975 1.4381 9.38284 0.22261 5.13758 9.50766 3.46109 0.18519 0.217463 0.643382
5000.00 1453.15 71.488971 50.375 1.96985 17.4966 1.47683 9.86296 0.242587 4.869 8.96777 3.60082 0.200446 0.236978 0.701119
5000.00 1443.15 65.173948 50.3319 2.13576 17.2845 1.53732 10.3187 0.266093 4.52615 8.61054 3.74202 0.218023 0.25994 0.769054
5000.00 1433.15 59.711483 50.2703 2.30763 17.0481 1.60179 10.7541 0.290435 4.18804 8.30548 3.87503 0.235964 0.28372 0.839408
5000.00 1423.15 55.081699 50.2019 2.4765 16.8151 1.6642 11.1729 0.314847 3.87179 8.01276 3.9988 0.253738 0.307567 0.909963
5000.00 1413.15 51.103862 50.1285 2.64175 16.5866 1.7249 11.5761 0.339354 3.575 7.72974 4.1144 0.271369 0.331508 0.980793
5000.00 1403.15 47.645042 50.0536 2.80197 16.3645 1.7845 11.9638 0.36399 3.29526 7.45293 4.22306 0.288893 0.355574 1.05199
5000.00 1393.15 44.612786 49.9736 2.95242 16.1491 2.06601 12.1317 0.38873 3.0287 7.17434 4.3258 0.306304 0.379742 1.1235
5000.00 1383.15 40.376548 50.7314 2.80094 15.9763 2.17023 11.7984 0.429515 2.70373 6.87252 4.52095 0.335096 0.419584 1.24137
5000.00 1373.15 36.060523 51.9614 2.48795 15.795 2.07399 11.2421 0.480922 2.3816 6.58932 4.75701 0.370917 0.469803 1.38995
5000.00 1363.15 32.632671 53.0688 2.21953 15.5797 1.99355 10.7367 0.53144 2.10795 6.33704 4.96473 0.405452 0.519153 1.53595
5000.00 1353.15 29.837600 54.0758 1.98656 15.3389 1.92495 10.274 0.581224 1.87233 6.11128 5.14847 0.438855 0.567785 1.67984
5000.00 1343.15 27.509130 54.9996 1.78232 15.0788 1.8653 9.84713 0.63042 1.66721 5.90836 5.31171 0.471262 0.615844 1.82202
5000.00 1333.15 25.534899 55.8536 1.60178 14.8042 1.81153 9.45105 0.679161 1.48698 5.72528 5.45721 0.502791 0.663458 1.96289
5000.00 1323.15 23.792849 56.7117 1.44066 14.5301 1.76076 9.08286 0.728888 1.32459 5.51429 5.59446 0.534441 0.672271 2.10493
5000.00 1313.15 22.245253 57.5776 1.29651 14.2579 1.71402 8.73891 0.779596 1.17831 5.27498 5.7243 0.5662 0.643546 2.24818
5000.00 1303.15 20.894807 58.3901 1.16723 13.9764 1.67134 8.41402 0.829982 1.04828 5.05509 5.84046 0.597174 0.619215 2.39069
5000.00 1293.15 19.703881 59.1566 1.05086 13.6879 1.63181 8.10518 0.880147 0.932086 4.85219 5.94454 0.627443 0.598567 2.53273
5000.00 1283.15 18.643968 59.883 0.945793 13.3937 1.59476 7.80992 0.930184 0.827822 4.66435 6.03781 0.657075 0.581068 2.67453
5000.00 1273.15 17.693277 60.5743 0.850729 13.095 1.55959 7.52619 0.980164 0.733955 4.48996 6.12136 0.68612 0.566311 2.81629
5000.00 1263.15 16.834771 61.2345 0.764591 12.7928 1.52585 7.25224 1.03015 0.649234 4.32769 6.19611 0.71462 0.553978 2.95817
5000.00 1253.15 16.054907 61.8669 0.68647 12.488 1.49314 6.98664 1.08019 0.572629 4.17644 6.26284 0.742609 0.543827 3.1003
5000.00 1243.15 15.342773 62.4744 0.615592 12.1811 1.4611 6.72818 1.13032 0.503279 4.03523 6.32221 0.770111 0.535668 3.24278
5000.00 1233.15 14.689478 63.0593 0.551291 11.8727 1.42945 6.47584 1.18059 0.44046 3.90326 6.37483 0.797148 0.529355 3.38573
5000.00 1223.15 14.087699 63.6237 0.492985 11.5633 1.39794 6.22882 1.23103 0.38356 3.7798 6.42121 0.823732 0.524778 3.5292
5000.00 1213.15 13.531349 64.169 0.440163 11.2533 1.36633 5.98647 1.28164 0.332052 3.66422 6.4618 0.849873 0.521858 3.67327
5000.00 1203.15 13.015328 64.6969 0.392373 10.943 1.33445 5.74829 1.33245 0.285489 3.55596 6.49701 0.875576 0.520542 3.81798
5000.00 1193.15 12.533950 65.2154 0.349245 10.634 1.19273 5.61308 1.38363 0.243506 3.4549 6.52792 0.900938 0.520858 3.96378
5000.00 1183.15 12.015986 65.8812 0.332685 10.3342 1.15197 5.20569 1.36556 0.194636 3.3784 6.57105 0.930389 0.520549 4.13368
5000.00 1173.15 11.558935 66.4906 0.312829 10.0268 1.09574 4.87285 1.35679 0.159666 3.30707 6.60153 0.957805 0.521984 4.29632
5000.00 1163.15 11.136596 67.0782 0.295295 9.71843 1.04074 4.55368 1.34777 0.129726 3.24135 6.62686 0.984589 0.524819 4.45853
5000.00 1153.15 10.745575 67.6443 0.279817 9.40933 0.98708 4.24831 1.33864 0.104253 3.18112 6.64723 1.01071 0.529043 4.62014
5000.00 1143.15 10.382919 68.1892 0.266164 9.09984 0.934849 3.95677 1.3295 0.0827337 3.1263 6.66285 1.03613 0.53466 4.78097
