Title: MORB_Gale2013_0

Phase Volumes:
Pressure Temperature mass V liquid_0 olivine_0 clinopyroxene_0 clinopyroxene_1 feldspar_0 spinel_0 apatite 
5000.00 1673.15 100.138469 37.338980 37.338980 0.000000 0.000000 0.000000 0.000000 0.000000 0.000000 
5000.00 1663.15 100.138585 37.309715 37.309715 0.000000 0.000000 0.000000 0.000000 0.000000 0.000000 
5000.00 1653.15 100.138718 37.280468 37.280468 0.000000 0.000000 0.000000 0.000000 0.000000 0.000000 
5000.00 1643.15 100.138867 37.251241 37.251241 0.000000 0.000000 0.000000 0.000000 0.000000 0.000000 
5000.00 1633.15 100.139034 37.222033 37.222033 0.000000 0.000000 0.000000 0.000000 0.000000 0.000000 
5000.00 1623.15 100.139218 37.192845 37.192845 0.000000 0.000000 0.000000 0.000000 0.000000 0.000000 
5000.00 1613.15 100.139420 37.163678 37.163678 0.000000 0.000000 0.000000 0.000000 0.000000 0.000000 
5000.00 1603.15 100.139641 37.134531 37.134531 0.000000 0.000000 0.000000 0.000000 0.000000 0.000000 
5000.00 1593.15 100.139882 37.105407 37.105407 0.000000 0.000000 0.000000 0.000000 0.000000 0.000000 
5000.00 1583.15 100.140142 37.076304 37.076304 0.000000 0.000000 0.000000 0.000000 0.000000 0.000000 
5000.00 1573.15 100.140422 37.047224 37.047224 0.000000 0.000000 0.000000 0.000000 0.000000 0.000000 
5000.00 1563.15 100.140723 37.018168 37.018168 0.000000 0.000000 0.000000 0.000000 0.000000 0.000000 
5000.00 1553.15 100.141046 36.989135 36.989135 0.000000 0.000000 0.000000 0.000000 0.000000 0.000000 
5000.00 1543.15 100.141391 36.960127 36.960127 0.000000 0.000000 0.000000 0.000000 0.000000 0.000000 
5000.00 1533.15 100.141759 36.931143 36.931143 0.000000 0.000000 0.000000 0.000000 0.000000 0.000000 
5000.00 1523.15 100.142150 36.902186 36.902186 0.000000 0.000000 0.000000 0.000000 0.000000 0.000000 
5000.00 1513.15 100.141679 36.629723 35.040531 0.000000 1.589191 0.000000 0.000000 0.000000 0.000000 
5000.00 1503.15 95.011936 34.780255 33.262759 0.000000 1.517496 0.000000 0.000000 0.000000 0.000000 
5000.00 1493.15 90.101963 33.028554 31.674889 0.000000 1.353665 0.000000 0.000000 0.000000 0.000000 
5000.00 1483.15 85.711299 31.463294 30.250963 0.000000 1.212331 0.000000 0.000000 0.000000 0.000000 
5000.00 1473.15 81.768928 30.055775 28.850265 0.000000 1.093413 0.000000 0.112097 0.000000 0.000000 
5000.00 1463.15 77.904423 28.645858 26.465061 0.000000 0.990186 0.000000 1.190611 0.000000 0.000000 
5000.00 1453.15 71.488971 26.283197 24.116408 0.000000 0.509801 0.353900 1.303088 0.000000 0.000000 
5000.00 1443.15 65.173948 23.962081 22.084006 0.000000 0.520594 0.199900 1.157581 0.000000 0.000000 
5000.00 1433.15 59.711483 21.952130 20.360599 0.000000 0.430326 0.175188 0.986017 0.000000 0.000000 
5000.00 1423.15 55.081699 20.246176 18.879365 0.000000 0.359506 0.157742 0.849562 0.000000 0.000000 
5000.00 1413.15 51.103862 18.778616 17.591329 0.000000 0.302791 0.146641 0.737855 0.000000 0.000000 
5000.00 1403.15 47.645042 17.501091 16.459273 0.000000 0.256726 0.142854 0.642238 0.000000 0.000000 
5000.00 1393.15 44.612786 16.364672 14.989704 0.000000 0.226292 0.209551 0.784061 0.155066 0.000000 
5000.00 1383.15 40.376548 14.907077 13.525625 0.000000 0.189192 0.183736 0.801359 0.207166 0.000000 
5000.00 1373.15 36.060523 13.460448 12.353020 0.000000 0.152915 0.124173 0.674097 0.156242 0.000000 
5000.00 1363.15 32.632671 12.299973 11.389342 0.000000 0.126731 0.085656 0.577077 0.121167 0.000000 
5000.00 1353.15 29.837600 11.345051 10.580622 0.000000 0.106923 0.060126 0.501211 0.096168 0.000000 
5000.00 1343.15 27.509130 10.542860 9.890205 0.000000 0.091443 0.042816 0.440584 0.077811 0.000000 
5000.00 1333.15 25.534899 9.856384 9.276774 0.000000 0.082347 0.029190 0.395696 0.064764 0.007615 
5000.00 1323.15 23.792849 9.246612 8.728875 0.000000 0.073975 0.019400 0.356776 0.054322 0.013264 
5000.00 1313.15 22.245253 8.702302 8.247937 0.000000 0.064101 0.013779 0.320081 0.045466 0.010938 
5000.00 1303.15 20.894807 8.224234 7.821422 0.000000 0.056029 0.009846 0.289292 0.038502 0.009142 
5000.00 1293.15 19.703881 7.800053 7.439792 0.000000 0.049353 0.007056 0.263188 0.032937 0.007727 
5000.00 1283.15 18.643968 7.420352 7.095737 0.000000 0.043754 0.005084 0.240761 0.028422 0.006594 
5000.00 1273.15 17.693277 7.077913 6.783525 0.000000 0.039010 0.003695 0.221298 0.024714 0.005671 
5000.00 1263.15 16.834771 6.767071 6.498584 0.000000 0.034957 0.002728 0.204260 0.021633 0.004910 
5000.00 1253.15 16.054907 6.483303 6.237220 0.000000 0.031467 0.002068 0.189226 0.019046 0.004274 
5000.00 1243.15 15.342773 6.222951 5.996412 0.000000 0.028442 0.001637 0.175868 0.016854 0.003737 
5000.00 1233.15 14.689478 5.983026 5.773667 0.000000 0.025803 0.001378 0.163921 0.014979 0.003277 
5000.00 1223.15 14.087699 5.761054 5.566903 0.000000 0.023487 0.001250 0.153172 0.013362 0.002880 
5000.00 1213.15 13.531349 5.554972 5.374372 0.000000 0.021441 0.001223 0.143448 0.011955 0.002533 
5000.00 1203.15 13.015328 5.363046 5.194591 0.000000 0.019623 0.001278 0.134606 0.010722 0.002226 
5000.00 1193.15 12.533950 5.183108 5.005638 0.029768 0.000000 0.000000 0.139574 0.005695 0.002433 
5000.00 1183.15 12.015986 4.994940 4.836836 0.022674 0.000000 0.000000 0.127668 0.005729 0.002032 
5000.00 1173.15 11.558935 4.826659 4.680043 0.020615 0.000000 0.000000 0.119275 0.004944 0.001782 
5000.00 1163.15 11.136596 4.670345 4.534110 0.018758 0.000000 0.000000 0.111646 0.004273 0.001558 
5000.00 1153.15 10.745575 4.524856 4.398037 0.017081 0.000000 0.000000 0.104682 0.003700 0.001355 
5000.00 1143.15 10.382919 4.389194 4.270952 0.015563 0.000000 0.000000 0.098299 0.003210 0.001170 
