Title: Gale2013MORB-9

Liquid Composition:
Pressure Temperature mass SiO2 TiO2 Al2O3 Fe2O3 FeO MnO MgO CaO Na2O K2O P2O5 
5000.00 1573.15 100.142588 50.4057 1.39578 15.8383 1.42118 8.80936 0.172183 6.91272 11.8728 2.87786 0.136054 0.158106
5000.00 1568.15 100.142738 50.4056 1.39578 15.8382 1.42267 8.808 0.172183 6.91271 11.8728 2.87786 0.136054 0.158106
5000.00 1563.15 100.142894 50.4056 1.39577 15.8382 1.42422 8.80659 0.172182 6.9127 11.8728 2.87785 0.136054 0.158106
5000.00 1558.15 100.143054 50.4055 1.39577 15.8382 1.42582 8.80514 0.172182 6.91269 11.8727 2.87785 0.136053 0.158105
5000.00 1553.15 100.143221 50.4054 1.39577 15.8382 1.42747 8.80363 0.172182 6.91268 11.8727 2.87784 0.136053 0.158105
5000.00 1548.15 100.143393 50.4053 1.39577 15.8381 1.42918 8.80208 0.172181 6.91266 11.8727 2.87784 0.136053 0.158105
5000.00 1543.15 100.143570 50.4052 1.39577 15.8381 1.43095 8.80047 0.172181 6.91265 11.8727 2.87783 0.136053 0.158105
5000.00 1538.15 100.143754 50.4051 1.39576 15.8381 1.43278 8.79881 0.172181 6.91264 11.8727 2.87783 0.136053 0.158104
5000.00 1533.15 98.923490 50.3981 1.40869 15.967 1.43567 8.8342 0.174305 6.79579 11.7785 2.90989 0.137731 0.160055
5000.00 1528.15 95.968788 50.3899 1.44002 16.2831 1.43917 8.91882 0.179671 6.51042 11.5416 2.99035 0.141971 0.164982
5000.00 1523.15 92.784336 50.3946 1.47514 16.5553 1.44525 9.02231 0.185838 6.2427 11.2881 3.07331 0.146769 0.170645
5000.00 1518.15 85.233945 50.3796 1.58451 16.362 1.50308 9.50263 0.2023 6.0826 10.861 3.17798 0.158485 0.185761
5000.00 1513.15 78.213588 50.3268 1.70318 16.1515 1.56272 9.9952 0.220458 5.91589 10.4799 3.27092 0.171002 0.202435
5000.00 1508.15 71.632410 50.2318 1.83343 15.9206 1.62477 10.5027 0.240713 5.74256 10.1465 3.35149 0.184444 0.221033
5000.00 1503.15 65.456945 50.0907 1.97691 15.6682 1.68944 11.0261 0.263423 5.56505 9.86087 3.41858 0.198856 0.241887
5000.00 1498.15 59.688301 49.9005 2.13444 15.3958 1.75651 11.5654 0.288881 5.38782 9.62036 3.47082 0.214179 0.265264
5000.00 1493.15 54.333109 49.6588 2.30633 15.1067 1.82552 12.1203 0.317354 5.21597 9.42053 3.50679 0.230282 0.291409
5000.00 1488.15 49.384806 49.363 2.49292 14.8044 1.89603 12.6912 0.349153 5.05386 9.25662 3.52525 0.246995 0.320608
5000.00 1483.15 44.820955 49.0095 2.69506 14.4912 1.96774 13.2798 0.384705 4.90474 9.12491 3.52498 0.264134 0.353253
5000.00 1478.15 40.606190 48.5932 2.91439 14.1672 2.04068 13.8894 0.424636 4.77049 9.02383 3.50475 0.281505 0.38992
5000.00 1473.15 36.637110 48.1102 3.15207 13.8177 2.11696 14.5266 0.470639 4.643 8.96606 3.46546 0.299203 0.432162
5000.00 1468.15 32.961003 47.5494 3.41051 13.4567 2.19467 15.1958 0.523128 4.53512 8.93524 3.40255 0.316538 0.48036
5000.00 1463.15 29.537359 46.8958 3.69461 13.0782 2.27464 15.9076 0.583764 4.44834 8.93503 3.31292 0.333048 0.536038
5000.00 1458.15 26.332876 46.1282 4.01136 12.6732 2.358 16.6771 0.654803 4.38523 8.97068 3.19215 0.348014 0.60127
5000.00 1453.15 23.321003 45.2164 4.37077 12.2293 2.4463 17.5254 0.739369 4.34974 9.04943 3.03412 0.360317 0.678923
5000.00 1448.15 20.484784 44.1217 4.7865 11.7292 2.54136 18.4795 0.841739 4.34719 9.18006 2.83152 0.368258 0.772923
5000.00 1443.15 17.829292 42.8121 5.27194 11.1578 2.644 19.5591 0.967107 4.38163 9.36849 2.58022 0.369633 0.888042
5000.00 1438.15 15.359673 41.3592 5.82753 10.5425 2.74805 20.7505 1.1226 4.43973 9.55996 2.29816 0.36364 0.988119
5000.00 1433.15 13.164878 39.9549 6.4022 9.96382 2.83918 21.9155 1.30976 4.49066 9.69229 2.02987 0.352874 1.04904
5000.00 1428.15 11.319111 38.7354 6.92391 9.47865 2.9093 22.8758 1.52334 4.51499 9.78109 1.80678 0.341624 1.10915
5000.00 1423.15 9.745567 37.7368 7.37009 9.10103 2.95841 23.6003 1.7693 4.50811 9.82558 1.63107 0.332475 1.16677
5000.00 1418.15 8.370901 36.919 7.74463 8.81297 2.99035 24.1176 2.05985 4.47702 9.83906 1.48981 0.325583 1.22416
5000.00 1413.15 7.158084 36.2349 8.05589 8.59497 3.00833 24.4579 2.40886 4.42977 9.83363 1.37092 0.320298 1.28455
5000.00 1408.15 6.097809 35.6474 8.3112 8.43274 3.01446 24.6424 2.82771 4.37303 9.81784 1.26621 0.315897 1.35108
5000.00 1403.15 5.191255 35.1281 8.51758 8.31584 3.01041 24.6882 3.32152 4.31181 9.79752 1.17075 0.311813 1.42641
5000.00 1398.15 4.435532 34.656 8.68246 8.23554 2.9978 24.6126 3.88743 4.24941 9.77667 1.0819 0.307691 1.51252
5000.00 1393.15 3.107628 34.272 9.36928 8.14195 2.96101 23.9862 4.34191 4.06765 9.99932 0.91188 0.318059 1.63072
5000.00 1388.15 1.677809 35.4277 10.7389 8.79591 2.58069 18.802 6.0804 3.597 11.0297 0.54992 0.386518 2.01119
5000.00 1383.15 1.145454 35.2249 11.4953 8.76594 2.51476 17.889 6.40708 3.4319 11.2614 0.459772 0.402232 2.14762
5000.00 1378.15 0.000000 ---
5000.00 1373.15 0.000000 ---
5000.00 1368.15 0.000000 ---
5000.00 1363.15 0.000000 ---
5000.00 1358.15 0.000000 ---
5000.00 1353.15 0.000000 ---
5000.00 1348.15 0.000000 ---
5000.00 1343.15 0.000000 ---
5000.00 1338.15 0.000000 ---
5000.00 1333.15 0.000000 ---
5000.00 1328.15 0.000000 ---
5000.00 1323.15 0.000000 ---
5000.00 1318.15 0.000000 ---
5000.00 1313.15 0.000000 ---
5000.00 1308.15 0.000000 ---
5000.00 1303.15 0.000000 ---
5000.00 1298.15 0.000000 ---
5000.00 1293.15 0.000000 ---
5000.00 1288.15 0.000000 ---
5000.00 1283.15 0.000000 ---
5000.00 1278.15 0.000000 ---
5000.00 1273.15 0.000000 ---
5000.00 1268.15 0.000000 ---
5000.00 1263.15 0.000000 ---
5000.00 1258.15 0.000000 ---
5000.00 1253.15 0.000000 ---
5000.00 1248.15 0.000000 ---
5000.00 1243.15 0.000000 ---
5000.00 1238.15 0.000000 ---
5000.00 1233.15 0.000000 ---
5000.00 1228.15 0.000000 ---
5000.00 1223.15 0.000000 ---
5000.00 1218.15 0.000000 ---
5000.00 1213.15 0.000000 ---
5000.00 1208.15 0.363720 1.81985 0.154654 0.0190058 0.0320586 0.0208795 1.07549 1.70863 51.6223 9.27679e-005 0.015906 43.5311
5000.00 1203.15 0.363444 1.7963 0.147258 0.0185939 0.0311511 0.0201186 1.05132 1.69514 51.6602 8.61043e-005 0.0156095 43.5642
5000.00 1198.15 0.363176 1.77334 0.14021 0.018193 0.0302803 0.0193914 1.0278 1.68191 51.6971 7.98824e-005 0.0153185 43.5964
5000.00 1193.15 0.362916 1.75096 0.133491 0.0178023 0.0294447 0.0186963 1.00491 1.66893 51.733 7.40747e-005 0.0150329 43.6276
5000.00 1188.15 0.362663 1.72915 0.127087 0.0174216 0.0286425 0.0180315 0.982639 1.6562 51.768 6.86556e-005 0.0147524 43.658
5000.00 1183.15 0.362418 1.70788 0.120981 0.0170503 0.0278722 0.0173955 0.960959 1.64372 51.802 6.36009e-005 0.0144769 43.6876
5000.00 1178.15 0.362179 1.68715 0.115158 0.0166881 0.0271325 0.0167869 0.939855 1.63148 51.8351 5.88878e-005 0.0142063 43.7164
5000.00 1173.15 0.361947 1.66693 0.109607 0.0163345 0.026422 0.0162043 0.91931 1.61948 51.8673 5.44951e-005 0.0139402 43.7444
5000.00 1168.15 0.361722 1.64722 0.104312 0.0159892 0.0257394 0.0156464 0.899309 1.60772 51.8987 5.04026e-005 0.0136788 43.7716
5000.00 1163.15 0.361503 1.628 0.0992633 0.0156519 0.0250836 0.015112 0.879834 1.59619 51.9292 4.65915e-005 0.0134217 43.7981
5000.00 1158.15 0.361290 1.60926 0.0944478 0.0153222 0.0244534 0.0146001 0.860872 1.5849 51.959 4.3044e-005 0.0131689 43.8239
5000.00 1153.15 0.361083 1.59099 0.0898551 0.0149998 0.0238478 0.0141095 0.842406 1.57384 51.9879 3.97435e-005 0.0129202 43.849
5000.00 1148.15 0.360882 1.57318 0.0854748 0.0146845 0.0232657 0.0136392 0.824423 1.56301 52.0161 3.66742e-005 0.0126756 43.8735
5000.00 1143.15 0.360687 1.55582 0.0812969 0.0143761 0.0227063 0.0131883 0.80691 1.55241 52.0436 3.38214e-005 0.0124349 43.8972
5000.00 1138.15 0.360497 1.53889 0.0773122 0.0140741 0.0221687 0.012756 0.789853 1.54203 52.0703 3.11711e-005 0.0121981 43.9204
5000.00 1133.15 0.360312 1.52239 0.0735117 0.0137786 0.0216519 0.0123413 0.773239 1.53188 52.0963 2.87102e-005 0.011965 43.9429
5000.00 1128.15 0.360133 1.5063 0.0698871 0.0134891 0.0211553 0.0119434 0.757056 1.52196 52.1217 2.64265e-005 0.0117355 43.9648
5000.00 1123.15 0.359958 1.49063 0.0664302 0.0132055 0.0206781 0.0115617 0.741293 1.51225 52.1463 2.43084e-005 0.0115096 43.9861
5000.00 1118.15 0.359789 1.47536 0.0631336 0.0129277 0.0202195 0.0111954 0.725937 1.50277 52.1703 2.2345e-005 0.0112873 44.0068
5000.00 1113.15 0.359624 1.46048 0.05999 0.0126553 0.0197788 0.0108438 0.710978 1.49351 52.1937 2.05261e-005 0.0110683 44.027
5000.00 1108.15 0.359464 1.44599 0.0569924 0.0123884 0.0193556 0.0105063 0.696406 1.48447 52.2164 1.8842e-005 0.0108527 44.0466
5000.00 1103.15 0.359308 1.43188 0.0541342 0.0121266 0.018949 0.0101823 0.682209 1.47565 52.2385 1.72837e-005 0.0106403 44.0657
5000.00 1098.15 0.359157 1.41813 0.0514093 0.0118699 0.0185586 0.00987116 0.668377 1.46705 52.26 1.58428e-005 0.0104312 44.0843
5000.00 1093.15 0.359010 1.40476 0.0488116 0.011618 0.0181839 0.0095724 0.654901 1.45867 52.2809 1.45111e-005 0.0102252 44.1023
5000.00 1088.15 0.358867 1.39174 0.0463355 0.011371 0.0178242 0.00928549 0.641772 1.4505 52.3013 1.32814e-005 0.0100223 44.1199
5000.00 1083.15 0.358728 1.37908 0.0439756 0.0111285 0.0174792 0.00900992 0.62898 1.44255 52.3211 1.21464e-005 0.00982248 44.1369
5000.00 1078.15 0.358594 1.36677 0.0417265 0.0108905 0.0171484 0.00874523 0.616516 1.43483 52.3403 1.10997e-005 0.0096256 44.1535
5000.00 1073.15 0.358463 1.35479 0.0395835 0.0106569 0.0168312 0.00849098 0.604372 1.42732 52.359 1.01351e-005 0.00943165 44.1695
5000.00 1068.15 0.358337 1.34316 0.0375418 0.0104276 0.0165274 0.00824673 0.592538 1.42002 52.3771 9.24666e-006 0.00924057 44.1852
5000.00 1063.15 0.358214 1.33186 0.0355968 0.0102024 0.0162366 0.00801209 0.581008 1.41295 52.3947 8.42907e-006 0.00905232 44.2003
5000.00 1058.15 0.358094 1.32088 0.0337444 0.00998132 0.0159583 0.00778667 0.569773 1.40609 52.4119 7.67722e-006 0.00886685 44.215
5000.00 1053.15 0.357979 1.31023 0.0319802 0.00976415 0.0156922 0.0075701 0.558825 1.39946 52.4285 6.98635e-006 0.00868412 44.2293
5000.00 1048.15 0.357867 1.2999 0.0303006 0.00955083 0.015438 0.00736203 0.548157 1.39304 52.4446 6.35199e-006 0.00850409 44.2432
5000.00 1043.15 0.357758 1.28988 0.0287015 0.00934127 0.0151955 0.00716214 0.537761 1.38685 52.4602 5.77e-006 0.00832671 44.2566
5000.00 1038.15 0.357653 1.28017 0.0271796 0.0091354 0.0149642 0.00697011 0.52763 1.38087 52.4753 5.23647e-006 0.00815194 44.2696
5000.00 1033.15 0.357551 1.27078 0.0257312 0.00893313 0.0147441 0.00678563 0.517757 1.37512 52.49 4.74777e-006 0.00797976 44.2822