Title: MORB_Gale2013-2

Liquid Composition:
Pressure Temperature mass SiO2 TiO2 Al2O3 Fe2O3 FeO MnO MgO CaO Na2O K2O P2O5 
5000.00 1573.15 100.150679 49.2056 1.57246 15.8926 1.50169 9.39098 0.181952 7.17709 11.8158 2.94608 0.141814 0.17384
5000.00 1568.15 100.150837 49.2055 1.57246 15.8926 1.50326 9.38955 0.181951 7.17708 11.8158 2.94607 0.141813 0.173839
5000.00 1563.15 100.151002 49.2055 1.57246 15.8926 1.5049 9.38806 0.181951 7.17707 11.8158 2.94607 0.141813 0.173839
5000.00 1558.15 100.151172 49.2054 1.57245 15.8926 1.50659 9.38651 0.181951 7.17706 11.8158 2.94606 0.141813 0.173839
5000.00 1553.15 100.151348 49.2053 1.57245 15.8925 1.50834 9.38492 0.181951 7.17705 11.8158 2.94606 0.141813 0.173838
5000.00 1548.15 100.151530 49.2052 1.57245 15.8925 1.51015 9.38327 0.18195 7.17703 11.8157 2.94605 0.141812 0.173838
5000.00 1543.15 100.151717 49.2051 1.57244 15.8925 1.51202 9.38157 0.18195 7.17702 11.8157 2.94605 0.141812 0.173838
5000.00 1538.15 100.151912 49.205 1.57244 15.8924 1.51396 9.37981 0.181949 7.177 11.8157 2.94604 0.141812 0.173837
5000.00 1533.15 99.682150 49.1975 1.57792 15.941 1.51664 9.39542 0.182807 7.13406 11.779 2.95857 0.14248 0.174657
5000.00 1528.15 96.606057 49.1552 1.61376 16.2617 1.52258 9.50548 0.188628 6.85075 11.5316 3.04312 0.147017 0.180218
5000.00 1523.15 93.661582 49.1267 1.64777 16.5732 1.52722 9.60614 0.194558 6.57606 11.2824 3.12841 0.151639 0.185884
5000.00 1518.15 87.500186 49.0492 1.74045 16.5262 1.57249 10.0068 0.208258 6.40467 10.8978 3.23368 0.161426 0.198973
5000.00 1513.15 80.537584 48.9126 1.86334 16.3304 1.63548 10.5392 0.226262 6.26688 10.4984 3.33743 0.17379 0.216174
5000.00 1508.15 74.019096 48.7279 1.99665 16.1155 1.70134 11.0925 0.246188 6.12419 10.1431 3.43045 0.186983 0.235212
5000.00 1503.15 67.895182 48.4898 2.14205 15.8791 1.77058 11.6701 0.268393 5.97828 9.83226 3.51194 0.201054 0.256427
5000.00 1498.15 62.157859 48.1943 2.30026 15.621 1.84331 12.2741 0.293166 5.83296 9.56416 3.58068 0.215952 0.280096
5000.00 1493.15 56.815518 47.8384 2.47113 15.3428 1.91928 12.9063 0.320733 5.69323 9.33494 3.63524 0.23152 0.306433
5000.00 1488.15 51.870612 47.42 2.65408 15.0467 1.99811 13.5687 0.351309 5.564 9.13976 3.67423 0.247528 0.335646
5000.00 1483.15 47.310962 46.9363 2.84865 14.7343 2.07953 14.2646 0.385166 5.44932 8.97418 3.69635 0.263699 0.367994
5000.00 1478.15 43.076066 46.3825 3.05467 14.3993 2.16456 15.0019 0.423033 5.34757 8.84073 3.70172 0.279858 0.404172
5000.00 1473.15 39.114077 45.756 3.26982 14.036 2.2542 15.7893 0.465883 5.25687 8.74014 3.69098 0.29575 0.445112
5000.00 1468.15 35.470504 45.0529 3.49297 13.6552 2.34631 16.6305 0.513739 5.1894 8.65739 3.66019 0.310532 0.490835
5000.00 1463.15 32.109359 44.2667 3.72364 13.2519 2.44128 17.536 0.567516 5.14645 8.59246 3.6083 0.323544 0.542214
5000.00 1458.15 29.006427 43.3932 3.96012 12.8214 2.53919 18.515 0.628226 5.12925 8.54471 3.53477 0.333931 0.600217
5000.00 1453.15 26.150508 42.4365 4.19799 12.3619 2.63941 19.5705 0.696835 5.13778 8.51184 3.4408 0.340723 0.665767
5000.00 1448.15 23.543799 41.4186 4.4279 11.8787 2.73997 20.6896 0.773987 5.1686 8.48859 3.33154 0.343122 0.739479
5000.00 1443.15 21.195345 40.3859 4.63413 11.3888 2.8374 21.8347 0.859745 5.21287 8.46638 3.21767 0.341017 0.821414
5000.00 1438.15 19.104282 39.3981 4.79784 10.9171 2.9279 22.9512 0.953848 5.25803 8.43628 3.11306 0.335259 0.911322
5000.00 1433.15 17.149428 38.5704 4.90316 10.517 3.00558 24.0508 1.06258 5.27738 8.30452 3.04499 0.327997 0.935661
5000.00 1428.15 15.376445 37.871 4.93858 10.1729 3.07272 25.0777 1.1851 5.27798 8.13129 3.00795 0.319476 0.945333
5000.00 1423.15 13.768996 37.2831 4.90404 9.87812 3.13121 26.0248 1.32345 5.26377 7.93148 2.99947 0.310021 0.950589
5000.00 1418.15 12.313993 36.7897 4.8064 9.62742 3.18246 26.896 1.47983 5.23903 7.71069 3.01638 0.299807 0.952309
5000.00 1413.15 10.304589 36.3252 4.76346 9.27736 3.24166 27.9193 1.5526 5.16184 7.52474 2.99713 0.28784 0.948884
5000.00 1408.15 7.512283 35.9009 4.74889 8.81167 3.31435 29.1866 1.49987 5.01975 7.35014 2.96145 0.273167 0.933236
5000.00 1403.15 4.618983 35.5749 4.61333 8.36796 3.3908 30.5278 1.40162 4.86171 7.10817 2.99517 0.255789 0.90281
5000.00 1398.15 0.000000 ---
5000.00 1393.15 0.000000 ---
5000.00 1388.15 0.000000 ---
5000.00 1383.15 0.000000 ---
5000.00 1378.15 0.000000 ---
5000.00 1373.15 0.000000 ---
5000.00 1368.15 0.000000 ---
5000.00 1363.15 0.000000 ---
5000.00 1358.15 0.000000 ---
5000.00 1353.15 0.000000 ---
5000.00 1348.15 0.000000 ---
5000.00 1343.15 0.000000 ---
5000.00 1338.15 0.000000 ---
5000.00 1333.15 0.000000 ---
5000.00 1328.15 0.000000 ---
5000.00 1323.15 0.000000 ---
5000.00 1318.15 0.000000 ---
5000.00 1313.15 0.000000 ---
5000.00 1308.15 0.000000 ---
5000.00 1303.15 0.000000 ---
5000.00 1298.15 0.000000 ---
5000.00 1293.15 0.000000 ---
5000.00 1288.15 0.000000 ---
5000.00 1283.15 0.000000 ---
5000.00 1278.15 0.000000 ---
5000.00 1273.15 0.000000 ---
5000.00 1268.15 0.000000 ---
5000.00 1263.15 0.000000 ---
5000.00 1258.15 0.000000 ---
5000.00 1253.15 0.000000 ---
5000.00 1248.15 0.000000 ---
5000.00 1243.15 0.000000 ---
5000.00 1238.15 0.000000 ---
5000.00 1233.15 0.000000 ---
5000.00 1228.15 0.000000 ---