Title: MORB_Gale2013-2

Solid Composition:
Pressure Temperature mass SiO2 TiO2 Al2O3 Fe2O3 FeO MnO MgO CaO Na2O K2O P2O5 
5000.00 1573.15 0.000000 ---
5000.00 1568.15 0.000000 ---
5000.00 1563.15 0.000000 ---
5000.00 1558.15 0.000000 ---
5000.00 1553.15 0.000000 ---
5000.00 1548.15 0.000000 ---
5000.00 1543.15 0.000000 ---
5000.00 1538.15 0.000000 ---
5000.00 1533.15 0.469987 50.7824 0.409551 5.59227 1.42245 5.63315 0 16.283 19.589 0.288172 0 0
5000.00 1528.15 3.546574 50.5533 0.446546 5.83038 1.48139 5.77253 0 16.0626 19.5522 0.301092 0 0
5000.00 1523.15 6.491748 50.3237 0.48531 6.0674 1.54038 5.91605 0 15.8458 19.507 0.314291 0 0
5000.00 1518.15 12.653426 50.2759 0.410446 11.5078 1.24307 4.92214 0 12.5168 18.1611 0.956603 0.00615694 0
5000.00 1513.15 19.615907 50.4017 0.377971 14.0931 1.09528 4.54638 0 10.9132 17.223 1.33886 0.0105048 0
5000.00 1508.15 26.134103 50.5538 0.370883 15.26 1.03232 4.4843 0 10.1585 16.5523 1.57392 0.0138684 0
5000.00 1503.15 32.257615 50.7089 0.373489 15.9201 1.00116 4.53444 0 9.69986 15.99 1.75488 0.0171153 0
5000.00 1498.15 37.994498 50.858 0.381727 16.3363 0.986814 4.63415 0 9.37574 15.499 1.90777 0.0205187 0
5000.00 1493.15 43.336428 50.9967 0.394235 16.613 0.983345 4.75572 0 9.12228 15.068 2.04248 0.0242014 0
5000.00 1488.15 48.281005 51.1231 0.410397 16.8012 0.987727 4.88505 0 8.90998 14.6906 2.16374 0.0282365 0
5000.00 1483.15 52.840446 51.2368 0.429799 16.9296 0.998071 5.01482 0 8.72396 14.36 2.27428 0.032681 0
5000.00 1478.15 57.075323 51.3357 0.453787 17.0195 1.01381 5.14502 0 8.55779 14.0611 2.37575 0.0376265 0
5000.00 1473.15 61.037582 51.4154 0.484738 17.0822 1.03546 5.27623 0 8.40749 13.7866 2.46869 0.0431656 0
5000.00 1468.15 64.681632 51.4818 0.519248 17.1193 1.06096 5.40046 0 8.26696 13.5476 2.5544 0.0492872 0
5000.00 1463.15 68.043475 51.5347 0.557282 17.1383 1.08986 5.51866 0 8.13512 13.3365 2.63349 0.0560512 0
5000.00 1458.15 71.147344 51.5732 0.598957 17.1441 1.12202 5.63173 0 8.01168 13.1489 2.70595 0.0634819 0
5000.00 1453.15 74.004478 51.5947 0.644602 17.1394 1.15767 5.74109 0 7.8973 12.9827 2.77109 0.071518 0
5000.00 1448.15 76.612743 51.5949 0.694839 17.1249 1.19742 5.84937 0 7.79377 12.8374 2.8274 0.0799386 0
5000.00 1443.15 78.963174 51.5681 0.750489 17.1 1.24211 5.96073 0 7.70362 12.7137 2.87289 0.088329 0
5000.00 1438.15 81.056702 51.5109 0.81207 17.0633 1.29226 6.07958 0 7.62849 12.6109 2.90635 0.0962023 0
5000.00 1433.15 83.014554 51.3948 0.884142 17.0006 1.35071 6.21709 0 7.56839 12.5393 2.92517 0.103328 0.016432
5000.00 1428.15 84.791023 51.2514 0.961721 16.9267 1.41413 6.36658 0 7.52007 12.4817 2.93428 0.109567 0.0338985
5000.00 1423.15 86.402341 51.0938 1.04117 16.8473 1.48029 6.52326 0 7.48028 12.432 2.93687 0.114974 0.0500159
5000.00 1418.15 87.861462 50.9319 1.11877 16.7662 1.54716 6.68171 0 7.44669 12.3878 2.9354 0.11963 0.0646862
5000.00 1413.15 89.873740 50.6673 1.20611 16.6462 1.60881 6.98739 0.0247423 7.40595 12.3042 2.93932 0.125027 0.0849224
5000.00 1408.15 92.667892 50.2685 1.31446 16.4616 1.67196 7.49736 0.0750546 7.3497 12.1741 2.9439 0.13112 0.112222
5000.00 1403.15 95.563517 49.8481 1.42496 16.251 1.74224 8.06716 0.122939 7.28662 12.0394 2.94273 0.136257 0.138547
5000.00 1398.15 100.229455 49.167 1.57123 15.8801 2.28498 8.67772 0.181809 7.17145 11.8065 2.94376 0.141702 0.173703
5000.00 1393.15 100.228788 49.1673 1.57124 15.8803 2.27836 8.68375 0.18181 7.1715 11.8066 2.94378 0.141703 0.173704
5000.00 1388.15 100.228120 49.1676 1.57125 15.8804 2.27172 8.6898 0.181811 7.17155 11.8067 2.9438 0.141704 0.173705
5000.00 1383.15 100.227450 49.1679 1.57126 15.8805 2.26507 8.69586 0.181812 7.1716 11.8068 2.94382 0.141705 0.173706
5000.00 1378.15 100.226779 49.1683 1.57127 15.8806 2.2584 8.70193 0.181814 7.17164 11.8069 2.94384 0.141706 0.173708
5000.00 1373.15 100.226106 49.1686 1.57128 15.8807 2.25171 8.70802 0.181815 7.17169 11.8069 2.94386 0.141707 0.173709
5000.00 1368.15 100.225431 49.1689 1.57129 15.8808 2.245 8.71413 0.181816 7.17174 11.807 2.94388 0.141708 0.17371
5000.00 1363.15 100.224753 49.1693 1.5713 15.8809 2.23826 8.72026 0.181817 7.17179 11.8071 2.9439 0.141709 0.173711
5000.00 1358.15 100.224072 49.1696 1.57131 15.881 2.2315 8.72642 0.181818 7.17184 11.8072 2.94392 0.14171 0.173712
5000.00 1353.15 100.223388 49.1699 1.57132 15.8811 2.22471 8.73261 0.18182 7.17189 11.8073 2.94394 0.141711 0.173713
5000.00 1348.15 100.222701 49.1703 1.57133 15.8812 2.21787 8.73883 0.181821 7.17194 11.8073 2.94396 0.141712 0.173715
5000.00 1343.15 100.222009 49.1706 1.57134 15.8813 2.211 8.74509 0.181822 7.17199 11.8074 2.94398 0.141713 0.173716
5000.00 1338.15 100.221313 49.1709 1.57135 15.8814 2.20408 8.75139 0.181823 7.17204 11.8075 2.944 0.141714 0.173717
5000.00 1333.15 100.220611 49.1713 1.57136 15.8815 2.19711 8.75774 0.181825 7.17209 11.8076 2.94402 0.141715 0.173718
5000.00 1328.15 100.219904 49.1716 1.57138 15.8817 2.19008 8.76414 0.181826 7.17214 11.8077 2.94404 0.141716 0.173719
5000.00 1323.15 100.219190 49.172 1.57139 15.8818 2.18298 8.7706 0.181827 7.17219 11.8078 2.94407 0.141717 0.173721
5000.00 1318.15 100.218468 49.1723 1.5714 15.8819 2.17581 8.77713 0.181829 7.17224 11.8078 2.94409 0.141718 0.173722
5000.00 1313.15 100.217739 49.1727 1.57141 15.882 2.16856 8.78373 0.18183 7.17229 11.8079 2.94411 0.141719 0.173723
5000.00 1308.15 100.216999 49.1731 1.57142 15.8821 2.16121 8.79042 0.181831 7.17234 11.808 2.94413 0.14172 0.173725
5000.00 1303.15 100.216250 49.1734 1.57143 15.8822 2.15376 8.79721 0.181833 7.1724 11.8081 2.94415 0.141721 0.173726
5000.00 1298.15 100.215488 49.1738 1.57144 15.8824 2.1462 8.8041 0.181834 7.17245 11.8082 2.94417 0.141722 0.173727
5000.00 1293.15 100.214714 49.1742 1.57146 15.8825 2.1385 8.81111 0.181835 7.17251 11.8083 2.9442 0.141723 0.173728
5000.00 1288.15 100.213924 49.1746 1.57147 15.8826 2.13065 8.81825 0.181837 7.17256 11.8084 2.94422 0.141724 0.17373
5000.00 1283.15 100.212846 49.1751 1.57149 15.8828 2.11994 8.82801 0.181839 7.17264 11.8085 2.94425 0.141726 0.173732
5000.00 1278.15 100.211248 49.1759 1.57151 15.883 2.10405 8.84248 0.181842 7.17276 11.8087 2.9443 0.141728 0.173734
5000.00 1273.15 100.209566 49.1767 1.57154 15.8833 2.08734 8.85769 0.181845 7.17288 11.8089 2.94435 0.14173 0.173737
5000.00 1268.15 100.207802 49.1776 1.57156 15.8836 2.0698 8.87366 0.181848 7.173 11.8091 2.9444 0.141733 0.17374
5000.00 1263.15 100.205955 49.1785 1.57159 15.8839 2.05145 8.89038 0.181851 7.17313 11.8093 2.94445 0.141735 0.173744
5000.00 1258.15 100.204027 49.1794 1.57162 15.8842 2.03228 8.90783 0.181855 7.17327 11.8095 2.94451 0.141738 0.173747
5000.00 1253.15 100.202017 49.1804 1.57166 15.8845 2.0123 8.92602 0.181858 7.17342 11.8098 2.94457 0.141741 0.17375
5000.00 1248.15 100.199928 49.1814 1.57169 15.8848 1.99153 8.94493 0.181862 7.17357 11.81 2.94463 0.141744 0.173754
5000.00 1243.15 100.197759 49.1825 1.57172 15.8852 1.96997 8.96457 0.181866 7.17372 11.8103 2.94469 0.141747 0.173758
5000.00 1238.15 100.195513 49.1836 1.57176 15.8855 1.94764 8.9849 0.18187 7.17388 11.8105 2.94476 0.14175 0.173762
5000.00 1233.15 100.193191 49.1847 1.57179 15.8859 1.92455 9.00593 0.181875 7.17405 11.8108 2.94483 0.141753 0.173766
5000.00 1228.15 100.190794 49.1859 1.57183 15.8863 1.90072 9.02763 0.181879 7.17422 11.8111 2.9449 0.141757 0.17377