Title: Gale2013MORB-5

Bulk Composition:
Pressure Temperature mass SiO2 TiO2 Al2O3 Fe2O3 FeO MnO MgO CaO Na2O K2O P2O5 
5000.00 1573.15 100.139008 50.9283 1.55089 14.9639 1.38552 8.56697 0.170279 7.68346 11.6253 2.81998 0.136628 0.168816
5000.00 1568.15 100.139154 50.9282 1.55089 14.9638 1.38697 8.56565 0.170279 7.68345 11.6253 2.81998 0.136627 0.168815
5000.00 1563.15 100.139306 50.9281 1.55088 14.9638 1.38848 8.56428 0.170278 7.68344 11.6253 2.81998 0.136627 0.168815
5000.00 1558.15 100.139462 50.928 1.55088 14.9638 1.39004 8.56286 0.170278 7.68342 11.6253 2.81997 0.136627 0.168815
5000.00 1553.15 100.139625 50.928 1.55088 14.9638 1.39165 8.56139 0.170278 7.68341 11.6252 2.81997 0.136627 0.168815
5000.00 1548.15 100.139792 50.9279 1.55088 14.9638 1.39332 8.55988 0.170278 7.6834 11.6252 2.81996 0.136627 0.168814
5000.00 1543.15 100.139965 50.9278 1.55087 14.9637 1.39504 8.55831 0.170277 7.68339 11.6252 2.81996 0.136626 0.168814
5000.00 1538.15 100.139774 50.9279 1.55088 14.9638 1.39314 8.56004 0.170278 7.6834 11.6252 2.81996 0.136627 0.168814
5000.00 1533.15 100.139641 50.9279 1.55088 14.9638 1.39181 8.56125 0.170278 7.68341 11.6252 2.81997 0.136627 0.168815
5000.00 1528.15 100.139696 50.9279 1.55088 14.9638 1.39236 8.56074 0.170278 7.68341 11.6252 2.81996 0.136627 0.168815
5000.00 1523.15 100.139926 50.9278 1.55087 14.9637 1.39465 8.55866 0.170277 7.68339 11.6252 2.81996 0.136626 0.168814
5000.00 1518.15 100.140317 50.9276 1.55087 14.9637 1.39854 8.55513 0.170277 7.68336 11.6252 2.81995 0.136626 0.168814
5000.00 1513.15 100.140000 50.9278 1.55087 14.9637 1.39539 8.55799 0.170277 7.68338 11.6252 2.81996 0.136626 0.168814
5000.00 1508.15 100.138962 50.9283 1.55089 14.9639 1.38506 8.56739 0.170279 7.68346 11.6253 2.81999 0.136628 0.168816
5000.00 1503.15 100.137808 50.9289 1.55091 14.9641 1.37357 8.57784 0.170281 7.68355 11.6255 2.82002 0.136629 0.168818
5000.00 1498.15 100.136635 50.9295 1.55093 14.9642 1.36189 8.58847 0.170283 7.68364 11.6256 2.82005 0.136631 0.16882
5000.00 1493.15 100.135510 50.9301 1.55094 14.9644 1.35069 8.59865 0.170285 7.68373 11.6257 2.82008 0.136632 0.168822
5000.00 1488.15 100.134519 50.9306 1.55096 14.9645 1.34083 8.60762 0.170287 7.6838 11.6258 2.82011 0.136634 0.168823
5000.00 1483.15 100.133677 50.931 1.55097 14.9647 1.33245 8.61524 0.170288 7.68387 11.6259 2.82013 0.136635 0.168825
5000.00 1478.15 100.132956 50.9313 1.55098 14.9648 1.32527 8.62177 0.170289 7.68392 11.626 2.82015 0.136636 0.168826
5000.00 1473.15 100.132345 50.9317 1.55099 14.9649 1.31919 8.62731 0.17029 7.68397 11.6261 2.82017 0.136637 0.168827
5000.00 1468.15 100.131832 50.9319 1.551 14.9649 1.31408 8.63196 0.170291 7.68401 11.6261 2.82019 0.136637 0.168828
5000.00 1463.15 100.131400 50.9321 1.55101 14.965 1.30978 8.63587 0.170292 7.68404 11.6262 2.8202 0.136638 0.168829
5000.00 1458.15 100.131025 50.9323 1.55101 14.9651 1.30605 8.63926 0.170293 7.68407 11.6262 2.82021 0.136639 0.168829
5000.00 1453.15 100.130672 50.9325 1.55102 14.9651 1.30254 8.64245 0.170293 7.6841 11.6263 2.82022 0.136639 0.16883
5000.00 1448.15 100.130287 50.9327 1.55102 14.9652 1.2987 8.64594 0.170294 7.68413 11.6263 2.82023 0.13664 0.16883
5000.00 1443.15 100.129791 50.933 1.55103 14.9652 1.29377 8.65043 0.170295 7.68417 11.6264 2.82024 0.13664 0.168831
5000.00 1438.15 100.129051 50.9333 1.55104 14.9654 1.28639 8.65714 0.170296 7.68422 11.6265 2.82026 0.136641 0.168833
5000.00 1433.15 100.128186 50.9338 1.55106 14.9655 1.27779 8.66497 0.170297 7.68429 11.6266 2.82029 0.136642 0.168834
5000.00 1428.15 100.127519 50.9341 1.55107 14.9656 1.27114 8.67101 0.170298 7.68434 11.6266 2.82031 0.136643 0.168835
5000.00 1423.15 100.127212 50.9343 1.55107 14.9656 1.26809 8.67379 0.170299 7.68436 11.6267 2.82032 0.136644 0.168836
5000.00 1418.15 100.127063 50.9343 1.55107 14.9657 1.2666 8.67514 0.170299 7.68438 11.6267 2.82032 0.136644 0.168836
5000.00 1413.15 100.126835 50.9345 1.55108 14.9657 1.26433 8.67721 0.1703 7.68439 11.6267 2.82033 0.136644 0.168836
5000.00 1408.15 100.126385 50.9347 1.55108 14.9658 1.25986 8.68128 0.1703 7.68443 11.6268 2.82034 0.136645 0.168837
5000.00 1403.15 100.125660 50.9351 1.5511 14.9659 1.25264 8.68785 0.170302 7.68448 11.6269 2.82036 0.136646 0.168838
5000.00 1398.15 100.125264 50.9353 1.5511 14.9659 1.2487 8.69143 0.170302 7.68451 11.6269 2.82037 0.136646 0.168839
5000.00 1393.15 100.124639 50.9356 1.55111 14.966 1.24247 8.69709 0.170303 7.68456 11.627 2.82039 0.136647 0.16884
5000.00 1388.15 100.124003 50.9359 1.55112 14.9661 1.23614 8.70286 0.170304 7.68461 11.6271 2.82041 0.136648 0.168841
5000.00 1383.15 100.117169 50.9394 1.55123 14.9671 1.16809 8.76475 0.170316 7.68514 11.6278 2.8206 0.136657 0.168853
5000.00 1378.15 100.111851 50.9421 1.55131 14.9679 1.11514 8.81292 0.170325 7.68554 11.6285 2.82075 0.136665 0.168862
5000.00 1373.15 100.110942 50.9425 1.55132 14.9681 1.10608 8.82117 0.170327 7.68561 11.6286 2.82077 0.136666 0.168863
5000.00 1368.15 100.110028 50.943 1.55134 14.9682 1.09698 8.82944 0.170328 7.68568 11.6287 2.8208 0.136667 0.168865
5000.00 1363.15 100.109111 50.9435 1.55135 14.9683 1.08785 8.83775 0.17033 7.68575 11.6288 2.82083 0.136668 0.168866
5000.00 1358.15 100.108191 50.9439 1.55137 14.9685 1.07868 8.84609 0.170331 7.68583 11.6289 2.82085 0.13667 0.168868
5000.00 1353.15 100.107267 50.9444 1.55138 14.9686 1.06948 8.85446 0.170333 7.6859 11.629 2.82088 0.136671 0.168869
5000.00 1348.15 100.106339 50.9449 1.55139 14.9688 1.06024 8.86286 0.170334 7.68597 11.6291 2.8209 0.136672 0.168871
5000.00 1343.15 100.105407 50.9454 1.55141 14.9689 1.05096 8.87131 0.170336 7.68604 11.6292 2.82093 0.136674 0.168872
5000.00 1338.15 100.104472 50.9458 1.55142 14.969 1.04164 8.87978 0.170338 7.68611 11.6293 2.82096 0.136675 0.168874
5000.00 1333.15 100.103532 50.9463 1.55144 14.9692 1.03228 8.88829 0.170339 7.68618 11.6294 2.82098 0.136676 0.168876
5000.00 1328.15 100.102588 50.9468 1.55145 14.9693 1.02288 8.89685 0.170341 7.68626 11.6295 2.82101 0.136677 0.168877
5000.00 1323.15 100.101641 50.9473 1.55147 14.9695 1.01344 8.90543 0.170342 7.68633 11.6297 2.82104 0.136679 0.168879
5000.00 1318.15 100.100688 50.9478 1.55148 14.9696 1.00395 8.91406 0.170344 7.6864 11.6298 2.82106 0.13668 0.16888
5000.00 1313.15 100.099731 50.9483 1.5515 14.9697 0.994421 8.92273 0.170346 7.68647 11.6299 2.82109 0.136681 0.168882
5000.00 1308.15 100.098770 50.9487 1.55151 14.9699 0.984841 8.93145 0.170347 7.68655 11.63 2.82112 0.136683 0.168884
5000.00 1303.15 100.097803 50.9492 1.55153 14.97 0.975212 8.94021 0.170349 7.68662 11.6301 2.82115 0.136684 0.168885
5000.00 1298.15 100.096772 50.9498 1.55154 14.9702 0.964941 8.94955 0.170351 7.6867 11.6302 2.82117 0.136685 0.168887
5000.00 1293.15 100.094620 50.9509 1.55158 14.9705 0.943507 8.96905 0.170354 7.68687 11.6305 2.82123 0.136688 0.168891
5000.00 1288.15 100.092483 50.9519 1.55161 14.9708 0.922219 8.98841 0.170358 7.68703 11.6307 2.8213 0.136691 0.168894
5000.00 1283.15 100.090362 50.953 1.55164 14.9711 0.901084 9.00764 0.170362 7.68719 11.631 2.82135 0.136694 0.168898
5000.00 1278.15 100.088257 50.9541 1.55168 14.9715 0.880108 9.02672 0.170365 7.68736 11.6312 2.82141 0.136697 0.168901
5000.00 1273.15 100.086168 50.9552 1.55171 14.9718 0.8593 9.04565 0.170369 7.68752 11.6315 2.82147 0.1367 0.168905
5000.00 1268.15 100.084098 50.9562 1.55174 14.9721 0.838665 9.06442 0.170372 7.68768 11.6317 2.82153 0.136703 0.168908
5000.00 1263.15 100.082045 50.9573 1.55177 14.9724 0.818212 9.08303 0.170376 7.68783 11.6319 2.82159 0.136705 0.168912
5000.00 1258.15 100.080011 50.9583 1.5518 14.9727 0.797946 9.10146 0.170379 7.68799 11.6322 2.82165 0.136708 0.168915
5000.00 1253.15 100.077997 50.9593 1.55183 14.973 0.777874 9.11972 0.170383 7.68814 11.6324 2.8217 0.136711 0.168919
5000.00 1248.15 100.076003 50.9603 1.55187 14.9733 0.758004 9.13779 0.170386 7.6883 11.6326 2.82176 0.136714 0.168922
5000.00 1243.15 100.074030 50.9613 1.5519 14.9736 0.738341 9.15568 0.170389 7.68845 11.6329 2.82182 0.136716 0.168925
5000.00 1238.15 100.072079 50.9623 1.55193 14.9739 0.718893 9.17337 0.170393 7.6886 11.6331 2.82187 0.136719 0.168929
5000.00 1233.15 100.070150 50.9633 1.55196 14.9742 0.699664 9.19086 0.170396 7.68875 11.6333 2.82192 0.136722 0.168932
5000.00 1228.15 100.068243 50.9643 1.55199 14.9745 0.680662 9.20815 0.170399 7.68889 11.6335 2.82198 0.136724 0.168935
5000.00 1223.15 100.066360 50.9652 1.55201 14.9747 0.661891 9.22522 0.170403 7.68904 11.6338 2.82203 0.136727 0.168938
5000.00 1218.15 100.064501 50.9662 1.55204 14.975 0.643358 9.24208 0.170406 7.68918 11.634 2.82208 0.136729 0.168941
5000.00 1213.15 100.062666 50.9671 1.55207 14.9753 0.625068 9.25872 0.170409 7.68932 11.6342 2.82214 0.136732 0.168945
5000.00 1208.15 100.060856 50.968 1.5521 14.9756 0.607027 9.27513 0.170412 7.68946 11.6344 2.82219 0.136734 0.168948
5000.00 1203.15 100.059629 50.9687 1.55212 14.9757 0.594795 9.28626 0.170414 7.68956 11.6345 2.82222 0.136736 0.16895
5000.00 1198.15 100.058846 50.9691 1.55213 14.9759 0.586985 9.29336 0.170415 7.68962 11.6346 2.82224 0.136737 0.168951
5000.00 1193.15 100.058065 50.9695 1.55214 14.976 0.579202 9.30044 0.170417 7.68968 11.6347 2.82227 0.136738 0.168952
5000.00 1188.15 100.057287 50.9699 1.55216 14.9761 0.571446 9.3075 0.170418 7.68974 11.6348 2.82229 0.136739 0.168954
5000.00 1183.15 100.056512 50.9703 1.55217 14.9762 0.563719 9.31453 0.170419 7.68979 11.6349 2.82231 0.13674 0.168955