Title: Gale2013MORB-5

liquid_0 thermodynamic data and composition:
Pressure Temperature mass S H V Cp viscosity SiO2 TiO2 Al2O3 Fe2O3 FeO MnO MgO CaO Na2O K2O P2O5 Mg#
5000.00 1573.15 100.139008 275.819084 -1191998.764891 36.624416 149.994061 2.046 50.9283 1.55089 14.9639 1.38552 8.56697 0.170279 7.68346 11.6253 2.81998 0.136628 0.168816 61.5
5000.00 1568.15 100.139154 275.341910 -1192750.818227 36.612114 149.994810 2.066 50.9282 1.55089 14.9638 1.38697 8.56565 0.170279 7.68345 11.6253 2.81998 0.136627 0.168815 61.5
5000.00 1563.15 100.139306 274.863217 -1193502.953822 36.599817 149.995587 2.086 50.9281 1.55088 14.9638 1.38848 8.56428 0.170278 7.68344 11.6253 2.81998 0.136627 0.168815 61.5
5000.00 1558.15 100.139462 274.382996 -1194255.173177 36.587523 149.996391 2.107 50.928 1.55088 14.9638 1.39004 8.56286 0.170278 7.68342 11.6253 2.81997 0.136627 0.168815 61.5
5000.00 1553.15 100.139625 273.901236 -1195007.477823 36.575232 149.997222 2.127 50.928 1.55088 14.9638 1.39165 8.56139 0.170278 7.68341 11.6252 2.81997 0.136627 0.168815 61.5
5000.00 1548.15 100.139792 273.417928 -1195759.869323 36.562946 149.998082 2.148 50.9279 1.55088 14.9638 1.39332 8.55988 0.170278 7.6834 11.6252 2.81996 0.136627 0.168814 61.5
5000.00 1543.15 100.139965 272.933061 -1196512.349273 36.550663 149.998970 2.169 50.9278 1.55087 14.9637 1.39504 8.55831 0.170277 7.68339 11.6252 2.81996 0.136626 0.168814 61.5
5000.00 1538.15 97.826664 266.188261 -1169115.865471 35.709631 146.337648 2.210 50.9085 1.58045 15.2088 1.39891 8.61339 0.174304 7.44027 11.482 2.88072 0.139857 0.172806 60.6
5000.00 1533.15 94.857482 257.696213 -1133790.787037 34.635730 141.649815 2.259 50.8948 1.61881 15.5285 1.40233 8.68196 0.17976 7.12771 11.2813 2.96235 0.144235 0.178215 59.4
5000.00 1528.15 92.019803 249.588637 -1100128.016211 33.611321 137.182087 2.309 50.8948 1.65571 15.8395 1.40443 8.74262 0.185303 6.82737 11.0734 3.04448 0.148683 0.183711 58.2
5000.00 1523.15 89.304032 241.837389 -1068011.588705 32.632912 132.918094 2.360 50.9085 1.69099 16.1417 1.4052 8.79425 0.190938 6.53801 10.8607 3.12713 0.153204 0.189298 57.0
5000.00 1518.15 86.701070 234.416003 -1037330.371217 31.697171 128.842525 2.412 50.9363 1.72451 16.4354 1.40462 8.836 0.196671 6.25876 10.6446 3.21036 0.157804 0.194981 55.8
5000.00 1513.15 81.157766 219.052634 -968734.128652 29.648711 120.323102 2.445 50.9496 1.81969 16.4223 1.437 9.10431 0.210104 6.02855 10.3447 3.30772 0.167679 0.208298 54.1
5000.00 1508.15 73.913763 199.123878 -878280.314757 26.952859 109.261615 2.460 50.9136 1.97064 16.1812 1.49475 9.53954 0.230695 5.81964 10.0344 3.40467 0.18212 0.228713 52.1
5000.00 1503.15 67.160044 180.568470 -794210.913611 24.438062 98.985727 2.469 50.8342 2.13772 15.9151 1.55483 9.98229 0.253894 5.60787 9.77731 3.48739 0.197757 0.251713 50.0
5000.00 1498.15 60.940985 163.504052 -717064.868844 22.121437 89.559231 2.473 50.7097 2.32016 15.6306 1.6164 10.4304 0.279805 5.40126 9.56595 3.55379 0.214433 0.2774 48.0
5000.00 1493.15 55.259164 147.934061 -646848.937420 20.004514 80.980809 2.470 50.5392 2.51732 15.3348 1.67872 10.8828 0.308574 5.20571 9.3925 3.60245 0.231985 0.305923 46.0
5000.00 1488.15 50.025122 133.613245 -582425.619928 18.054912 73.108842 2.462 50.322 2.7298 15.0219 1.74253 11.3413 0.34086 5.01807 9.26178 3.63337 0.250494 0.337931 44.1
5000.00 1483.15 45.241300 120.544970 -523807.561948 16.273984 65.942756 2.447 50.0578 2.9565 14.7031 1.80659 11.8048 0.376903 4.84464 9.16094 3.64536 0.269732 0.373664 42.2
5000.00 1478.15 40.869835 108.625308 -470495.698728 14.647789 57.910386 2.426 49.7426 3.19898 14.3837 1.87028 12.2741 0.417216 4.68873 9.08405 3.63707 0.289553 0.413631 40.5
5000.00 1473.15 36.847437 97.681001 -421681.347186 13.153011 52.099364 2.397 49.3704 3.46025 14.0617 1.9339 12.7522 0.462761 4.54996 9.03301 3.60714 0.30991 0.458785 38.9
5000.00 1468.15 33.124419 87.571918 -376734.322517 11.771328 46.744878 2.361 48.933 3.74414 13.7341 1.99781 13.2425 0.514773 4.42839 9.01066 3.55353 0.330696 0.51035 37.3
5000.00 1463.15 29.660666 78.187675 -335139.764190 10.487907 41.785146 2.314 48.4188 4.05591 13.397 2.06247 13.75 0.574888 4.32469 9.02117 3.4733 0.351718 0.569948 35.9
5000.00 1458.15 26.423003 69.436809 -296468.997378 9.290399 37.169129 2.257 47.8109 4.40315 13.0446 2.12863 14.2819 0.64533 4.24032 9.07071 3.36214 0.372635 0.639785 34.6
5000.00 1453.15 23.383541 61.242177 -260357.161847 8.168290 32.854001 2.184 47.083 4.79744 12.6676 2.19745 14.8494 0.729212 4.17796 9.16842 3.21372 0.392851 0.722946 33.4
5000.00 1448.15 20.518363 53.537297 -226485.109360 7.112382 28.803135 2.091 46.194 5.25735 12.2515 2.27083 15.4713 0.831039 4.14214 9.32806 3.0186 0.411312 0.823898 32.3
5000.00 1443.15 17.807777 46.266932 -194582.266364 6.114913 24.986257 1.971 45.0789 5.81353 11.7727 2.35182 16.1769 0.957535 4.14001 9.57001 2.76315 0.426132 0.949306 31.3
5000.00 1438.15 15.150833 39.173628 -163505.849317 5.141644 21.242543 1.825 43.7414 6.52678 11.2338 2.43978 17.035 1.12545 4.16555 9.82799 2.4423 0.435761 1.02616 30.4
5000.00 1433.15 12.720418 32.707545 -135307.983303 4.256295 17.827219 1.645 42.1195 7.40758 10.6121 2.5335 17.9874 1.34049 4.22201 10.1634 2.0605 0.435823 1.11769 29.5
5000.00 1428.15 10.673828 27.289856 -111969.322113 3.521380 14.955672 1.465 40.4752 8.36061 10.0051 2.61472 18.8261 1.59751 4.2679 10.5082 1.69131 0.428949 1.22442 28.8
5000.00 1423.15 9.045820 23.010451 -93887.590603 2.950176 12.671659 1.322 39.1161 9.2459 9.52734 2.66685 19.3567 1.88502 4.26534 10.7841 1.39955 0.42275 1.3303 28.2
5000.00 1418.15 7.734688 19.589118 -79700.396473 2.500793 10.832206 1.215 38.0643 10.0297 9.18281 2.69165 19.5838 2.20456 4.21819 10.9934 1.1789 0.420196 1.43248 27.7
5000.00 1413.15 6.650968 16.779375 -68213.937779 2.136353 9.312308 1.134 37.2377 10.7283 8.93625 2.69578 19.575 2.56377 4.14151 11.16 1.0061 0.420723 1.53476 27.4
5000.00 1408.15 5.744634 14.442064 -58750.656837 1.835923 8.041888 1.069 36.5668 11.3565 8.75811 2.68449 19.3894 2.96826 4.04711 11.2999 0.865493 0.423074 1.64083 27.1
5000.00 1403.15 4.986321 12.494890 -50914.175057 1.587210 6.979600 1.015 36.0031 11.9215 8.62764 2.66169 19.0743 3.41967 3.94336 11.4212 0.748268 0.426071 1.75326 26.9
5000.00 1398.15 3.694993 9.233915 -37624.847853 1.172753 5.168004 0.958 35.6806 11.7603 8.65206 2.6207 18.7529 4.34176 3.86708 11.349 0.678057 0.424334 1.87325 26.9
5000.00 1393.15 2.927952 7.295768 -29735.301511 0.926220 4.093701 0.893 35.2566 11.7451 8.63977 2.58338 18.417 5.19894 3.80229 11.3188 0.609406 0.417681 2.01106 26.9
5000.00 1388.15 2.366118 5.878212 -23962.268820 0.745936 3.307564 0.824 34.8031 11.71 8.62414 2.54692 18.0794 6.07723 3.7476 11.2898 0.549019 0.407749 2.16503 27.0
5000.00 1383.15 0.856690 2.124264 -8772.257545 0.271516 1.197859 0.882 35.2282 12.0845 8.79017 2.4145 16.597 6.66772 3.50112 11.5213 0.453697 0.440259 2.30156 27.3

clinopyroxene_2 thermodynamic data and composition:
Pressure Temperature mass S H V Cp structure formula SiO2 TiO2 Al2O3 Fe2O3 FeO MnO MgO CaO Na2O K2O P2O5
5000.00 1298.15 0.031334 0.066866 -386.022441 0.008968 0.034880 cpx Na0.04Ca0.90Fe''0.24Mg0.43Fe'''0.07Ti0.33Al0.66Si1.32O6 34.2699 11.4222 14.5853 2.41881 7.42272 0 7.47773 21.8683 0.534951 0 0
5000.00 1293.15 0.646925 1.377252 -7975.468246 0.185059 0.719717 cpx Na0.04Ca0.91Fe''0.24Mg0.43Fe'''0.07Ti0.33Al0.67Si1.32O6 34.1744 11.5006 14.6616 2.37702 7.41727 0 7.43826 21.8969 0.533975 0 0
5000.00 1288.15 1.240207 2.634045 -15300.378732 0.354607 1.378959 cpx Na0.04Ca0.91Fe''0.24Mg0.43Fe'''0.07Ti0.34Al0.67Si1.32O6 34.0804 11.5778 14.7372 2.33529 7.41204 0 7.39951 21.9248 0.532998 0 0
5000.00 1283.15 1.812490 3.840345 -22376.339584 0.517999 2.014106 cpx Na0.04Ca0.91Fe''0.24Mg0.42Fe'''0.07Ti0.34Al0.67Si1.31O6 33.9878 11.6538 14.812 2.29363 7.40701 0 7.36146 21.9522 0.532019 0 0
5000.00 1278.15 2.364960 4.998973 -29217.480881 0.675585 2.626522 cpx Na0.04Ca0.91Fe''0.24Mg0.42Fe'''0.07Ti0.34Al0.68Si1.31O6 33.8966 11.7288 14.8862 2.25206 7.40216 0 7.32409 21.9791 0.531038 0 0
5000.00 1273.15 2.898699 6.112495 -35836.645822 0.827683 3.217445 cpx Na0.04Ca0.91Fe''0.24Mg0.42Fe'''0.06Ti0.34Al0.68Si1.30O6 33.8067 11.8028 14.9596 2.21059 7.39747 0 7.28738 22.0054 0.530055 0 0
5000.00 1268.15 3.414692 7.183258 -42245.536565 0.974586 3.788007 cpx Na0.04Ca0.91Fe''0.24Mg0.42Fe'''0.06Ti0.34Al0.68Si1.30O6 33.7182 11.8757 15.0324 2.16926 7.39293 0 7.25132 22.0312 0.529068 0 0
5000.00 1263.15 3.913840 8.213412 -48454.840789 1.116557 4.339242 cpx Na0.04Ca0.91Fe''0.24Mg0.42Fe'''0.06Ti0.35Al0.69Si1.30O6 33.6308 11.9476 15.1045 2.12806 7.38851 0 7.21588 22.0565 0.528078 0 0
5000.00 1258.15 4.396970 9.204928 -54474.341918 1.253843 4.872096 cpx Na0.04Ca0.91Fe''0.24Mg0.41Fe'''0.06Ti0.35Al0.69Si1.30O6 33.5447 12.0186 15.176 2.08701 7.38421 0 7.18105 22.0814 0.527084 0 0
5000.00 1253.15 4.864839 10.159624 -60313.015458 1.386665 5.387440 cpx Na0.04Ca0.91Fe''0.24Mg0.41Fe'''0.06Ti0.35Al0.69Si1.29O6 33.4598 12.0886 15.2469 2.04614 7.38 0 7.14682 22.1057 0.526086 0 0
5000.00 1248.15 5.318144 11.079172 -65979.113483 1.515231 5.886075 cpx Na0.04Ca0.92Fe''0.24Mg0.41Fe'''0.06Ti0.35Al0.70Si1.29O6 33.3759 12.1577 15.3171 2.00546 7.37587 0 7.11317 22.1297 0.525083 0 0
5000.00 1243.15 5.757531 11.965123 -71480.238934 1.639731 6.368741 cpx Na0.04Ca0.92Fe''0.24Mg0.41Fe'''0.06Ti0.36Al0.70Si1.29O6 33.2932 12.2259 15.3868 1.96498 7.37182 0 7.08009 22.1532 0.524074 0 0
5000.00 1238.15 6.183593 12.818909 -76823.411179 1.760340 6.836120 cpx Na0.04Ca0.92Fe''0.24Mg0.41Fe'''0.06Ti0.36Al0.70Si1.28O6 33.2115 12.2932 15.4559 1.92472 7.36782 0 7.04756 22.1762 0.52306 0 0
5000.00 1233.15 6.596883 13.641863 -82015.124014 1.877223 7.288847 cpx Na0.04Ca0.92Fe''0.24Mg0.40Fe'''0.05Ti0.36Al0.71Si1.28O6 33.1308 12.3597 15.5244 1.88469 7.36386 0 7.01558 22.1989 0.52204 0 0
5000.00 1228.15 6.997911 14.435224 -87061.397094 1.990529 7.727509 cpx Na0.04Ca0.92Fe''0.24Mg0.40Fe'''0.05Ti0.36Al0.71Si1.28O6 33.0512 12.4254 15.5924 1.84491 7.35994 0 6.98412 22.2211 0.521014 0 0
5000.00 1223.15 7.387154 15.200147 -91967.821679 2.100401 8.152652 cpx Na0.04Ca0.92Fe''0.24Mg0.40Fe'''0.05Ti0.36Al0.71Si1.27O6 32.9724 12.4902 15.6598 1.80539 7.35604 0 6.95319 22.243 0.51998 0 0
5000.00 1218.15 7.765055 15.937712 -96739.601397 2.206968 8.564787 cpx Na0.04Ca0.92Fe''0.24Mg0.40Fe'''0.05Ti0.36Al0.72Si1.27O6 32.8947 12.5542 15.7266 1.76615 7.35215 0 6.92276 22.2645 0.518939 0 0
5000.00 1213.15 8.132028 16.648931 -101381.588658 2.310355 8.964389 cpx Na0.04Ca0.92Fe''0.24Mg0.40Fe'''0.05Ti0.37Al0.72Si1.27O6 32.8178 12.6175 15.7929 1.7272 7.34826 0 6.89284 22.2856 0.517891 0 0
5000.00 1208.15 8.488462 17.334750 -105898.317230 2.410675 9.351904 cpx Na0.04Ca0.92Fe''0.24Mg0.40Fe'''0.05Ti0.37Al0.72Si1.27O6 32.7418 12.6799 15.8587 1.68855 7.34437 0 6.86339 22.3063 0.516834 0 0
5000.00 1203.15 8.657357 17.635183 -108083.223909 2.457701 9.532731 cpx Na0.04Ca0.92Fe''0.24Mg0.39Fe'''0.05Ti0.37Al0.73Si1.26O6 32.6603 12.7413 15.9319 1.65762 7.33091 0 6.83566 22.3267 0.515658 0 0
5000.00 1198.15 8.684538 17.646151 -108503.074579 2.464496 9.557592 cpx Na0.04Ca0.93Fe''0.24Mg0.39Fe'''0.05Ti0.37Al0.73Si1.26O6 32.5749 12.8015 16.0103 1.63263 7.31026 0 6.80931 22.3467 0.514374 0 0
5000.00 1193.15 8.710747 17.654759 -108910.939446 2.471018 9.581331 cpx Na0.04Ca0.93Fe''0.24Mg0.39Fe'''0.05Ti0.37Al0.73Si1.26O6 32.4906 12.8611 16.0878 1.60775 7.28997 0 6.78338 22.3664 0.513064 0 0
5000.00 1188.15 8.736024 17.661102 -109307.298874 2.477279 9.603993 cpx Na0.04Ca0.93Fe''0.23Mg0.39Fe'''0.05Ti0.38Al0.74Si1.25O6 32.4073 12.9199 16.1644 1.58299 7.27003 0 6.75785 22.3859 0.511728 0 0
5000.00 1183.15 8.760407 17.665268 -109692.602626 2.483288 9.625619 cpx Na0.04Ca0.93Fe''0.23Mg0.39Fe'''0.05Ti0.38Al0.74Si1.25O6 32.325 12.978 16.2401 1.55834 7.25044 0 6.73272 22.405 0.510368 0 0

feldspar_0 thermodynamic data and composition:
Pressure Temperature mass S H V Cp formula SiO2 TiO2 Al2O3 Fe2O3 FeO MnO MgO CaO Na2O K2O P2O5
5000.00 1513.15 2.373562 5.923976 -32172.797280 0.891876 2.937095 K0.00Na0.33Ca0.67Al1.67Si2.33O8 51.2428 0 31.2205 0 0 0 0 13.8004 3.70539 0.0308742 0
5000.00 1508.15 6.262850 15.624198 -84903.374513 2.355978 7.748332 K0.00Na0.34Ca0.65Al1.65Si2.35O8 51.6758 0 30.9278 0 0 0 0 13.4579 3.90314 0.0352225 0
5000.00 1503.15 9.970521 24.861531 -135188.560489 3.754830 12.332975 K0.00Na0.36Ca0.64Al1.64Si2.36O8 52.0924 0 30.6462 0 0 0 0 13.1283 4.09294 0.0401565 0
5000.00 1498.15 13.438034 33.488851 -182234.996239 5.065907 16.618584 K0.00Na0.38Ca0.62Al1.62Si2.38O8 52.4909 0 30.3765 0 0 0 0 12.8129 4.274 0.0456924 0
5000.00 1493.15 16.635559 41.431192 -225637.920992 6.277461 20.568297 K0.00Na0.39Ca0.61Al1.61Si2.39O8 52.8712 0 30.119 0 0 0 0 12.5117 4.44632 0.051845 0
5000.00 1488.15 19.605145 48.792801 -265967.315192 7.404849 24.234128 K0.00Na0.40Ca0.59Al1.59Si2.41O8 53.232 0 29.8744 0 0 0 0 12.2257 4.60918 0.0586982 0
5000.00 1483.15 22.317125 55.500133 -302819.543076 8.436502 27.579507 K0.00Na0.42Ca0.58Al1.58Si2.42O8 53.5763 0 29.6408 0 0 0 0 11.9527 4.764 0.06626 0
5000.00 1478.15 24.781020 61.577561 -336322.130808 9.375678 30.616342 K0.00Na0.43Ca0.57Al1.57Si2.43O8 53.9063 0 29.4166 0 0 0 0 11.6907 4.91179 0.0745644 0
5000.00 1473.15 27.031226 67.111265 -366940.268146 10.235078 33.387254 K0.00Na0.44Ca0.55Al1.55Si2.45O8 54.223 0 29.2013 0 0 0 0 11.4392 5.05288 0.0836953 0
5000.00 1468.15 29.095267 72.170268 -395046.050824 11.024860 35.926346 K0.01Na0.45Ca0.54Al1.54Si2.46O8 54.5268 0 28.9944 0 0 0 0 11.1976 5.18749 0.0937485 0
5000.00 1463.15 30.996295 76.812661 -420952.402164 11.753574 38.262298 K0.01Na0.46Ca0.53Al1.53Si2.47O8 54.8182 0 28.7956 0 0 0 0 10.9656 5.31575 0.104837 0
5000.00 1458.15 32.754902 81.090082 -444937.554778 12.428836 40.420596 K0.01Na0.47Ca0.52Al1.52Si2.48O8 55.0974 0 28.6048 0 0 0 0 10.743 5.43771 0.117101 0
5000.00 1453.15 34.390474 85.051060 -467263.540327 13.057833 42.425207 K0.01Na0.48Ca0.51Al1.51Si2.49O8 55.3646 0 28.4217 0 0 0 0 10.5297 5.55328 0.13072 0
5000.00 1448.15 35.922476 88.744114 -488193.610853 13.647796 44.300149 K0.01Na0.49Ca0.50Al1.50Si2.50O8 55.6193 0 28.2467 0 0 0 0 10.3258 5.66214 0.145934 0
5000.00 1443.15 37.370046 92.216582 -507987.002093 14.205815 46.068965 K0.01Na0.50Ca0.49Al1.49Si2.51O8 55.8602 0 28.0807 0 0 0 0 10.1326 5.76346 0.163053 0
5000.00 1438.15 38.741982 95.490000 -526762.052843 14.735044 47.742335 K0.01Na0.51Ca0.48Al1.48Si2.52O8 56.0852 0 27.9247 0 0 0 0 9.95145 5.85594 0.182738 0
5000.00 1433.15 39.958246 98.363144 -543438.466596 15.204126 49.227139 K0.01Na0.52Ca0.47Al1.47Si2.53O8 56.2765 0 27.7911 0 0 0 0 9.79664 5.9321 0.20366 0
5000.00 1428.15 40.871450 100.470249 -556022.446957 15.555953 50.331191 K0.01Na0.52Ca0.47Al1.47Si2.53O8 56.4167 0 27.6924 0 0 0 0 9.68241 5.98575 0.222728 0
5000.00 1423.15 41.447482 101.731290 -564049.675676 15.777521 51.018296 K0.01Na0.52Ca0.46Al1.46Si2.54O8 56.5117 0 27.625 0 0 0 0 9.60467 6.02078 0.237835 0
5000.00 1418.15 41.794023 102.418042 -568974.652184 15.910503 51.421929 K0.01Na0.53Ca0.46Al1.46Si2.54O8 56.5794 0 27.5768 0 0 0 0 9.54912 6.04513 0.249597 0
5000.00 1413.15 42.008003 102.773023 -572108.169746 15.992270 51.661854 K0.01Na0.53Ca0.46Al1.46Si2.54O8 56.6308 0 27.54 0 0 0 0 9.50676 6.06334 0.259083 0
5000.00 1408.15 42.146093 102.937496 -574217.217551 16.044621 51.808012 K0.02Na0.53Ca0.46Al1.46Si2.54O8 56.6712 0 27.5111 0 0 0 0 9.47347 6.07736 0.266961 0
5000.00 1403.15 42.239898 102.990077 -575729.678151 16.079704 51.899377 K0.02Na0.53Ca0.45Al1.45Si2.55O8 56.7029 0 27.4882 0 0 0 0 9.44717 6.08814 0.273609 0
5000.00 1398.15 42.650585 103.791716 -581587.277430 16.231605 52.376133 K0.02Na0.53Ca0.46Al1.46Si2.54O8 56.6512 0 27.5206 0 0 0 0 9.48601 6.05809 0.284025 0
5000.00 1393.15 42.874852 104.142645 -584904.639524 16.313670 52.624937 K0.02Na0.53Ca0.46Al1.46Si2.54O8 56.6258 0 27.5363 0 0 0 0 9.50485 6.04247 0.290586 0
5000.00 1388.15 43.037401 104.342510 -587383.802179 16.372435 52.798036 K0.02Na0.53Ca0.46Al1.46Si2.54O8 56.6053 0 27.549 0 0 0 0 9.52012 6.03009 0.295487 0
5000.00 1383.15 43.844497 106.070710 -598702.498027 16.671011 53.756425 K0.02Na0.52Ca0.46Al1.46Si2.54O8 56.4715 0 27.6373 0 0 0 0 9.62424 5.96348 0.30345 0
5000.00 1378.15 44.366546 107.113219 -606127.228226 16.863038 54.366318 K0.02Na0.52Ca0.47Al1.47Si2.53O8 56.3818 0 27.6966 0 0 0 0 9.69407 5.9191 0.30838 0
5000.00 1373.15 44.347765 106.871182 -606140.881737 16.853804 54.317226 K0.02Na0.52Ca0.47Al1.47Si2.53O8 56.3848 0 27.6946 0 0 0 0 9.69173 5.92038 0.308511 0
5000.00 1368.15 44.328780 106.628209 -606151.370161 16.844501 54.267753 K0.02Na0.52Ca0.47Al1.47Si2.53O8 56.3877 0 27.6926 0 0 0 0 9.68935 5.92168 0.308643 0
5000.00 1363.15 44.309584 106.384282 -606158.586309 16.835124 54.217889 K0.02Na0.52Ca0.47Al1.47Si2.53O8 56.3908 0 27.6905 0 0 0 0 9.68693 5.92301 0.308777 0
5000.00 1358.15 44.290169 106.139384 -606162.416523 16.825671 54.167624 K0.02Na0.52Ca0.47Al1.47Si2.53O8 56.3939 0 27.6884 0 0 0 0 9.68447 5.92436 0.308912 0
5000.00 1353.15 44.270527 105.893494 -606162.740104 16.816139 54.116945 K0.02Na0.52Ca0.47Al1.47Si2.53O8 56.397 0 27.6862 0 0 0 0 9.68196 5.92573 0.309049 0
5000.00 1348.15 44.250648 105.646592 -606159.428674 16.806524 54.065842 K0.02Na0.52Ca0.47Al1.47Si2.53O8 56.4002 0 27.6841 0 0 0 0 9.67941 5.92713 0.309188 0
5000.00 1343.15 44.230524 105.398656 -606152.345458 16.796824 54.014302 K0.02Na0.52Ca0.47Al1.47Si2.53O8 56.4035 0 27.6818 0 0 0 0 9.6768 5.92856 0.309328 0
5000.00 1338.15 44.210144 105.149663 -606141.344470 16.787035 53.962312 K0.02Na0.52Ca0.47Al1.47Si2.53O8 56.4068 0 27.6795 0 0 0 0 9.67415 5.93002 0.309471 0
5000.00 1333.15 44.189497 104.899588 -606126.269593 16.777152 53.909857 K0.02Na0.52Ca0.47Al1.47Si2.53O8 56.4102 0 27.6772 0 0 0 0 9.67143 5.93151 0.309616 0
5000.00 1328.15 44.168571 104.648405 -606106.953530 16.767172 53.856924 K0.02Na0.52Ca0.47Al1.47Si2.53O8 56.4137 0 27.6748 0 0 0 0 9.66866 5.93303 0.309762 0
5000.00 1323.15 44.147355 104.396087 -606083.216614 16.757090 53.803494 K0.02Na0.52Ca0.47Al1.47Si2.53O8 56.4173 0 27.6724 0 0 0 0 9.66581 5.9346 0.309911 0
5000.00 1318.15 44.125834 104.142603 -606054.865434 16.746901 53.749552 K0.02Na0.52Ca0.47Al1.47Si2.53O8 56.4209 0 27.6699 0 0 0 0 9.6629 5.9362 0.310062 0
5000.00 1313.15 44.103994 103.887922 -606021.691268 16.736601 53.695080 K0.02Na0.52Ca0.46Al1.46Si2.54O8 56.4247 0 27.6673 0 0 0 0 9.65992 5.93784 0.310216 0
5000.00 1308.15 44.081820 103.631906 -605983.604252 16.726178 53.990895 K0.02Na0.52Ca0.46Al1.46Si2.54O8 56.4285 0 27.6647 0 0 0 0 9.65685 5.93953 0.310372 0
5000.00 1303.15 44.059296 103.373385 -605941.882041 16.715586 53.936634 K0.02Na0.52Ca0.46Al1.46Si2.54O8 56.4325 0 27.662 0 0 0 0 9.6537 5.94127 0.310531 0
5000.00 1298.15 44.034137 103.108510 -605863.021926 16.704052 53.879125 K0.02Na0.52Ca0.46Al1.46Si2.54O8 56.4376 0 27.6585 0 0 0 0 9.64964 5.94353 0.310708 0
5000.00 1293.15 43.965711 102.747140 -605180.055803 16.677029 53.769900 K0.02Na0.52Ca0.46Al1.46Si2.54O8 56.4623 0 27.6418 0 0 0 0 9.63003 5.95468 0.311192 0
5000.00 1288.15 43.897519 102.386229 -604499.396197 16.650100 53.660936 K0.02Na0.52Ca0.46Al1.46Si2.54O8 56.4871 0 27.625 0 0 0 0 9.61041 5.96585 0.311675 0
5000.00 1283.15 43.829593 102.025842 -603821.475171 16.623275 53.552275 K0.02Na0.52Ca0.46Al1.46Si2.54O8 56.5118 0 27.6082 0 0 0 0 9.59081 5.977 0.312158 0
5000.00 1278.15 43.761962 101.666041 -603146.723849 16.596564 53.443960 K0.02Na0.52Ca0.46Al1.46Si2.54O8 56.5365 0 27.5915 0 0 0 0 9.57121 5.98816 0.31264 0
5000.00 1273.15 43.694659 101.306889 -602475.571749 16.569980 53.336031 K0.02Na0.52Ca0.46Al1.46Si2.54O8 56.5612 0 27.5747 0 0 0 0 9.55163 5.9993 0.313122 0
5000.00 1268.15 43.627711 100.948448 -601808.446101 16.543534 53.228531 K0.02Na0.52Ca0.46Al1.46Si2.54O8 56.5859 0 27.558 0 0 0 0 9.53208 6.01043 0.313603 0
5000.00 1263.15 43.561151 100.590776 -601145.771177 16.517235 53.121503 K0.02Na0.52Ca0.46Al1.46Si2.54O8 56.6105 0 27.5413 0 0 0 0 9.51256 6.02154 0.314082 0
5000.00 1258.15 43.495007 100.233933 -600487.967609 16.491096 53.014989 K0.02Na0.53Ca0.46Al1.46Si2.54O8 56.6351 0 27.5246 0 0 0 0 9.49308 6.03262 0.314559 0
5000.00 1253.15 43.429309 99.877976 -599835.451715 16.465126 52.909030 K0.02Na0.53Ca0.46Al1.46Si2.54O8 56.6596 0 27.508 0 0 0 0 9.47366 6.04368 0.315035 0
5000.00 1248.15 43.364086 99.522959 -599188.634826 16.439336 52.803670 K0.02Na0.53Ca0.45Al1.45Si2.55O8 56.684 0 27.4915 0 0 0 0 9.45429 6.0547 0.315509 0
5000.00 1243.15 43.299365 99.168938 -598547.922629 16.413736 52.698951 K0.02Na0.53Ca0.45Al1.45Si2.55O8 56.7084 0 27.4749 0 0 0 0 9.43498 6.06569 0.315981 0
5000.00 1238.15 43.235176 98.815963 -597913.714507 16.388337 52.594916 K0.02Na0.53Ca0.45Al1.45Si2.55O8 56.7327 0 27.4585 0 0 0 0 9.41574 6.07664 0.31645 0
5000.00 1233.15 43.171545 98.464085 -597286.402903 16.363149 52.491608 K0.02Na0.53Ca0.45Al1.45Si2.55O8 56.7568 0 27.4421 0 0 0 0 9.39659 6.08755 0.316916 0
5000.00 1228.15 43.108500 98.113353 -596666.372695 16.338180 52.389068 K0.02Na0.53Ca0.45Al1.45Si2.55O8 56.7809 0 27.4258 0 0 0 0 9.37752 6.09841 0.31738 0
5000.00 1223.15 43.046065 97.763812 -596054.000582 16.313441 52.287342 K0.02Na0.53Ca0.45Al1.45Si2.55O8 56.8048 0 27.4096 0 0 0 0 9.35854 6.10921 0.31784 0
5000.00 1218.15 42.984268 97.415506 -595449.654502 16.288941 52.186471 K0.02Na0.53Ca0.45Al1.45Si2.55O8 56.8286 0 27.3934 0 0 0 0 9.33967 6.11995 0.318297 0
5000.00 1213.15 42.923132 97.068478 -594853.693058 16.264689 52.086501 K0.02Na0.53Ca0.45Al1.45Si2.55O8 56.8523 0 27.3774 0 0 0 0 9.32091 6.13064 0.31875 0
5000.00 1208.15 42.862682 96.722766 -594266.464977 16.240693 51.987474 K0.02Na0.53Ca0.45Al1.45Si2.55O8 56.8759 0 27.3614 0 0 0 0 9.30226 6.14126 0.3192 0
5000.00 1203.15 42.824428 96.424230 -593990.469035 16.224633 51.914736 K0.02Na0.53Ca0.45Al1.45Si2.55O8 56.8887 0 27.3527 0 0 0 0 9.29205 6.14705 0.319485 0
5000.00 1198.15 42.803163 96.161438 -593952.917761 16.214643 51.862113 K0.02Na0.54Ca0.45Al1.45Si2.55O8 56.8933 0 27.3496 0 0 0 0 9.2884 6.14907 0.319644 0
5000.00 1193.15 42.781932 95.898130 -593915.450726 16.204667 51.809645 K0.02Na0.54Ca0.45Al1.45Si2.55O8 56.8978 0 27.3465 0 0 0 0 9.2848 6.15108 0.319802 0
5000.00 1188.15 42.760732 95.634295 -593878.049592 16.194704 51.757351 K0.02Na0.54Ca0.45Al1.45Si2.55O8 56.9023 0 27.3434 0 0 0 0 9.28123 6.15306 0.319961 0
5000.00 1183.15 42.739562 95.369924 -593840.694833 16.184755 51.705258 K0.02Na0.54Ca0.45Al1.45Si2.55O8 56.9068 0 27.3404 0 0 0 0 9.27769 6.15502 0.320119 0

whitlockite thermodynamic data and composition:
Pressure Temperature mass S H V Cp formula
5000.00 1438.15 0.029674 0.070816 -349.261377 0.009339 0.031458 Ca3(PO4)2
5000.00 1433.15 0.058731 0.139943 -691.573851 0.018484 0.062237 Ca3(PO4)2
5000.00 1428.15 0.083821 0.199418 -987.466484 0.026380 0.088791 Ca3(PO4)2
5000.00 1423.15 0.106452 0.252864 -1254.638578 0.033502 0.112718 Ca3(PO4)2
5000.00 1418.15 0.127295 0.301899 -1500.963419 0.040062 0.134734 Ca3(PO4)2
5000.00 1413.15 0.146354 0.346552 -1726.460630 0.046060 0.154843 Ca3(PO4)2
5000.00 1408.15 0.163435 0.386388 -1928.831761 0.051436 0.172845 Ca3(PO4)2
5000.00 1403.15 0.178375 0.421037 -2106.089904 0.056138 0.188568 Ca3(PO4)2
5000.00 1398.15 0.218161 0.514125 -2576.999791 0.068659 0.230532 Ca3(PO4)2
5000.00 1393.15 0.240743 0.566429 -2845.010188 0.075766 0.254288 Ca3(PO4)2
5000.00 1388.15 0.257472 0.604813 -3044.071642 0.081031 0.271846 Ca3(PO4)2
5000.00 1383.15 0.326329 0.765318 -3859.881692 0.102701 0.344402 Ca3(PO4)2
5000.00 1378.15 0.369416 0.864955 -4371.471856 0.116262 0.389710 Ca3(PO4)2
5000.00 1373.15 0.369416 0.863539 -4373.419994 0.116262 0.389545 Ca3(PO4)2
5000.00 1368.15 0.369416 0.849440 -4392.773748 0.116262 0.525341 Ca3(PO4)2
5000.00 1363.15 0.369416 0.847519 -4395.396534 0.116262 0.523775 Ca3(PO4)2
5000.00 1358.15 0.369416 0.845597 -4398.011513 0.116262 0.522218 Ca3(PO4)2
5000.00 1353.15 0.369416 0.843674 -4400.618728 0.116262 0.520670 Ca3(PO4)2
5000.00 1348.15 0.369416 0.841750 -4403.218223 0.116262 0.519130 Ca3(PO4)2
5000.00 1343.15 0.369416 0.839823 -4405.810040 0.116262 0.517598 Ca3(PO4)2
5000.00 1338.15 0.369416 0.837896 -4408.394222 0.116262 0.516076 Ca3(PO4)2
5000.00 1333.15 0.369416 0.835967 -4410.970812 0.116262 0.514561 Ca3(PO4)2
5000.00 1328.15 0.369416 0.834036 -4413.539850 0.116262 0.513056 Ca3(PO4)2
5000.00 1323.15 0.369416 0.832104 -4416.101381 0.116262 0.511558 Ca3(PO4)2
5000.00 1318.15 0.369416 0.830170 -4418.655444 0.116262 0.510069 Ca3(PO4)2
5000.00 1313.15 0.369416 0.828234 -4421.202082 0.116262 0.508588 Ca3(PO4)2
5000.00 1308.15 0.369416 0.826297 -4423.741337 0.116262 0.507115 Ca3(PO4)2
5000.00 1303.15 0.369416 0.824358 -4426.273249 0.116262 0.505651 Ca3(PO4)2
5000.00 1298.15 0.369416 0.822417 -4428.797859 0.116262 0.504195 Ca3(PO4)2
5000.00 1293.15 0.369416 0.820474 -4431.315207 0.116262 0.502746 Ca3(PO4)2
5000.00 1288.15 0.369416 0.818529 -4433.825336 0.116262 0.501306 Ca3(PO4)2
5000.00 1283.15 0.369416 0.816582 -4436.328283 0.116262 0.499874 Ca3(PO4)2
5000.00 1278.15 0.369416 0.814633 -4438.824091 0.116262 0.498450 Ca3(PO4)2
5000.00 1273.15 0.369416 0.812682 -4441.312798 0.116262 0.497034 Ca3(PO4)2
5000.00 1268.15 0.369416 0.810729 -4443.794444 0.116262 0.495626 Ca3(PO4)2
5000.00 1263.15 0.369416 0.808774 -4446.269068 0.116262 0.494225 Ca3(PO4)2
5000.00 1258.15 0.369416 0.806816 -4448.736710 0.116262 0.492833 Ca3(PO4)2
5000.00 1253.15 0.369416 0.804857 -4451.197408 0.116262 0.491448 Ca3(PO4)2
5000.00 1248.15 0.369416 0.802895 -4453.651202 0.116262 0.490071 Ca3(PO4)2
5000.00 1243.15 0.369416 0.800930 -4456.098129 0.116262 0.488701 Ca3(PO4)2
5000.00 1238.15 0.369416 0.798964 -4458.538228 0.116262 0.487340 Ca3(PO4)2
5000.00 1233.15 0.369416 0.796994 -4460.971537 0.116262 0.485985 Ca3(PO4)2
5000.00 1228.15 0.369416 0.795023 -4463.398094 0.116262 0.484639 Ca3(PO4)2
5000.00 1223.15 0.369416 0.793048 -4465.817936 0.116262 0.483299 Ca3(PO4)2
5000.00 1218.15 0.369416 0.791071 -4468.231101 0.116262 0.481968 Ca3(PO4)2
5000.00 1213.15 0.369416 0.789092 -4470.637625 0.116262 0.480643 Ca3(PO4)2
5000.00 1208.15 0.369416 0.787109 -4473.037546 0.116262 0.479326 Ca3(PO4)2
5000.00 1203.15 0.369416 0.785124 -4475.430901 0.116262 0.478017 Ca3(PO4)2
5000.00 1198.15 0.369416 0.783136 -4477.817725 0.116262 0.476714 Ca3(PO4)2
5000.00 1193.15 0.369416 0.781145 -4480.198054 0.116262 0.475419 Ca3(PO4)2
5000.00 1188.15 0.369416 0.779152 -4482.571926 0.116262 0.474131 Ca3(PO4)2
5000.00 1183.15 0.369416 0.777155 -4484.939374 0.116262 0.472850 Ca3(PO4)2

clinopyroxene_1 thermodynamic data and composition:
Pressure Temperature mass S H V Cp structure formula SiO2 TiO2 Al2O3 Fe2O3 FeO MnO MgO CaO Na2O K2O P2O5
5000.00 1488.15 1.433921 3.458078 -17274.082792 0.436257 1.736263 cpx Na0.01Ca0.34Fe''0.41Mg1.12Fe'''0.04Ti0.01Al0.20Si1.88O6 51.3042 0.3607 4.56256 1.27603 13.2339 0 20.4261 8.62621 0.210278 0 0
5000.00 1483.15 3.474699 8.360508 -41700.344343 1.055025 4.198609 cpx Na0.02Ca0.33Fe''0.42Mg1.11Fe'''0.04Ti0.01Al0.20Si1.88O6 51.1801 0.383534 4.54728 1.31083 13.6847 0 20.1884 8.49092 0.214242 0 0
5000.00 1478.15 5.340756 12.821135 -63851.350020 1.618368 6.440229 cpx Na0.02Ca0.33Fe''0.44Mg1.10Fe'''0.04Ti0.01Al0.20Si1.88O6 51.0578 0.405764 4.53159 1.34451 14.1389 0 19.9588 8.34491 0.217672 0 0
5000.00 1473.15 7.055311 16.898500 -84027.659018 2.133640 8.490525 cpx Na0.02Ca0.32Fe''0.45Mg1.09Fe'''0.04Ti0.01Al0.20Si1.88O6 50.9376 0.427215 4.51524 1.37697 14.5958 0 19.7358 8.19079 0.220595 0 0
5000.00 1468.15 8.639121 20.644679 -102497.087397 2.607402 10.375657 cpx Na0.02Ca0.32Fe''0.47Mg1.08Fe'''0.04Ti0.01Al0.20Si1.88O6 50.8197 0.447668 4.49794 1.40807 15.0543 0 19.5184 8.0309 0.223029 0 0
5000.00 1463.15 10.110573 24.105594 -119496.412006 3.045458 12.118712 cpx Na0.02Ca0.31Fe''0.48Mg1.07Fe'''0.04Ti0.01Al0.20Si1.88O6 50.7047 0.466857 4.47926 1.43757 15.5133 0 19.3058 7.86745 0.224984 0 0
5000.00 1458.15 11.485538 27.320755 -135230.346223 3.452822 13.739583 cpx Na0.02Ca0.31Fe''0.50Mg1.06Fe'''0.04Ti0.01Al0.19Si1.88O6 50.5935 0.484459 4.45865 1.46516 15.9715 0 19.0977 7.70258 0.226463 0 0
5000.00 1453.15 12.777085 30.322659 -149868.915717 3.833643 15.254669 cpx Na0.02Ca0.30Fe''0.51Mg1.05Fe'''0.04Ti0.01Al0.19Si1.88O6 50.487 0.500074 4.43535 1.49041 16.4274 0 18.8937 7.53855 0.227459 0 0
5000.00 1448.15 13.995274 33.136373 -163545.824753 4.191154 16.676675 cpx Na0.02Ca0.29Fe''0.53Mg1.04Fe'''0.04Ti0.01Al0.19Si1.88O6 50.3868 0.51322 4.40837 1.51275 16.8792 0 18.6939 7.37784 0.22795 0 0
5000.00 1443.15 15.147204 35.779726 -176359.760230 4.527694 18.014699 cpx Na0.02Ca0.29Fe''0.54Mg1.03Fe'''0.04Ti0.01Al0.19Si1.88O6 50.2943 0.523345 4.37661 1.53144 17.325 0 18.4982 7.22323 0.227887 0 0
5000.00 1438.15 16.289437 38.386417 -188958.752687 4.860071 19.335643 cpx Na0.02Ca0.28Fe''0.56Mg1.02Fe'''0.04Ti0.01Al0.19Si1.88O6 50.2052 0.531805 4.34071 1.54696 17.7759 0 18.3012 7.07109 0.227082 0 0
5000.00 1433.15 17.376319 40.850232 -200849.657620 5.175053 20.586804 cpx Na0.02Ca0.28Fe''0.57Mg1.01Fe'''0.04Ti0.02Al0.19Si1.88O6 50.1232 0.537486 4.30354 1.55796 18.2152 0 18.1115 6.92567 0.225415 0 0
5000.00 1428.15 18.397144 43.148772 -211944.441581 5.469762 21.757419 cpx Na0.02Ca0.27Fe''0.58Mg1.00Fe'''0.04Ti0.02Al0.19Si1.88O6 50.0447 0.54216 4.27379 1.56553 18.6317 0 17.9377 6.78148 0.222902 0 0
5000.00 1423.15 19.346362 45.271570 -222212.221429 5.742883 22.842715 cpx Na0.02Ca0.27Fe''0.60Mg1.00Fe'''0.04Ti0.02Al0.19Si1.88O6 49.9705 0.546755 4.25306 1.56996 19.0178 0 17.7863 6.63577 0.219812 0 0
5000.00 1418.15 20.222305 47.215795 -231653.764901 5.994219 23.841526 cpx Na0.02Ca0.26Fe''0.61Mg0.99Fe'''0.04Ti0.02Al0.19Si1.88O6 49.906 0.55016 4.23443 1.56983 19.3731 0 17.6569 6.4933 0.216358 0 0
5000.00 1413.15 21.022125 48.975580 -240251.383046 6.223169 24.750984 cpx Na0.02Ca0.26Fe''0.62Mg0.98Fe'''0.04Ti0.02Al0.19Si1.88O6 49.8553 0.551295 4.2123 1.56399 19.6984 0 17.5471 6.35901 0.212636 0 0
5000.00 1408.15 21.740786 50.540269 -247961.654937 6.428449 25.565684 cpx Na0.02Ca0.25Fe''0.63Mg0.98Fe'''0.04Ti0.02Al0.19Si1.88O6 49.8198 0.549736 4.18445 1.55217 19.994 0 17.4556 6.23561 0.208725 0 0
5000.00 1403.15 22.374860 51.903184 -254756.559946 6.609191 26.282073 cpx Na0.01Ca0.25Fe''0.64Mg0.98Fe'''0.04Ti0.02Al0.18Si1.88O6 49.7989 0.545575 4.15091 1.53492 20.2602 0 17.3808 6.12389 0.20472 0 0
5000.00 1398.15 22.200529 51.389871 -252585.251965 6.553676 26.052048 cpx Na0.01Ca0.25Fe''0.64Mg0.97Fe'''0.04Ti0.01Al0.18Si1.88O6 49.802 0.52075 4.13046 1.52016 20.412 0 17.2997 6.1127 0.202262 0 0
5000.00 1393.15 22.197196 51.278670 -252414.288939 6.549141 26.027897 cpx Na0.01Ca0.25Fe''0.65Mg0.97Fe'''0.04Ti0.01Al0.18Si1.88O6 49.8082 0.503147 4.11212 1.5033 20.5475 0 17.2553 6.07055 0.199943 0 0
5000.00 1388.15 22.192114 51.166337 -252276.812374 6.544592 26.004558 cpx Na0.01Ca0.24Fe''0.65Mg0.97Fe'''0.04Ti0.01Al0.18Si1.88O6 49.8171 0.487154 4.09801 1.4866 20.6615 0 17.2282 6.02348 0.197973 0 0
5000.00 1383.15 21.488379 49.428033 -244124.603209 6.334734 25.157537 cpx Na0.01Ca0.24Fe''0.66Mg0.97Fe'''0.04Ti0.01Al0.18Si1.89O6 49.9184 0.457268 3.95011 1.40442 20.8541 0 17.1894 6.03899 0.187406 0 0
5000.00 1378.15 21.078338 48.381462 -239437.576718 6.212455 24.662929 cpx Na0.01Ca0.24Fe''0.66Mg0.97Fe'''0.04Ti0.01Al0.17Si1.89O6 50.0074 0.434669 3.8362 1.33681 20.9859 0 17.1944 6.02512 0.179462 0 0
5000.00 1373.15 21.152660 48.462224 -240294.505592 6.232270 24.739530 cpx Na0.01Ca0.24Fe''0.67Mg0.97Fe'''0.04Ti0.01Al0.17Si1.89O6 50.0219 0.426455 3.8257 1.31887 21.0659 0 17.2127 5.95061 0.177898 0 0
5000.00 1368.15 21.225280 48.538039 -241132.421870 6.251568 24.813906 cpx Na0.01Ca0.24Fe''0.67Mg0.97Fe'''0.04Ti0.01Al0.17Si1.89O6 50.0361 0.418369 3.81521 1.30104 21.1454 0 17.2303 5.87723 0.176354 0 0
5000.00 1363.15 21.296366 48.609312 -241953.192510 6.270400 24.886258 cpx Na0.01Ca0.24Fe''0.67Mg0.97Fe'''0.04Ti0.01Al0.17Si1.89O6 50.0501 0.410405 3.80472 1.28333 21.2244 0 17.2472 5.80494 0.174832 0 0
5000.00 1358.15 21.366078 48.676422 -242758.575420 6.288813 24.956773 cpx Na0.01Ca0.23Fe''0.67Mg0.97Fe'''0.04Ti0.01Al0.17Si1.89O6 50.0639 0.402562 3.79422 1.26573 21.3031 0 17.2635 5.7337 0.173328 0 0
5000.00 1353.15 21.434568 48.739727 -243550.235108 6.306852 25.025629 cpx Na0.01Ca0.23Fe''0.68Mg0.97Fe'''0.04Ti0.01Al0.17Si1.89O6 50.0774 0.394834 3.78371 1.24824 21.3814 0 17.2791 5.66348 0.171844 0 0
5000.00 1348.15 21.501978 48.799567 -244329.756897 6.324559 25.092996 cpx Na0.01Ca0.23Fe''0.68Mg0.97Fe'''0.04Ti0.01Al0.17Si1.89O6 50.0908 0.38722 3.77317 1.23086 21.4593 0 17.2941 5.59425 0.170377 0 0
5000.00 1343.15 21.568449 48.856265 -245098.659973 6.341975 25.159035 cpx Na0.01Ca0.22Fe''0.68Mg0.98Fe'''0.03Ti0.01Al0.17Si1.89O6 50.1039 0.379715 3.76259 1.21357 21.537 0 17.3084 5.52598 0.168927 0 0
5000.00 1338.15 21.634113 48.910132 -245858.409521 6.359139 25.223903 cpx Na0.01Ca0.22Fe''0.68Mg0.98Fe'''0.03Ti0.01Al0.17Si1.89O6 50.1168 0.372317 3.75197 1.19639 21.6143 0 17.3221 5.45864 0.167493 0 0
5000.00 1333.15 21.699100 48.961468 -246610.428187 6.376090 25.287751 cpx Na0.01Ca0.22Fe''0.69Mg0.98Fe'''0.03Ti0.01Al0.17Si1.90O6 50.1296 0.365023 3.74129 1.17931 21.6914 0 17.3351 5.39222 0.166074 0 0
5000.00 1328.15 21.763538 49.010561 -247356.107047 6.392863 25.350727 cpx Na0.01Ca0.22Fe''0.69Mg0.98Fe'''0.03Ti0.01Al0.17Si1.90O6 50.1422 0.35783 3.73054 1.16232 21.7682 0 17.3476 5.32667 0.16467 0 0
5000.00 1323.15 21.827551 49.057698 -248096.816320 6.409497 25.412975 cpx Na0.01Ca0.21Fe''0.69Mg0.98Fe'''0.03Ti0.01Al0.17Si1.90O6 50.1546 0.350735 3.71972 1.14542 21.8449 0 17.3594 5.26199 0.16328 0 0
5000.00 1318.15 21.891264 49.103157 -248833.915981 6.426027 25.474641 cpx Na0.01Ca0.21Fe''0.69Mg0.98Fe'''0.03Ti0.01Al0.17Si1.90O6 50.1668 0.343737 3.7088 1.12862 21.9214 0 17.3706 5.19815 0.161903 0 0
5000.00 1313.15 21.954801 49.147216 -249568.766514 6.442490 25.535867 cpx Na0.01Ca0.21Fe''0.70Mg0.98Fe'''0.03Ti0.01Al0.16Si1.90O6 50.1789 0.336831 3.69778 1.1119 21.9977 0 17.3813 5.13513 0.160537 0 0
5000.00 1308.15 22.018289 49.190154 -250302.739980 6.458922 25.596797 cpx Na0.01Ca0.21Fe''0.70Mg0.98Fe'''0.03Ti0.01Al0.16Si1.90O6 50.1908 0.330017 3.68664 1.09526 22.0739 0 17.3913 5.07292 0.159184 0 0
5000.00 1303.15 22.081855 49.232250 -251037.231523 6.475361 25.657579 cpx Na0.01Ca0.20Fe''0.70Mg0.98Fe'''0.03Ti0.01Al0.16Si1.90O6 50.2025 0.323291 3.67536 1.07871 22.15 0 17.4008 5.01149 0.15784 0 0
5000.00 1298.15 22.150954 49.285355 -251830.934348 6.493388 25.724376 cpx Na0.01Ca0.20Fe''0.70Mg0.98Fe'''0.03Ti0.01Al0.16Si1.90O6 50.215 0.316482 3.66233 1.0618 22.2276 0 17.4089 4.95152 0.156462 0 0
5000.00 1293.15 22.319703 49.553342 -253694.639047 6.540282 25.903374 cpx Na0.01Ca0.20Fe''0.71Mg0.98Fe'''0.03Ti0.01Al0.16Si1.90O6 50.2426 0.306618 3.6187 1.03679 22.3345 0 17.4015 4.90505 0.154282 0 0
5000.00 1288.15 22.484995 49.811706 -255517.899626 6.586119 26.078008 cpx Na0.01Ca0.20Fe''0.71Mg0.98Fe'''0.03Ti0.01Al0.16Si1.90O6 50.2698 0.297 3.57517 1.01206 22.4413 0 17.394 4.85866 0.152109 0 0
5000.00 1283.15 22.646866 50.060567 -257301.179639 6.630909 26.248327 cpx Na0.01Ca0.20Fe''0.71Mg0.98Fe'''0.03Ti0.01Al0.16Si1.90O6 50.2966 0.287623 3.53175 0.98762 22.5477 0 17.3864 4.81236 0.149942 0 0
5000.00 1278.15 22.805352 50.300048 -259044.939790 6.674666 26.414379 cpx Na0.01Ca0.19Fe''0.72Mg0.98Fe'''0.03Ti0.01Al0.16Si1.91O6 50.323 0.278484 3.48845 0.963462 22.6539 0 17.3788 4.76616 0.147783 0 0
5000.00 1273.15 22.960489 50.530268 -260749.638385 6.717400 26.576210 cpx Na0.01Ca0.19Fe''0.72Mg0.98Fe'''0.03Ti0.01Al0.15Si1.91O6 50.349 0.269578 3.44526 0.939594 22.7598 0 17.3711 4.72005 0.145632 0 0
5000.00 1268.15 23.112310 50.751347 -262415.731776 6.759125 26.733867 cpx Na0.01Ca0.19Fe''0.72Mg0.98Fe'''0.03Ti0.01Al0.15Si1.91O6 50.3747 0.260901 3.4022 0.91602 22.8653 0 17.3633 4.67405 0.143489 0 0
5000.00 1263.15 23.260852 50.963402 -264043.674807 6.799850 26.887396 cpx Na0.01Ca0.19Fe''0.73Mg0.98Fe'''0.03Ti0.01Al0.15Si1.91O6 50.3999 0.252449 3.35926 0.892745 22.9706 0 17.3555 4.62816 0.141355 0 0
5000.00 1258.15 23.406149 51.166552 -265633.921243 6.839589 27.036844 cpx Na0.01Ca0.19Fe''0.73Mg0.98Fe'''0.02Ti0.01Al0.15Si1.91O6 50.4248 0.244218 3.31646 0.869772 23.0754 0 17.3477 4.58238 0.13923 0 0
5000.00 1253.15 23.548236 51.360914 -267186.924182 6.878352 27.182257 cpx Na0.01Ca0.18Fe''0.74Mg0.98Fe'''0.02Ti0.01Al0.15Si1.91O6 50.4494 0.236204 3.2738 0.847105 23.1799 0 17.3398 4.53671 0.137114 0 0
5000.00 1248.15 23.687147 51.546604 -268703.136455 6.916152 27.323681 cpx Na0.01Ca0.18Fe''0.74Mg0.98Fe'''0.02Ti0.01Al0.14Si1.91O6 50.4735 0.228402 3.23128 0.824749 23.2841 0 17.3318 4.49116 0.135007 0 0
5000.00 1243.15 23.822918 51.723739 -270183.011002 6.952999 27.461163 cpx Na0.01Ca0.18Fe''0.74Mg0.98Fe'''0.02Ti0.01Al0.14Si1.92O6 50.4973 0.22081 3.18892 0.802705 23.3878 0 17.3239 4.44573 0.132911 0 0
5000.00 1238.15 23.955582 51.892435 -271627.001223 6.988906 27.594747 cpx Na0.01Ca0.18Fe''0.75Mg0.98Fe'''0.02Ti0.01Al0.14Si1.92O6 50.5207 0.213421 3.14672 0.780979 23.4911 0 17.3159 4.40043 0.130826 0 0
5000.00 1233.15 24.085176 52.052807 -273035.561306 7.023885 27.724480 cpx Na0.01Ca0.18Fe''0.75Mg0.98Fe'''0.02Ti0.01Al0.14Si1.92O6 50.5437 0.206234 3.10468 0.759573 23.5939 0 17.3079 4.35526 0.128751 0 0
5000.00 1228.15 24.211735 52.204971 -274409.146524 7.057946 27.850408 cpx Na0.01Ca0.18Fe''0.75Mg0.98Fe'''0.02Ti0.01Al0.14Si1.92O6 50.5664 0.199243 3.06281 0.73849 23.6963 0 17.2998 4.31022 0.126688 0 0
5000.00 1223.15 24.335292 52.349042 -275748.213506 7.091102 27.972576 cpx Na0.01Ca0.17Fe''0.76Mg0.98Fe'''0.02Ti0.01Al0.14Si1.92O6 50.5887 0.192444 3.02112 0.717734 23.7983 0 17.2918 4.26531 0.124637 0 0
5000.00 1218.15 24.455885 52.485135 -277053.220475 7.123365 28.091032 cpx Na0.01Ca0.17Fe''0.76Mg0.98Fe'''0.02Ti0.01Al0.13Si1.92O6 50.6106 0.185835 2.97962 0.697308 23.8998 0 17.2837 4.22054 0.122598 0 0
5000.00 1213.15 24.573549 52.613366 -278324.627461 7.154745 28.205822 cpx Na0.01Ca0.17Fe''0.76Mg0.98Fe'''0.02Ti0.01Al0.13Si1.92O6 50.6322 0.179411 2.9383 0.677214 24.0007 0 17.2756 4.17591 0.120572 0 0
5000.00 1208.15 24.688319 52.733850 -279562.896468 7.185256 28.316991 cpx Na0.01Ca0.17Fe''0.77Mg0.98Fe'''0.02Ti0.00Al0.13Si1.93O6 50.6534 0.173168 2.89719 0.657454 24.1012 0 17.2676 4.13143 0.118558 0 0
5000.00 1203.15 24.726261 52.692409 -279980.682801 7.193674 28.341626 cpx Na0.01Ca0.17Fe''0.77Mg0.98Fe'''0.02Ti0.00Al0.13Si1.93O6 50.6649 0.167304 2.87718 0.643526 24.1794 0 17.264 4.08627 0.117366 0 0
5000.00 1198.15 24.706253 52.529542 -279780.632427 7.185447 28.301099 cpx Na0.01Ca0.16Fe''0.77Mg0.98Fe'''0.02Ti0.00Al0.13Si1.93O6 50.6688 0.161752 2.87363 0.63401 24.2405 0 17.2638 4.04064 0.11681 0 0
5000.00 1193.15 24.686919 52.367828 -279587.529622 7.177413 28.261211 cpx Na0.01Ca0.16Fe''0.77Mg0.98Fe'''0.02Ti0.00Al0.13Si1.93O6 50.6725 0.156345 2.87015 0.624548 24.3017 0 17.2633 3.99521 0.116256 0 0
5000.00 1188.15 24.668250 52.207238 -279401.280216 7.169569 28.221950 cpx Na0.01Ca0.16Fe''0.77Mg0.98Fe'''0.02Ti0.00Al0.13Si1.93O6 50.6759 0.151081 2.86673 0.615138 24.3629 0 17.2626 3.94998 0.115703 0 0
5000.00 1183.15 24.650237 52.047743 -279221.792571 7.161912 28.183306 cpx Na0.01Ca0.16Fe''0.78Mg0.98Fe'''0.02Ti0.00Al0.13Si1.93O6 50.6791 0.145958 2.86337 0.605783 24.4242 0 17.2615 3.90495 0.115151 0 0

olivine_0 thermodynamic data and composition:
Pressure Temperature mass S H V Cp formula SiO2 TiO2 Al2O3 Fe2O3 FeO MnO MgO CaO Na2O K2O P2O5
5000.00 1383.15 0.493153 1.095370 -4393.497489 0.131164 0.526094 (Ca0.01Mg0.40Fe''0.43Mn0.17Co0.00Ni0.00)2SiO4 33.6753 0 0 0 34.6121 13.4846 17.7745 0.453532 0 0 0
5000.00 1378.15 0.768087 1.700847 -6806.104129 0.203772 0.816452 (Ca0.01Mg0.39Fe''0.43Mn0.18Co0.00Ni0.00)2SiO4 33.5626 0 0 0 34.4492 14.2637 17.2743 0.450239 0 0 0
5000.00 1373.15 0.776294 1.715861 -6879.930889 0.205864 0.824729 (Ca0.01Mg0.39Fe''0.43Mn0.18Co0.00Ni0.00)2SiO4 33.5577 0 0 0 34.5191 14.2248 17.2572 0.441237 0 0 0
5000.00 1368.15 0.784456 1.730691 -6953.271960 0.207942 0.832940 (Ca0.01Mg0.39Fe''0.43Mn0.18Co0.00Ni0.00)2SiO4 33.5526 0 0 0 34.5891 14.187 17.2389 0.43237 0 0 0
5000.00 1363.15 0.792569 1.745333 -7026.091705 0.210004 0.841081 (Ca0.01Mg0.39Fe''0.43Mn0.18Co0.00Ni0.00)2SiO4 33.5473 0 0 0 34.6593 14.1505 17.2193 0.423635 0 0 0
5000.00 1358.15 0.800629 1.759777 -7098.353170 0.212049 0.849148 (Ca0.01Mg0.39Fe''0.43Mn0.18Co0.00Ni0.00)2SiO4 33.5416 0 0 0 34.7296 14.1153 17.1985 0.415031 0 0 0
5000.00 1353.15 0.808634 1.774016 -7170.018020 0.214076 0.857137 (Ca0.01Mg0.39Fe''0.43Mn0.18Co0.00Ni0.00)2SiO4 33.5357 0 0 0 34.8 14.0814 17.1764 0.406559 0 0 0
5000.00 1348.15 0.816579 1.788042 -7241.046456 0.216085 0.865044 (Ca0.01Mg0.39Fe''0.43Mn0.18Co0.00Ni0.00)2SiO4 33.5294 0 0 0 34.8706 14.0489 17.1529 0.398216 0 0 0
5000.00 1343.15 0.824460 1.801847 -7311.397135 0.218074 0.872863 (Ca0.01Mg0.39Fe''0.44Mn0.18Co0.00Ni0.00)2SiO4 33.5229 0 0 0 34.9412 14.0178 17.128 0.390003 0 0 0
5000.00 1338.15 0.832274 1.815422 -7381.027075 0.220041 0.880592 (Ca0.01Mg0.39Fe''0.44Mn0.18Co0.00Ni0.00)2SiO4 33.5161 0 0 0 35.012 13.9883 17.1017 0.381918 0 0 0
5000.00 1333.15 0.840016 1.828759 -7449.891545 0.221987 0.888224 (Ca0.01Mg0.39Fe''0.44Mn0.18Co0.00Ni0.00)2SiO4 33.5089 0 0 0 35.0828 13.9603 17.074 0.37396 0 0 0
5000.00 1328.15 0.847683 1.841848 -7517.943951 0.223910 0.895755 (Ca0.01Mg0.39Fe''0.44Mn0.18Co0.00Ni0.00)2SiO4 33.5014 0 0 0 35.1538 13.934 17.0447 0.366129 0 0 0
5000.00 1323.15 0.855269 1.854681 -7585.135700 0.225808 0.903180 (Ca0.01Mg0.38Fe''0.44Mn0.18Co0.00Ni0.00)2SiO4 33.4935 0 0 0 35.2248 13.9095 17.0138 0.358423 0 0 0
5000.00 1318.15 0.862770 1.867246 -7651.416043 0.227680 0.910494 (Ca0.01Mg0.38Fe''0.44Mn0.18Co0.00Ni0.00)2SiO4 33.4853 0 0 0 35.2959 13.8867 16.9813 0.350842 0 0 0
5000.00 1313.15 0.870182 1.879535 -7716.731907 0.229525 0.917690 (Ca0.01Mg0.38Fe''0.44Mn0.18Co0.00Ni0.00)2SiO4 33.4767 0 0 0 35.367 13.8659 16.9471 0.343385 0 0 0
5000.00 1308.15 0.877498 1.891536 -7781.027771 0.231342 0.924763 (Ca0.01Mg0.38Fe''0.44Mn0.18Co0.00Ni0.00)2SiO4 33.4677 0 0 0 35.4381 13.847 16.9111 0.336052 0 0 0
5000.00 1303.15 0.884716 1.903242 -7844.259735 0.233129 0.931709 (Ca0.01Mg0.38Fe''0.44Mn0.18Co0.00Ni0.00)2SiO4 33.4583 0 0 0 35.5093 13.8303 16.8733 0.32884 0 0 0
5000.00 1298.15 0.891757 1.914453 -7905.065558 0.234858 0.938406 (Ca0.01Mg0.38Fe''0.44Mn0.18Co0.00Ni0.00)2SiO4 33.447 0 0 0 35.5792 13.8252 16.8268 0.321819 0 0 0
5000.00 1293.15 0.897259 1.921654 -7939.489459 0.236038 0.942714 (Ca0.01Mg0.38Fe''0.45Mn0.18Co0.00Ni0.00)2SiO4 33.4063 0 0 0 35.6247 14.0032 16.6496 0.316175 0 0 0
5000.00 1288.15 0.902595 1.928436 -7972.310383 0.237172 0.946829 (Ca0.00Mg0.37Fe''0.45Mn0.18Co0.00Ni0.00)2SiO4 33.3656 0 0 0 35.6672 14.1842 16.4724 0.310583 0 0 0
5000.00 1283.15 0.907768 1.934808 -8003.568302 0.238260 0.950755 (Ca0.00Mg0.37Fe''0.45Mn0.18Co0.00Ni0.00)2SiO4 33.325 0 0 0 35.7068 14.3681 16.2951 0.305041 0 0 0
5000.00 1278.15 0.912782 1.940779 -8033.303246 0.239305 0.954495 (Ca0.00Mg0.37Fe''0.45Mn0.19Co0.00Ni0.00)2SiO4 33.2843 0 0 0 35.7432 14.5551 16.1178 0.29955 0 0 0
5000.00 1273.15 0.917638 1.946357 -8061.555296 0.240306 0.958053 (Ca0.00Mg0.36Fe''0.45Mn0.19Co0.00Ni0.00)2SiO4 33.2437 0 0 0 35.7764 14.7452 15.9406 0.294108 0 0 0
5000.00 1268.15 0.922341 1.951551 -8088.364564 0.241266 0.961435 (Ca0.00Mg0.36Fe''0.45Mn0.19Co0.00Ni0.00)2SiO4 33.2031 0 0 0 35.8064 14.9382 15.7635 0.288716 0 0 0
5000.00 1263.15 0.926892 1.956369 -8113.771186 0.242184 0.964643 (Ca0.00Mg0.35Fe''0.45Mn0.19Co0.00Ni0.00)2SiO4 33.1626 0 0 0 35.8331 15.1343 15.5866 0.283374 0 0 0
5000.00 1258.15 0.931295 1.960821 -8137.815299 0.243062 0.967683 (Ca0.00Mg0.35Fe''0.45Mn0.20Co0.00Ni0.00)2SiO4 33.1221 0 0 0 35.8564 15.3335 15.4099 0.27808 0 0 0
5000.00 1253.15 0.935552 1.964913 -8160.537028 0.243902 0.970557 (Ca0.00Mg0.35Fe''0.45Mn0.20Co0.00Ni0.00)2SiO4 33.0818 0 0 0 35.8762 15.5357 15.2335 0.272836 0 0 0
5000.00 1248.15 0.939668 1.968657 -8181.976459 0.244703 0.973271 (Ca0.00Mg0.34Fe''0.45Mn0.20Co0.00Ni0.00)2SiO4 33.0415 0 0 0 35.8926 15.741 15.0574 0.26764 0 0 0
5000.00 1243.15 0.943644 1.972059 -8202.173622 0.245466 0.975828 (Ca0.00Mg0.34Fe''0.45Mn0.20Co0.00Ni0.00)2SiO4 33.0013 0 0 0 35.9054 15.9493 14.8816 0.262492 0 0 0
5000.00 1238.15 0.947484 1.975128 -8221.168466 0.246194 0.978233 (Ca0.00Mg0.34Fe''0.46Mn0.21Co0.00Ni0.00)2SiO4 32.9612 0 0 0 35.9146 16.1607 14.7062 0.257392 0 0 0
5000.00 1233.15 0.951191 1.977873 -8239.000834 0.246887 0.980489 (Ca0.00Mg0.33Fe''0.46Mn0.21Co0.00Ni0.00)2SiO4 32.9212 0 0 0 35.9201 16.3751 14.5313 0.252341 0 0 0
5000.00 1228.15 0.954768 1.980303 -8255.710438 0.247545 0.982601 (Ca0.00Mg0.33Fe''0.46Mn0.21Co0.00Ni0.00)2SiO4 32.8813 0 0 0 35.9219 16.5925 14.3568 0.247338 0 0 0
5000.00 1223.15 0.958218 1.982426 -8271.336833 0.248170 0.984573 (Ca0.00Mg0.33Fe''0.46Mn0.22Co0.00Ni0.00)2SiO4 32.8416 0 0 0 35.92 16.813 14.1829 0.242382 0 0 0
5000.00 1218.15 0.961544 1.984250 -8285.919387 0.248763 0.986409 (Ca0.00Mg0.32Fe''0.46Mn0.22Co0.00Ni0.00)2SiO4 32.8021 0 0 0 35.9143 17.0365 14.0096 0.237475 0 0 0
5000.00 1213.15 0.964750 1.985783 -8299.497257 0.249325 0.988113 (Ca0.00Mg0.32Fe''0.46Mn0.22Co0.00Ni0.00)2SiO4 32.7627 0 0 0 35.9047 17.263 13.8369 0.232615 0 0 0
5000.00 1208.15 0.967838 1.987035 -8312.109357 0.249857 0.989689 (Ca0.00Mg0.31Fe''0.46Mn0.23Co0.00Ni0.00)2SiO4 32.7235 0 0 0 35.8913 17.4926 13.6649 0.227804 0 0 0
5000.00 1203.15 0.971383 1.989646 -8336.954783 0.250599 0.992269 (Ca0.00Mg0.31Fe''0.46Mn0.23Co0.00Ni0.00)2SiO4 32.7037 0 0 0 35.9396 17.5539 13.5801 0.222675 0 0 0
5000.00 1198.15 0.975326 1.993377 -8371.587579 0.251515 0.995667 (Ca0.00Mg0.31Fe''0.46Mn0.23Co0.00Ni0.00)2SiO4 32.6989 0 0 0 36.0385 17.4829 13.5624 0.217341 0 0 0
5000.00 1193.15 0.979234 1.996983 -8405.805865 0.252420 0.999014 (Ca0.00Mg0.31Fe''0.46Mn0.23Co0.00Ni0.00)2SiO4 32.6938 0 0 0 36.1375 17.4132 13.5434 0.212095 0 0 0
5000.00 1188.15 0.983106 2.000457 -8439.584359 0.253314 1.002307 (Ca0.00Mg0.31Fe''0.46Mn0.22Co0.00Ni0.00)2SiO4 32.6885 0 0 0 36.2366 17.3446 13.5234 0.206935 0 0 0
5000.00 1183.15 0.986938 2.003794 -8472.897319 0.254195 1.005543 (Ca0.00Mg0.31Fe''0.46Mn0.22Co0.00Ni0.00)2SiO4 32.6829 0 0 0 36.3358 17.2772 13.5021 0.201862 0 0 0

rhm-oxide_0 thermodynamic data and composition:
Pressure Temperature mass S H V Cp formula SiO2 TiO2 Al2O3 Fe2O3 FeO MnO MgO CaO Na2O K2O P2O5
5000.00 1398.15 0.420050 0.857927 -3081.317511 0.091946 0.386473 Mn0.05Fe''0.74Mg0.13Fe'''0.17Ti0.92O3 0 49.3625 0 9.02221 35.7104 2.40156 3.50326 0 0 0 0
5000.00 1393.15 0.643938 1.313318 -4718.484253 0.140806 0.592297 Mn0.06Fe''0.73Mg0.12Fe'''0.17Ti0.92O3 0 49.2985 0 9.04161 35.4535 2.84085 3.36553 0 0 0 0
5000.00 1388.15 0.814733 1.659269 -5965.151609 0.177983 0.749202 Mn0.07Fe''0.73Mg0.12Fe'''0.17Ti0.92O3 0 49.2405 0 9.06142 35.1756 3.27974 3.24274 0 0 0 0
5000.00 1383.15 1.300586 2.643495 -9528.758576 0.283948 1.194871 Mn0.08Fe''0.73Mg0.12Fe'''0.16Ti0.92O3 0 49.3696 0 8.73273 35.1614 3.60563 3.13067 0 0 0 0
5000.00 1378.15 1.594762 3.235202 -11695.713265 0.348045 1.464025 Mn0.08Fe''0.73Mg0.11Fe'''0.16Ti0.92O3 0 49.4831 0 8.46689 35.1645 3.82238 3.06309 0 0 0 0
5000.00 1373.15 1.585487 3.210717 -11633.546748 0.345947 1.455068 Mn0.08Fe''0.73Mg0.11Fe'''0.16Ti0.92O3 0 49.4975 0 8.43091 35.2291 3.78997 3.05251 0 0 0 0
5000.00 1368.15 1.575944 3.185736 -11569.310245 0.343792 1.445867 Mn0.08Fe''0.73Mg0.11Fe'''0.16Ti0.92O3 0 49.5119 0 8.39463 35.2938 3.75804 3.04165 0 0 0 0
5000.00 1363.15 1.566121 3.160237 -11502.907441 0.341576 1.436409 Mn0.08Fe''0.73Mg0.11Fe'''0.16Ti0.92O3 0 49.5264 0 8.35804 35.3585 3.7266 3.03051 0 0 0 0
5000.00 1358.15 1.556003 3.134196 -11434.235198 0.339297 1.426683 Mn0.08Fe''0.73Mg0.11Fe'''0.16Ti0.92O3 0 49.5409 0 8.32113 35.4232 3.69566 3.01909 0 0 0 0
5000.00 1353.15 1.545577 3.107586 -11363.182900 0.336950 1.416674 Mn0.08Fe''0.73Mg0.11Fe'''0.15Ti0.92O3 0 49.5555 0 8.28389 35.488 3.66522 3.00739 0 0 0 0
5000.00 1348.15 1.534826 3.080380 -11289.631706 0.334533 1.406370 Mn0.08Fe''0.74Mg0.11Fe'''0.15Ti0.92O3 0 49.5701 0 8.24631 35.5529 3.63529 2.9954 0 0 0 0
5000.00 1343.15 1.523732 3.052546 -11213.453706 0.332043 1.395754 Mn0.08Fe''0.74Mg0.11Fe'''0.15Ti0.92O3 0 49.5848 0 8.20839 35.6178 3.60589 2.98312 0 0 0 0
5000.00 1338.15 1.512279 3.024053 -11134.510977 0.329474 1.384810 Mn0.08Fe''0.74Mg0.11Fe'''0.15Ti0.92O3 0 49.5996 0 8.1701 35.6827 3.57703 2.97056 0 0 0 0
5000.00 1333.15 1.500446 2.994865 -11052.654504 0.326823 1.373521 Mn0.07Fe''0.74Mg0.11Fe'''0.15Ti0.92O3 0 49.6145 0 8.13144 35.7477 3.54871 2.9577 0 0 0 0
5000.00 1328.15 1.488210 2.964944 -10967.722954 0.324086 1.361866 Mn0.07Fe''0.74Mg0.11Fe'''0.15Ti0.92O3 0 49.6294 0 8.09239 35.8127 3.52095 2.94456 0 0 0 0
5000.00 1323.15 1.475550 2.934247 -10879.541285 0.321256 1.349825 Mn0.07Fe''0.74Mg0.11Fe'''0.15Ti0.92O3 0 49.6445 0 8.05295 35.8777 3.49376 2.93111 0 0 0 0
5000.00 1318.15 1.462440 2.902731 -10787.919142 0.318330 1.337376 Mn0.07Fe''0.74Mg0.11Fe'''0.15Ti0.93O3 0 49.6596 0 8.01308 35.9427 3.46716 2.91737 0 0 0 0
5000.00 1313.15 1.448851 2.870345 -10692.649025 0.315300 1.324493 Mn0.07Fe''0.75Mg0.11Fe'''0.15Ti0.93O3 0 49.6749 0 7.97279 36.0078 3.44117 2.90332 0 0 0 0
5000.00 1308.15 1.434755 2.837035 -10593.504151 0.312161 1.311150 Mn0.07Fe''0.75Mg0.11Fe'''0.15Ti0.93O3 0 49.6903 0 7.93204 36.0729 3.4158 2.88897 0 0 0 0
5000.00 1303.15 1.420116 2.802742 -10490.232024 0.308904 1.297315 Mn0.07Fe''0.75Mg0.11Fe'''0.15Ti0.93O3 0 49.7058 0 7.89082 36.138 3.39107 2.87431 0 0 0 0
5000.00 1298.15 1.401620 2.760933 -10358.308401 0.304809 1.279956 Mn0.07Fe''0.75Mg0.11Fe'''0.15Ti0.93O3 0 49.7222 0 7.84689 36.2029 3.36957 2.85843 0 0 0 0
5000.00 1293.15 1.320647 2.596290 -9764.064017 0.287111 1.205453 Mn0.07Fe''0.75Mg0.10Fe'''0.14Ti0.93O3 0 49.7545 0 7.76006 36.2624 3.39765 2.82539 0 0 0 0
5000.00 1288.15 1.240120 2.433137 -9172.670841 0.269521 1.131422 Mn0.07Fe''0.75Mg0.10Fe'''0.14Ti0.93O3 0 49.7871 0 7.67273 36.3213 3.4263 2.79256 0 0 0 0
5000.00 1283.15 1.160062 2.271518 -8584.295551 0.252045 1.057885 Mn0.07Fe''0.75Mg0.10Fe'''0.14Ti0.93O3 0 49.8201 0 7.58491 36.3795 3.45553 2.75994 0 0 0 0
5000.00 1278.15 1.080498 2.111478 -7999.103798 0.234687 0.984862 Mn0.07Fe''0.76Mg0.10Fe'''0.14Ti0.93O3 0 49.8535 0 7.49663 36.437 3.48534 2.72752 0 0 0 0
5000.00 1273.15 1.001449 1.953057 -7417.259906 0.217452 0.912377 Mn0.07Fe''0.76Mg0.10Fe'''0.14Ti0.93O3 0 49.8871 0 7.40791 36.4939 3.51574 2.69531 0 0 0 0
5000.00 1268.15 0.922940 1.796298 -6838.926574 0.200344 0.840448 Mn0.07Fe''0.76Mg0.10Fe'''0.14Ti0.93O3 0 49.9211 0 7.31879 36.5501 3.54674 2.6633 0 0 0 0
5000.00 1263.15 0.844993 1.641242 -6264.264583 0.183369 0.769097 Mn0.08Fe''0.76Mg0.10Fe'''0.14Ti0.93O3 0 49.9553 0 7.22929 36.6056 3.57834 2.63149 0 0 0 0
5000.00 1258.15 0.767630 1.487926 -5693.432501 0.166532 0.698344 Mn0.08Fe''0.76Mg0.10Fe'''0.13Ti0.93O3 0 49.9898 0 7.13943 36.6603 3.61055 2.59988 0 0 0 0
5000.00 1253.15 0.690873 1.336389 -5126.586400 0.149836 0.628209 Mn0.08Fe''0.76Mg0.10Fe'''0.13Ti0.93O3 0 50.0245 0 7.04926 36.7144 3.64337 2.56847 0 0 0 0
5000.00 1248.15 0.614743 1.186668 -4563.879575 0.133286 0.558710 Mn0.08Fe''0.76Mg0.09Fe'''0.13Ti0.93O3 0 50.0595 0 6.95879 36.7676 3.6768 2.53725 0 0 0 0
5000.00 1243.15 0.539261 1.038798 -4005.462271 0.116886 0.489866 Mn0.08Fe''0.76Mg0.09Fe'''0.13Ti0.94O3 0 50.0948 0 6.86806 36.8201 3.71086 2.50623 0 0 0 0
5000.00 1238.15 0.464447 0.892812 -3451.481419 0.100641 0.421696 Mn0.08Fe''0.77Mg0.09Fe'''0.13Ti0.94O3 0 50.1302 0 6.77709 36.8718 3.74554 2.47541 0 0 0 0
5000.00 1233.15 0.390321 0.748744 -2902.080378 0.084554 0.354217 Mn0.08Fe''0.77Mg0.09Fe'''0.13Ti0.94O3 0 50.1658 0 6.68593 36.9226 3.78085 2.44477 0 0 0 0
5000.00 1228.15 0.316903 0.606623 -2357.398696 0.068630 0.287445 Mn0.08Fe''0.77Mg0.09Fe'''0.12Ti0.94O3 0 50.2016 0 6.59459 36.9727 3.81679 2.41433 0 0 0 0
5000.00 1223.15 0.244209 0.466480 -1817.571868 0.052872 0.221397 Mn0.08Fe''0.77Mg0.09Fe'''0.12Ti0.94O3 0 50.2375 0 6.50311 37.0219 3.85337 2.38407 0 0 0 0
5000.00 1218.15 0.172259 0.328341 -1282.731117 0.037284 0.156089 Mn0.08Fe''0.77Mg0.09Fe'''0.12Ti0.94O3 0 50.2736 0 6.41153 37.0702 3.8906 2.354 0 0 0 0
5000.00 1213.15 0.101069 0.192233 -753.003183 0.021869 0.091535 Mn0.08Fe''0.77Mg0.09Fe'''0.12Ti0.94O3 0 50.3098 0 6.31987 37.1177 3.92846 2.32412 0 0 0 0
5000.00 1208.15 0.030655 0.058180 -228.510127 0.006631 0.027749 Mn0.08Fe''0.77Mg0.09Fe'''0.12Ti0.94O3 0 50.3461 0 6.22817 37.1643 3.96698 2.29442 0 0 0 0

clinopyroxene_0 thermodynamic data and composition:
Pressure Temperature mass S H V Cp structure formula SiO2 TiO2 Al2O3 Fe2O3 FeO MnO MgO CaO Na2O K2O P2O5
5000.00 1538.15 2.313110 5.599797 -29156.560429 0.718072 2.791063 cpx Na0.02Ca0.69Fe''0.19Mg0.98Fe'''0.03Ti0.01Al0.20Si1.89O6 51.746 0.30015 4.60152 1.14919 6.30353 0 17.9659 17.6832 0.250463 0 0
5000.00 1533.15 5.282159 12.760125 -66524.197857 1.637683 6.362751 cpx Na0.02Ca0.70Fe''0.20Mg0.96Fe'''0.03Ti0.01Al0.21Si1.88O6 51.5225 0.330927 4.82221 1.20284 6.39343 0 17.6628 17.8022 0.263063 0 0
5000.00 1528.15 8.119893 19.574998 -102166.577815 2.514240 9.765434 cpx Na0.02Ca0.70Fe''0.20Mg0.95Fe'''0.03Ti0.01Al0.22Si1.87O6 51.3032 0.362862 5.03991 1.25559 6.49961 0 17.3845 17.8786 0.275666 0 0
5000.00 1523.15 10.835894 26.070560 -136202.821880 3.350830 13.012028 cpx Na0.02Ca0.70Fe''0.20Mg0.93Fe'''0.04Ti0.01Al0.23Si1.87O6 51.0865 0.396094 5.25541 1.30771 6.61711 0 17.1231 17.9257 0.288375 0 0
5000.00 1518.15 13.439246 32.271022 -168747.627513 4.150380 16.114469 cpx Na0.02Ca0.70Fe''0.21Mg0.92Fe'''0.04Ti0.01Al0.24Si1.86O6 50.8716 0.43068 5.46901 1.35932 6.7431 0 16.8739 17.9511 0.301246 0 0
5000.00 1513.15 16.608672 39.836997 -208004.056871 5.121273 19.903036 cpx Na0.02Ca0.69Fe''0.22Mg0.92Fe'''0.04Ti0.01Al0.24Si1.86O6 50.776 0.458924 5.51329 1.39147 7.11143 0 16.8677 17.5712 0.309998 0 0
5000.00 1508.15 19.962349 47.847767 -249058.818389 6.144463 23.917560 cpx Na0.02Ca0.67Fe''0.23Mg0.93Fe'''0.04Ti0.01Al0.24Si1.86O6 50.7481 0.483263 5.44801 1.41346 7.65572 0 16.9951 16.9411 0.315262 0 0
5000.00 1503.15 23.007243 55.095261 -285939.790784 7.068614 27.552960 cpx Na0.02Ca0.64Fe''0.25Mg0.93Fe'''0.04Ti0.01Al0.23Si1.86O6 50.7011 0.510058 5.39188 1.43971 8.19548 0 17.0724 16.369 0.320273 0 0
5000.00 1498.15 25.757616 61.609059 -318904.481467 7.898775 30.823194 cpx Na0.02Ca0.63Fe''0.27Mg0.94Fe'''0.04Ti0.01Al0.23Si1.86O6 50.6348 0.540104 5.34675 1.47023 8.71119 0 17.0923 15.8791 0.325517 0 0
5000.00 1493.15 28.240787 67.453382 -348364.496749 8.644006 33.759909 cpx Na0.02Ca0.61Fe''0.28Mg0.94Fe'''0.04Ti0.02Al0.23Si1.86O6 50.5514 0.573615 5.31262 1.50448 9.19435 0 17.0587 15.4736 0.331254 0 0
5000.00 1488.15 29.070331 69.282439 -357659.003332 8.882843 34.684764 cpx Na0.02Ca0.61Fe''0.29Mg0.92Fe'''0.04Ti0.02Al0.23Si1.86O6 50.4072 0.627056 5.32371 1.55702 9.48026 0 16.8245 15.4374 0.342816 0 0
5000.00 1483.15 29.100553 69.176682 -357307.436946 8.877950 34.639920 cpx Na0.03Ca0.62Fe''0.30Mg0.91Fe'''0.04Ti0.02Al0.23Si1.85O6 50.23 0.694694 5.36018 1.61977 9.65828 0 16.4975 15.5819 0.357605 0 0
5000.00 1478.15 29.141345 69.094538 -357120.095179 8.876370 34.607354 cpx Na0.03Ca0.62Fe''0.30Mg0.89Fe'''0.05Ti0.02Al0.24Si1.85O6 50.0455 0.768512 5.40231 1.68437 9.82003 0 16.1692 15.7374 0.372743 0 0
5000.00 1473.15 29.198371 69.049433 -357163.021571 8.879781 34.593830 cpx Na0.03Ca0.63Fe''0.31Mg0.87Fe'''0.05Ti0.02Al0.24Si1.85O6 49.8535 0.848987 5.44985 1.75076 9.9666 0 15.8405 15.9016 0.388195 0 0
5000.00 1468.15 29.273024 69.044549 -357450.434061 8.888566 34.601016 cpx Na0.03Ca0.64Fe''0.31Mg0.86Fe'''0.05Ti0.03Al0.24Si1.84O6 49.6539 0.936513 5.50249 1.81875 10.0989 0 15.5127 16.0727 0.403907 0 0
5000.00 1463.15 29.363864 69.076341 -357962.423783 8.902254 34.627243 cpx Na0.03Ca0.65Fe''0.32Mg0.84Fe'''0.05Ti0.03Al0.24Si1.84O6 49.4471 1.03131 5.55977 1.88807 10.2179 0 15.187 16.2491 0.419793 0 0
5000.00 1458.15 29.467582 69.136930 -358656.860407 8.919829 34.668709 cpx Na0.03Ca0.66Fe''0.32Mg0.83Fe'''0.05Ti0.03Al0.25Si1.83O6 49.2336 1.13331 5.62088 1.9582 10.3248 0 14.8646 16.4288 0.43573 0 0
5000.00 1453.15 29.579573 69.215547 -359476.440431 8.939916 34.720224 cpx Na0.03Ca0.66Fe''0.33Mg0.81Fe'''0.06Ti0.03Al0.25Si1.83O6 49.0152 1.24187 5.68452 2.02832 10.421 0 14.5476 16.61 0.451536 0 0
5000.00 1448.15 29.694175 69.299170 -360351.414695 8.960865 34.775547 cpx Na0.03Ca0.67Fe''0.33Mg0.79Fe'''0.06Ti0.04Al0.25Si1.82O6 48.7948 1.35547 5.74849 2.0972 10.5087 0 14.2384 16.79 0.466939 0 0
5000.00 1443.15 29.804764 69.372848 -361200.691131 8.980799 34.827560 cpx Na0.03Ca0.68Fe''0.33Mg0.78Fe'''0.06Ti0.04Al0.26Si1.82O6 48.5774 1.47128 5.80956 2.16298 10.5911 0 13.9405 16.9657 0.481536 0 0
5000.00 1438.15 29.917125 69.447726 -362078.549555 9.001015 34.880812 cpx Na0.04Ca0.69Fe''0.33Mg0.76Fe'''0.06Ti0.04Al0.26Si1.81O6 48.351 1.59626 5.87288 2.22754 10.6687 0 13.6439 17.1445 0.495293 0 0
5000.00 1433.15 30.014473 69.487404 -362816.286842 9.017031 34.918532 cpx Na0.04Ca0.70Fe''0.34Mg0.75Fe'''0.06Ti0.05Al0.26Si1.81O6 48.1256 1.72375 5.93754 2.28702 10.7377 0 13.3601 17.321 0.507323 0 0
5000.00 1428.15 30.101276 69.502074 -363510.312802 9.030107 34.945757 cpx Na0.04Ca0.70Fe''0.34Mg0.73Fe'''0.07Ti0.05Al0.27Si1.80O6 47.8839 1.86339 6.02039 2.34429 10.7799 0 13.0844 17.5057 0.517936 0 0
5000.00 1423.15 30.181097 69.499572 -364228.634708 9.041183 34.966396 cpx Na0.04Ca0.71Fe''0.34Mg0.72Fe'''0.07Ti0.06Al0.27Si1.79O6 47.6144 2.02411 6.13022 2.40129 10.7835 0 12.8136 17.7049 0.527871 0 0
5000.00 1418.15 30.248751 69.468665 -364897.478745 9.048861 34.975329 cpx Na0.04Ca0.72Fe''0.34Mg0.71Fe'''0.07Ti0.06Al0.28Si1.78O6 47.3275 2.20182 6.25698 2.45487 10.7566 0 12.5534 17.9117 0.537089 0 0
5000.00 1413.15 30.299385 69.399430 -365441.969582 9.051948 34.968094 cpx Na0.04Ca0.73Fe''0.34Mg0.69Fe'''0.07Ti0.07Al0.28Si1.77O6 47.0382 2.38821 6.38892 2.50123 10.7107 0 12.3102 18.1174 0.54522 0 0
5000.00 1408.15 30.331436 69.289670 -365832.166704 9.050228 34.943895 cpx Na0.04Ca0.74Fe''0.34Mg0.68Fe'''0.07Ti0.07Al0.29Si1.77O6 46.7586 2.57534 6.51794 2.53789 10.6542 0 12.0887 18.3154 0.552019 0 0
5000.00 1403.15 30.346206 69.143616 -366075.179324 9.044283 34.904898 cpx Na0.04Ca0.75Fe''0.33Mg0.67Fe'''0.07Ti0.08Al0.30Si1.76O6 46.4972 2.75661 6.63917 2.56392 10.5926 0 11.8913 18.5016 0.557451 0 0
5000.00 1398.15 30.940947 70.385184 -373211.837799 9.224861 35.586773 cpx Na0.04Ca0.75Fe''0.34Mg0.67Fe'''0.07Ti0.07Al0.29Si1.77O6 46.7416 2.57117 6.49717 2.51462 10.7554 0 11.9451 18.4251 0.549869 0 0
5000.00 1393.15 31.239959 70.934144 -376934.474480 9.314259 35.917336 cpx Na0.04Ca0.75Fe''0.34Mg0.67Fe'''0.07Ti0.07Al0.29Si1.77O6 46.8391 2.49686 6.44301 2.4855 10.8177 0 11.9429 18.4277 0.547315 0 0
5000.00 1388.15 31.456165 71.292484 -379725.675424 9.378955 36.152972 cpx Na0.04Ca0.75Fe''0.34Mg0.67Fe'''0.07Ti0.07Al0.29Si1.77O6 46.9182 2.43731 6.40514 2.45952 10.8534 0 11.9396 18.4407 0.546113 0 0
5000.00 1383.15 31.807536 71.958992 -384043.729771 9.491009 36.563600 cpx Na0.04Ca0.74Fe''0.35Mg0.68Fe'''0.07Ti0.06Al0.27Si1.79O6 47.2998 2.22955 6.10893 2.30578 11.078 0 12.0791 18.3798 0.519022 0 0
5000.00 1378.15 31.934703 72.110792 -385831.890093 9.534053 36.710979 cpx Na0.04Ca0.74Fe''0.35Mg0.69Fe'''0.06Ti0.06Al0.26Si1.80O6 47.5529 2.10519 5.91215 2.19066 11.1913 0 12.1759 18.371 0.500948 0 0
5000.00 1373.15 31.879319 71.840925 -385539.735616 9.516199 36.628726 cpx Na0.04Ca0.75Fe''0.35Mg0.68Fe'''0.06Ti0.06Al0.26Si1.79O6 47.5299 2.12696 5.93956 2.17902 11.1308 0 12.1422 18.4474 0.504142 0 0
5000.00 1368.15 31.826152 71.576215 -385271.988510 9.498995 36.549087 cpx Na0.04Ca0.75Fe''0.35Mg0.68Fe'''0.06Ti0.06Al0.27Si1.79O6 47.5067 2.14906 5.96711 2.16722 11.0709 0 12.1089 18.5228 0.507325 0 0
5000.00 1363.15 31.775055 71.316294 -385027.019737 9.482397 36.471886 cpx Na0.04Ca0.75Fe''0.35Mg0.68Fe'''0.06Ti0.06Al0.27Si1.79O6 47.4832 2.17151 5.99482 2.15526 11.0115 0 12.076 18.5972 0.510497 0 0
5000.00 1358.15 31.725895 71.060822 -384803.323904 9.466364 36.396960 cpx Na0.04Ca0.76Fe''0.35Mg0.68Fe'''0.06Ti0.06Al0.27Si1.79O6 47.4593 2.19434 6.02271 2.14315 10.9525 0 12.0436 18.6707 0.513658 0 0
5000.00 1353.15 31.678546 70.809486 -384599.504902 9.450859 36.324156 cpx Na0.04Ca0.76Fe''0.34Mg0.68Fe'''0.06Ti0.06Al0.27Si1.79O6 47.4351 2.21757 6.0508 2.13089 10.894 0 12.0115 18.7434 0.51681 0 0
5000.00 1348.15 31.632892 70.561992 -384414.263164 9.435846 36.253333 cpx Na0.04Ca0.76Fe''0.34Mg0.67Fe'''0.06Ti0.06Al0.27Si1.79O6 47.4105 2.24124 6.07909 2.11849 10.8358 0 11.9797 18.8152 0.519952 0 0
5000.00 1343.15 31.588826 70.318064 -384246.384251 9.421292 36.184358 cpx Na0.04Ca0.76Fe''0.34Mg0.67Fe'''0.06Ti0.06Al0.27Si1.79O6 47.3854 2.26538 6.10762 2.10594 10.7781 0 11.9483 18.8862 0.523085 0 0
5000.00 1338.15 31.546247 70.077448 -384094.728568 9.407164 36.117106 cpx Na0.04Ca0.77Fe''0.34Mg0.67Fe'''0.06Ti0.07Al0.27Si1.79O6 47.3598 2.29001 6.13639 2.09326 10.7207 0 11.9171 18.9564 0.526208 0 0
5000.00 1333.15 31.505058 69.839900 -383958.222013 9.393434 36.051460 cpx Na0.04Ca0.77Fe''0.34Mg0.67Fe'''0.06Ti0.07Al0.27Si1.79O6 47.3337 2.31518 6.16543 2.08044 10.6636 0 11.8863 19.026 0.529323 0 0
5000.00 1328.15 31.465171 69.605193 -383835.847385 9.380074 35.987309 cpx Na0.04Ca0.77Fe''0.33Mg0.67Fe'''0.06Ti0.07Al0.28Si1.79O6 47.307 2.34093 6.19477 2.06748 10.6069 0 11.8556 19.0948 0.532429 0 0
5000.00 1323.15 31.426500 69.373108 -383726.636400 9.367057 35.924545 cpx Na0.04Ca0.78Fe''0.33Mg0.67Fe'''0.06Ti0.07Al0.28Si1.78O6 47.2797 2.3673 6.22441 2.0544 10.5504 0 11.8252 19.1631 0.535526 0 0
5000.00 1318.15 31.388965 69.143438 -383629.662191 9.354357 35.863069 cpx Na0.04Ca0.78Fe''0.33Mg0.66Fe'''0.06Ti0.07Al0.28Si1.78O6 47.2517 2.39433 6.2544 2.04119 10.4942 0 11.795 19.2307 0.538613 0 0
5000.00 1313.15 31.352487 68.915985 -383544.032138 9.341949 35.802781 cpx Na0.04Ca0.78Fe''0.33Mg0.66Fe'''0.06Ti0.07Al0.28Si1.78O6 47.2229 2.42207 6.28475 2.02786 10.4382 0 11.7649 19.2977 0.541691 0 0
5000.00 1308.15 31.316992 68.690557 -383468.880670 9.329809 35.743587 cpx Na0.04Ca0.78Fe''0.33Mg0.66Fe'''0.06Ti0.07Al0.28Si1.78O6 47.1933 2.45058 6.3155 2.0144 10.3824 0 11.7349 19.3642 0.544759 0 0
5000.00 1303.15 31.282404 68.466958 -383403.315583 9.317912 35.685390 cpx Na0.04Ca0.79Fe''0.33Mg0.66Fe'''0.06Ti0.07Al0.28Si1.78O6 47.1628 2.47991 6.34668 2.00083 10.3268 0 11.7051 19.4301 0.547815 0 0
5000.00 1298.15 31.217554 68.177410 -382960.485567 9.297104 35.593000 cpx Na0.04Ca0.79Fe''0.32Mg0.66Fe'''0.06Ti0.07Al0.28Si1.78O6 47.1374 2.50643 6.37354 1.98585 10.2749 0 11.6776 19.4937 0.550647 0 0
5000.00 1293.15 30.574960 66.634822 -375338.531742 9.106668 34.848889 cpx Na0.04Ca0.79Fe''0.32Mg0.66Fe'''0.06Ti0.07Al0.28Si1.78O6 47.2288 2.46321 6.30987 1.94646 10.2895 0 11.6938 19.519 0.549453 0 0
5000.00 1288.15 29.957631 65.152408 -368017.826220 8.923706 34.133930 cpx Na0.04Ca0.79Fe''0.33Mg0.66Fe'''0.05Ti0.07Al0.28Si1.79O6 47.319 2.42094 6.24661 1.90735 10.303 0 11.71 19.5449 0.548222 0 0
5000.00 1283.15 29.364167 63.726825 -360981.682989 8.747803 33.446510 cpx Na0.04Ca0.79Fe''0.33Mg0.66Fe'''0.05Ti0.07Al0.27Si1.79O6 47.4082 2.37956 6.18374 1.86851 10.3154 0 11.7262 19.5715 0.546951 0 0
5000.00 1278.15 28.793287 62.355013 -354214.876306 8.578582 32.785155 cpx Na0.04Ca0.79Fe''0.33Mg0.66Fe'''0.05Ti0.07Al0.27Si1.79O6 47.4964 2.33904 6.12123 1.82995 10.3266 0 11.7425 19.5986 0.545641 0 0
5000.00 1273.15 28.243819 61.034166 -347703.472498 8.415700 32.148513 cpx Na0.04Ca0.79Fe''0.33Mg0.66Fe'''0.05Ti0.07Al0.27Si1.79O6 47.5836 2.29936 6.05907 1.79168 10.3367 0 11.7588 19.6264 0.54429 0 0
5000.00 1268.15 27.714688 59.761703 -341434.684651 8.258837 31.535345 cpx Na0.04Ca0.79Fe''0.33Mg0.66Fe'''0.05Ti0.06Al0.27Si1.80O6 47.6699 2.26048 5.99724 1.75371 10.3458 0 11.7753 19.6547 0.5429 0 0
5000.00 1263.15 27.204901 58.535244 -335396.746591 8.107703 30.944506 cpx Na0.04Ca0.80Fe''0.33Mg0.66Fe'''0.05Ti0.06Al0.26Si1.80O6 47.7553 2.22237 5.93572 1.71604 10.3537 0 11.7919 19.6836 0.541468 0 0
5000.00 1258.15 26.713545 57.352588 -329578.803213 7.962028 30.374942 cpx Na0.04Ca0.80Fe''0.33Mg0.66Fe'''0.05Ti0.06Al0.26Si1.80O6 47.8398 2.18501 5.87451 1.67868 10.3605 0 11.8086 19.713 0.539994 0 0
5000.00 1253.15 26.239773 56.211694 -323970.814701 7.821562 29.825676 cpx Na0.04Ca0.80Fe''0.33Mg0.66Fe'''0.05Ti0.06Al0.26Si1.81O6 47.9234 2.14836 5.81358 1.64163 10.3661 0 11.8255 19.7429 0.538478 0 0
5000.00 1248.15 25.782800 55.110666 -318563.472616 7.686073 29.295798 cpx Na0.04Ca0.80Fe''0.33Mg0.67Fe'''0.05Ti0.06Al0.26Si1.81O6 48.0062 2.11242 5.75294 1.6049 10.3707 0 11.8426 19.7733 0.53692 0 0
5000.00 1243.15 25.341896 54.047736 -313348.126179 7.555348 28.784467 cpx Na0.04Ca0.80Fe''0.33Mg0.67Fe'''0.04Ti0.06Al0.25Si1.81O6 48.0883 2.07715 5.69256 1.56851 10.3741 0 11.8598 19.8042 0.535319 0 0
5000.00 1238.15 24.916381 53.021254 -308316.717289 7.429184 28.290894 cpx Na0.04Ca0.80Fe''0.33Mg0.67Fe'''0.04Ti0.06Al0.25Si1.81O6 48.1695 2.04253 5.63244 1.53245 10.3764 0 11.8773 19.8356 0.533676 0 0
5000.00 1233.15 24.505618 52.029677 -303461.723123 7.307394 27.814343 cpx Na0.04Ca0.80Fe''0.33Mg0.67Fe'''0.04Ti0.06Al0.25Si1.82O6 48.2501 2.00855 5.57258 1.49673 10.3776 0 11.895 19.8675 0.531988 0 0
5000.00 1228.15 24.109012 51.071558 -298776.105299 7.189804 27.354126 cpx Na0.04Ca0.80Fe''0.33Mg0.67Fe'''0.04Ti0.06Al0.24Si1.82O6 48.3298 1.97519 5.51297 1.46137 10.3777 0 11.9129 19.8998 0.530258 0 0
5000.00 1223.15 23.726006 50.145536 -294253.264735 7.076247 26.909595 cpx Na0.04Ca0.80Fe''0.33Mg0.67Fe'''0.04Ti0.06Al0.24Si1.82O6 48.4089 1.94242 5.4536 1.42636 10.3766 0 11.9311 19.9326 0.528483 0 0
5000.00 1218.15 23.356074 49.250330 -289887.001483 6.966569 26.480143 cpx Na0.04Ca0.81Fe''0.33Mg0.67Fe'''0.04Ti0.05Al0.24Si1.83O6 48.4872 1.91023 5.39446 1.39173 10.3744 0 11.9495 19.9658 0.526665 0 0
5000.00 1213.15 22.998723 48.384732 -285671.478922 6.860625 26.065195 cpx Na0.04Ca0.81Fe''0.33Mg0.67Fe'''0.04Ti0.05Al0.24Si1.83O6 48.5649 1.8786 5.33556 1.35747 10.3711 0 11.9682 19.9994 0.524803 0 0
5000.00 1208.15 22.653485 47.547600 -281601.191774 6.758276 25.664210 cpx Na0.04Ca0.81Fe''0.33Mg0.67Fe'''0.04Ti0.05Al0.23Si1.83O6 48.6419 1.84752 5.27689 1.3236 10.3666 0 11.9872 20.0334 0.522896 0 0
5000.00 1203.15 22.510786 47.140132 -280063.081641 6.716326 25.493422 cpx Na0.04Ca0.81Fe''0.33Mg0.67Fe'''0.04Ti0.05Al0.23Si1.83O6 48.7058 1.81522 5.24344 1.29948 10.3477 0 12.0018 20.0633 0.523325 0 0
5000.00 1198.15 22.520150 47.053329 -280430.425663 6.719727 25.495275 cpx Na0.04Ca0.81Fe''0.32Mg0.67Fe'''0.04Ti0.05Al0.23Si1.83O6 48.7593 1.78208 5.23 1.28287 10.3177 0 12.0126 20.0898 0.525648 0 0
5000.00 1193.15 22.529817 46.966616 -280802.812098 6.723214 25.497367 cpx Na0.04Ca0.81Fe''0.32Mg0.67Fe'''0.04Ti0.05Al0.23Si1.84O6 48.8121 1.74947 5.21709 1.26636 10.287 0 12.0234 20.1166 0.528027 0 0
5000.00 1188.15 22.539761 46.879928 -281179.898407 6.726780 25.499666 cpx Na0.04Ca0.81Fe''0.32Mg0.67Fe'''0.04Ti0.05Al0.23Si1.84O6 48.8642 1.71737 5.20469 1.24997 10.2555 0 12.0341 20.1436 0.530462 0 0
5000.00 1183.15 22.549953 46.793205 -281561.371890 6.730416 25.502142 cpx Na0.04Ca0.81Fe''0.32Mg0.68Fe'''0.03Ti0.05Al0.23Si1.84O6 48.9158 1.68577 5.1928 1.23368 10.2235 0 12.0447 20.1709 0.532955 0 0
