Title: Gale2013MORB-5

Phase Masses:
Pressure Temperature mass liquid_0 olivine_0 clinopyroxene_0 clinopyroxene_1 clinopyroxene_2 feldspar_0 rhm-oxide_0 whitlockite 
5000.00 1573.15 100.139008 100.139008 0.000000 0.000000 0.000000 0.000000 0.000000 0.000000 0.000000 
5000.00 1568.15 100.139154 100.139154 0.000000 0.000000 0.000000 0.000000 0.000000 0.000000 0.000000 
5000.00 1563.15 100.139306 100.139306 0.000000 0.000000 0.000000 0.000000 0.000000 0.000000 0.000000 
5000.00 1558.15 100.139462 100.139462 0.000000 0.000000 0.000000 0.000000 0.000000 0.000000 0.000000 
5000.00 1553.15 100.139625 100.139625 0.000000 0.000000 0.000000 0.000000 0.000000 0.000000 0.000000 
5000.00 1548.15 100.139792 100.139792 0.000000 0.000000 0.000000 0.000000 0.000000 0.000000 0.000000 
5000.00 1543.15 100.139965 100.139965 0.000000 0.000000 0.000000 0.000000 0.000000 0.000000 0.000000 
5000.00 1538.15 100.139774 97.826664 0.000000 2.313110 0.000000 0.000000 0.000000 0.000000 0.000000 
5000.00 1533.15 100.139641 94.857482 0.000000 5.282159 0.000000 0.000000 0.000000 0.000000 0.000000 
5000.00 1528.15 100.139696 92.019803 0.000000 8.119893 0.000000 0.000000 0.000000 0.000000 0.000000 
5000.00 1523.15 100.139926 89.304032 0.000000 10.835894 0.000000 0.000000 0.000000 0.000000 0.000000 
5000.00 1518.15 100.140317 86.701070 0.000000 13.439246 0.000000 0.000000 0.000000 0.000000 0.000000 
5000.00 1513.15 100.140000 81.157766 0.000000 16.608672 0.000000 0.000000 2.373562 0.000000 0.000000 
5000.00 1508.15 100.138962 73.913763 0.000000 19.962349 0.000000 0.000000 6.262850 0.000000 0.000000 
5000.00 1503.15 100.137808 67.160044 0.000000 23.007243 0.000000 0.000000 9.970521 0.000000 0.000000 
5000.00 1498.15 100.136635 60.940985 0.000000 25.757616 0.000000 0.000000 13.438034 0.000000 0.000000 
5000.00 1493.15 100.135510 55.259164 0.000000 28.240787 0.000000 0.000000 16.635559 0.000000 0.000000 
5000.00 1488.15 100.134519 50.025122 0.000000 29.070331 1.433921 0.000000 19.605145 0.000000 0.000000 
5000.00 1483.15 100.133677 45.241300 0.000000 29.100553 3.474699 0.000000 22.317125 0.000000 0.000000 
5000.00 1478.15 100.132956 40.869835 0.000000 29.141345 5.340756 0.000000 24.781020 0.000000 0.000000 
5000.00 1473.15 100.132345 36.847437 0.000000 29.198371 7.055311 0.000000 27.031226 0.000000 0.000000 
5000.00 1468.15 100.131832 33.124419 0.000000 29.273024 8.639121 0.000000 29.095267 0.000000 0.000000 
5000.00 1463.15 100.131400 29.660666 0.000000 29.363864 10.110573 0.000000 30.996295 0.000000 0.000000 
5000.00 1458.15 100.131025 26.423003 0.000000 29.467582 11.485538 0.000000 32.754902 0.000000 0.000000 
5000.00 1453.15 100.130672 23.383541 0.000000 29.579573 12.777085 0.000000 34.390474 0.000000 0.000000 
5000.00 1448.15 100.130287 20.518363 0.000000 29.694175 13.995274 0.000000 35.922476 0.000000 0.000000 
5000.00 1443.15 100.129791 17.807777 0.000000 29.804764 15.147204 0.000000 37.370046 0.000000 0.000000 
5000.00 1438.15 100.129051 15.150833 0.000000 29.917125 16.289437 0.000000 38.741982 0.000000 0.029674 
5000.00 1433.15 100.128186 12.720418 0.000000 30.014473 17.376319 0.000000 39.958246 0.000000 0.058731 
5000.00 1428.15 100.127519 10.673828 0.000000 30.101276 18.397144 0.000000 40.871450 0.000000 0.083821 
5000.00 1423.15 100.127212 9.045820 0.000000 30.181097 19.346362 0.000000 41.447482 0.000000 0.106452 
5000.00 1418.15 100.127063 7.734688 0.000000 30.248751 20.222305 0.000000 41.794023 0.000000 0.127295 
5000.00 1413.15 100.126835 6.650968 0.000000 30.299385 21.022125 0.000000 42.008003 0.000000 0.146354 
5000.00 1408.15 100.126385 5.744634 0.000000 30.331436 21.740786 0.000000 42.146093 0.000000 0.163435 
5000.00 1403.15 100.125660 4.986321 0.000000 30.346206 22.374860 0.000000 42.239898 0.000000 0.178375 
5000.00 1398.15 100.125264 3.694993 0.000000 30.940947 22.200529 0.000000 42.650585 0.420050 0.218161 
5000.00 1393.15 100.124639 2.927952 0.000000 31.239959 22.197196 0.000000 42.874852 0.643938 0.240743 
5000.00 1388.15 100.124003 2.366118 0.000000 31.456165 22.192114 0.000000 43.037401 0.814733 0.257472 
5000.00 1383.15 100.117169 0.856690 0.493153 31.807536 21.488379 0.000000 43.844497 1.300586 0.326329 
5000.00 1378.15 100.111851 0.000000 0.768087 31.934703 21.078338 0.000000 44.366546 1.594762 0.369416 
5000.00 1373.15 100.110942 0.000000 0.776294 31.879319 21.152660 0.000000 44.347765 1.585487 0.369416 
5000.00 1368.15 100.110028 0.000000 0.784456 31.826152 21.225280 0.000000 44.328780 1.575944 0.369416 
5000.00 1363.15 100.109111 0.000000 0.792569 31.775055 21.296366 0.000000 44.309584 1.566121 0.369416 
5000.00 1358.15 100.108191 0.000000 0.800629 31.725895 21.366078 0.000000 44.290169 1.556003 0.369416 
5000.00 1353.15 100.107267 0.000000 0.808634 31.678546 21.434568 0.000000 44.270527 1.545577 0.369416 
5000.00 1348.15 100.106339 0.000000 0.816579 31.632892 21.501978 0.000000 44.250648 1.534826 0.369416 
5000.00 1343.15 100.105407 0.000000 0.824460 31.588826 21.568449 0.000000 44.230524 1.523732 0.369416 
5000.00 1338.15 100.104472 0.000000 0.832274 31.546247 21.634113 0.000000 44.210144 1.512279 0.369416 
5000.00 1333.15 100.103532 0.000000 0.840016 31.505058 21.699100 0.000000 44.189497 1.500446 0.369416 
5000.00 1328.15 100.102588 0.000000 0.847683 31.465171 21.763538 0.000000 44.168571 1.488210 0.369416 
5000.00 1323.15 100.101641 0.000000 0.855269 31.426500 21.827551 0.000000 44.147355 1.475550 0.369416 
5000.00 1318.15 100.100688 0.000000 0.862770 31.388965 21.891264 0.000000 44.125834 1.462440 0.369416 
5000.00 1313.15 100.099731 0.000000 0.870182 31.352487 21.954801 0.000000 44.103994 1.448851 0.369416 
5000.00 1308.15 100.098770 0.000000 0.877498 31.316992 22.018289 0.000000 44.081820 1.434755 0.369416 
5000.00 1303.15 100.097803 0.000000 0.884716 31.282404 22.081855 0.000000 44.059296 1.420116 0.369416 
5000.00 1298.15 100.096772 0.000000 0.891757 31.217554 22.150954 0.031334 44.034137 1.401620 0.369416 
5000.00 1293.15 100.094620 0.000000 0.897259 30.574960 22.319703 0.646925 43.965711 1.320647 0.369416 
5000.00 1288.15 100.092483 0.000000 0.902595 29.957631 22.484995 1.240207 43.897519 1.240120 0.369416 
5000.00 1283.15 100.090362 0.000000 0.907768 29.364167 22.646866 1.812490 43.829593 1.160062 0.369416 
5000.00 1278.15 100.088257 0.000000 0.912782 28.793287 22.805352 2.364960 43.761962 1.080498 0.369416 
5000.00 1273.15 100.086168 0.000000 0.917638 28.243819 22.960489 2.898699 43.694659 1.001449 0.369416 
5000.00 1268.15 100.084098 0.000000 0.922341 27.714688 23.112310 3.414692 43.627711 0.922940 0.369416 
5000.00 1263.15 100.082045 0.000000 0.926892 27.204901 23.260852 3.913840 43.561151 0.844993 0.369416 
5000.00 1258.15 100.080011 0.000000 0.931295 26.713545 23.406149 4.396970 43.495007 0.767630 0.369416 
5000.00 1253.15 100.077997 0.000000 0.935552 26.239773 23.548236 4.864839 43.429309 0.690873 0.369416 
5000.00 1248.15 100.076003 0.000000 0.939668 25.782800 23.687147 5.318144 43.364086 0.614743 0.369416 
5000.00 1243.15 100.074030 0.000000 0.943644 25.341896 23.822918 5.757531 43.299365 0.539261 0.369416 
5000.00 1238.15 100.072079 0.000000 0.947484 24.916381 23.955582 6.183593 43.235176 0.464447 0.369416 
5000.00 1233.15 100.070150 0.000000 0.951191 24.505618 24.085176 6.596883 43.171545 0.390321 0.369416 
5000.00 1228.15 100.068243 0.000000 0.954768 24.109012 24.211735 6.997911 43.108500 0.316903 0.369416 
5000.00 1223.15 100.066360 0.000000 0.958218 23.726006 24.335292 7.387154 43.046065 0.244209 0.369416 
5000.00 1218.15 100.064501 0.000000 0.961544 23.356074 24.455885 7.765055 42.984268 0.172259 0.369416 
5000.00 1213.15 100.062666 0.000000 0.964750 22.998723 24.573549 8.132028 42.923132 0.101069 0.369416 
5000.00 1208.15 100.060856 0.000000 0.967838 22.653485 24.688319 8.488462 42.862682 0.030655 0.369416 
5000.00 1203.15 100.059629 0.000000 0.971383 22.510786 24.726261 8.657357 42.824428 0.000000 0.369416 
5000.00 1198.15 100.058846 0.000000 0.975326 22.520150 24.706253 8.684538 42.803163 0.000000 0.369416 
5000.00 1193.15 100.058065 0.000000 0.979234 22.529817 24.686919 8.710747 42.781932 0.000000 0.369416 
5000.00 1188.15 100.057287 0.000000 0.983106 22.539761 24.668250 8.736024 42.760732 0.000000 0.369416 
5000.00 1183.15 100.056512 0.000000 0.986938 22.549953 24.650237 8.760407 42.739562 0.000000 0.369416 
